代码	名称	涨幅%%	现价	涨跌	买价	卖价	总量	现量	涨速%%	换手%%	今开	最高	最低	昨收	市盈(动)	总金额	量比	细分行业	地区	振幅%%	均价	内盘	外盘	内外比	买量	卖量	未匹配量	流通股本(万)	
="300262"	巴安水务	6.55	21.95	1.35	21.94	21.95	291084	2487	0.41	         18.51	20.57	22.66	20.57	20.60	    70.01	645710528	  5.01	环境保护	上海	10.15	22.18	161389	129695	  1.24	20	2210	--  	      15727.58	
="600723"	首商股份	5.23	8.86	0.44	8.85	8.86	263340	5	0.45	          4.01	8.50	9.05	8.41	8.42	    20.91	230395168	  2.22	百货	北京	7.60	8.75	111732	151607	  0.74	5	527	--  	      65722.45	
="600804"	鹏博士	4.75	23.36	1.06	23.35	23.38	528491	77	0.08	          3.94	22.34	23.88	22.11	22.30	    57.75	1229731456	  1.14	电信运营	四川	7.94	23.27	245548	282942	  0.87	25	25	--  	     134194.16	
="600326"	西藏天路	4.60	8.86	0.39	8.86	8.87	288045	12	-0.11	          5.26	8.71	9.18	8.70	8.47	    71.28	257248080	  2.41	建筑施工	西藏	5.67	8.93	130337	157707	  0.83	5	573	--  	      54720.00	
="600201"	金宇集团	2.78	46.15	1.25	46.12	46.15	29652	1	-0.06	          1.06	45.64	47.30	45.64	44.90	    31.95	136928128	  1.33	生物制药	内蒙	3.70	46.18	17203	12448	  1.38	4	339	--  	      28081.49	
="000669"	金鸿能源	2.16	28.38	0.60	28.25	28.38	14215	365	0.63	          0.62	27.70	28.48	27.51	27.78	    43.99	40143712	  0.75	供气供热	吉林	3.49	28.24	5293	8921	  0.59	4	280	--  	      22855.91	
="000061"	农 产 品	2.09	12.70	0.26	12.70	12.71	242082	3776	0.39	          1.51	12.45	12.83	12.45	12.44	   270.01	307348256	  1.24	农业综合	深圳	3.05	12.70	101382	140699	  0.72	2394	2022	--  	     160569.73	
="000713"	丰乐种业	1.88	11.41	0.21	11.41	11.42	132762	3981	-0.08	          4.44	11.35	11.55	11.05	11.20	--  	150424960	  0.95	种植业	安徽	4.46	11.33	63489	69272	  0.92	437	435	--  	      29887.35	
="000758"	中色股份	1.79	15.37	0.27	15.36	15.37	609156	6346	-0.25	          6.76	15.38	16.14	15.36	15.10	   161.21	957649664	  1.69	铅锌	北京	5.17	15.72	293952	315204	  0.93	2233	2729	--  	      90156.15	
="000521"	美菱电器	1.71	6.53	0.11	6.52	6.53	241407	2186	0.00	          4.08	6.42	6.66	6.42	6.42	    15.64	158667904	  2.07	家用电器	安徽	3.74	6.57	121767	119639	  1.02	607	84	--  	      59107.98	
="601801"	皖新传媒	1.48	19.23	0.28	19.23	19.24	78318	50	0.10	          0.86	19.01	19.86	19.01	18.95	    22.95	152203856	  0.72	出版业	安徽	4.49	19.43	36277	42041	  0.86	196	1	--  	      91000.00	
="000550"	江铃汽车	1.21	38.36	0.46	38.36	38.38	20451	557	0.18	          0.40	37.78	38.43	37.51	37.90	    16.22	77692736	  1.09	汽车整车	江西	2.43	37.99	10166	10284	  0.99	12	28	--  	      51742.80	
="000999"	华润三九	1.05	24.12	0.25	24.11	24.12	76221	449	0.00	          0.78	23.89	24.41	23.55	23.87	    22.45	183223424	  0.76	中成药	深圳	3.60	24.04	35505	40716	  0.87	1	189	--  	      97774.22	
="002311"	海大集团	1.01	13.95	0.14	13.95	13.96	52404	386	0.00	          0.49	13.94	14.04	13.69	13.81	    20.75	72754496	  0.64	饲料	广东	2.53	13.88	30179	22225	  1.36	2361	1023	--  	     106940.92	
="300015"	爱尔眼科	0.91	32.25	0.29	32.25	32.26	64550	691	-0.27	          1.23	32.11	33.05	31.83	31.96	    62.00	210239008	  1.25	医疗保健	湖南	3.82	32.57	28040	36510	  0.77	6	4	--  	      52327.30	
="600690"	青岛海尔	0.81	19.95	0.16	19.94	19.95	261201	2	-0.20	          0.95	19.90	20.35	19.85	19.79	    10.81	525048288	  1.25	家用电器	山东	2.53	20.10	128735	132465	  0.97	89	34	--  	     273684.13	
="600268"	国电南自	0.76	8.00	0.06	7.99	8.00	153522	101	0.00	          2.42	7.90	8.24	7.86	7.94	--  	123776760	  0.89	电气设备	江苏	4.79	8.06	77141	76381	  1.01	273	68	--  	      63524.64	
="600459"	贵研铂业	0.71	19.79	0.14	19.77	19.80	43745	76	0.15	          1.68	19.57	20.00	19.55	19.65	    63.40	86448528	  0.49	小金属	云南	2.29	19.76	22772	20972	  1.09	23	14	--  	      26097.76	
="600272"	开开实业	0.61	16.51	0.10	16.56	16.58	76536	27	-0.48	          4.78	16.39	16.75	16.03	16.41	    68.77	126094720	  1.05	服饰	上海	4.39	16.48	27586	48949	  0.56	485	122	--  	      16000.00	
="600258"	首旅酒店	0.52	17.46	0.09	17.43	17.45	41359	5	-0.45	          1.79	17.58	18.08	17.31	17.37	    33.58	72908776	  0.72	酒店餐饮	北京	4.43	17.63	21893	19466	  1.12	30	5	--  	      23140.00	
="601010"	文峰股份	0.46	10.88	0.05	10.89	10.90	47633	13	0.09	          0.64	10.84	11.06	10.73	10.83	    18.56	51959252	  0.44	超市连锁	江苏	3.05	10.91	26817	20816	  1.29	117	157	--  	      73920.00	
="002301"	齐心集团	0.42	9.50	0.04	9.49	9.50	53051	449	0.00	          1.55	9.51	9.55	9.36	9.46	   168.25	50153396	  0.58	文教休闲	深圳	2.01	9.45	25235	27815	  0.91	1191	470	--  	      34120.00	
="601888"	中国国旅	0.41	46.07	0.19	46.09	46.10	41684	126	0.10	          0.43	45.88	46.39	44.80	45.88	    28.29	190792976	  0.90	旅游服务	北京	3.47	45.77	23030	18653	  1.23	6	68	--  	      97623.77	
="601678"	滨化股份	0.39	10.41	0.04	10.39	10.40	172170	358	0.00	          2.61	10.36	10.70	10.36	10.37	    16.32	181425120	  1.37	化工原料	山东	3.28	10.54	77437	94732	  0.82	841	62	--  	      66000.00	
="300217"	东方电热	0.33	12.15	0.04	12.14	12.15	97051	2042	-0.08	          4.51	12.11	12.36	11.92	12.11	    50.03	117750616	  0.49	电器仪表	江苏	3.63	12.13	52165	44886	  1.16	250	847	--  	      21497.27	
="600879"	航天电子	0.32	15.77	0.05	15.74	15.75	267416	37	0.12	          2.57	15.90	16.08	15.61	15.72	   107.61	424843712	  0.67	航空	湖北	2.99	15.89	118164	149251	  0.79	45	99	--  	     103953.70	
="600600"	青岛啤酒	0.32	41.27	0.13	41.27	41.30	38139	19	0.09	          0.55	41.25	41.68	41.11	41.14	    19.19	157952160	  0.79	啤酒	山东	1.39	41.41	19846	18293	  1.08	9	3	--  	      69591.35	
="600111"	北方稀土	0.30	26.35	0.08	26.33	26.34	544738	331	-0.07	          3.68	26.33	27.12	26.30	26.27	   120.61	1451335936	  0.78	小金属	内蒙	3.12	26.64	250090	294648	  0.85	453	14	--  	     147946.98	
="002375"	亚厦股份	0.23	21.61	0.05	21.61	21.62	120789	1364	0.13	          3.52	21.68	22.00	21.45	21.56	    19.77	262094880	  0.70	装修装饰	浙江	2.55	21.70	58507	62282	  0.94	100	162	--  	      34353.73	
="000690"	宝新能源	0.15	6.63	0.01	6.62	6.63	282492	2398	0.15	          1.65	6.63	6.76	6.59	6.62	    10.31	188096512	  0.70	火力发电	广东	2.57	6.66	172941	109551	  1.58	525	3653	--  	     171265.66	
="000665"	湖北广电	0.14	14.55	0.02	14.54	14.55	33082	1507	0.20	          1.74	14.54	14.75	14.38	14.53	    53.08	48267292	  1.30	影视音像	湖北	2.55	14.59	17572	15510	  1.13	7	160	--  	      18995.71	
="002332"	仙琚制药	0.09	11.01	0.01	11.01	11.02	67554	690	-0.09	          1.48	11.08	11.22	10.94	11.00	   102.46	75075328	  0.80	生物制药	浙江	2.55	11.11	29585	37968	  0.78	7	158	--  	      45613.12	
="600535"	天士力	0.09	44.30	0.04	44.27	44.30	64205	15	0.56	          0.62	44.55	44.87	43.67	44.26	    30.10	283762752	  0.66	中成药	天津	2.71	44.20	32953	31251	  1.05	45	41	--  	     103284.27	
="600858"	银座股份	0.00	9.83	0.00	--  	--  	0	0	0.00	          0.00	--  	--  	--  	9.83	    19.34	0	  0.00	百货	山东	0.00	9.83	0	0	--  	0	0	--  	      51754.80	
="600749"	西藏旅游	0.00	12.18	0.00	--  	--  	0	0	0.00	          0.00	--  	--  	--  	12.18	  1161.76	0	  0.00	旅游景点	西藏	0.00	12.18	0	0	--  	0	0	--  	      18913.78	
="600614"	鼎立股份	0.00	14.85	0.00	--  	--  	0	0	0.00	          0.00	--  	--  	--  	14.85	   380.46	0	  0.00	综合类	上海	0.00	14.85	0	0	--  	0	0	--  	      44675.94	
="600575"	皖江物流	0.00	4.11	0.00	--  	--  	0	0	0.00	          0.00	--  	--  	--  	4.11	--  	0	  0.00	水运	安徽	0.00	4.11	0	0	--  	0	0	--  	     142320.00	
="600365"	通葡股份	0.00	11.38	0.00	--  	--  	0	0	0.00	          0.00	--  	--  	--  	11.38	  5686.21	0	  0.00	红黄药酒	吉林	0.00	11.38	0	0	--  	0	0	--  	      14000.00	
="600318"	巢东股份	0.00	11.20	0.00	--  	--  	0	0	0.00	          0.00	--  	--  	--  	11.20	    17.93	0	  0.00	水泥	安徽	0.00	11.20	0	0	--  	0	0	--  	      24200.00	
="600103"	青山纸业	0.00	3.66	0.00	--  	--  	0	0	0.00	          0.00	--  	--  	--  	3.66	   601.14	0	  0.00	造纸	福建	0.00	3.66	0	0	--  	0	0	--  	     106184.15	
="600090"	啤酒花	0.00	8.13	0.00	--  	--  	0	0	0.00	          0.00	--  	--  	--  	8.13	    36.46	0	  0.00	啤酒	新疆	0.00	8.13	0	0	--  	0	0	--  	      36791.66	
="300251"	光线传媒	--  	26.93	--  	--  	--  	0	0	--  	          0.00	--  	--  	--  	26.93	   104.04	0	  0.00	影视音像	北京	0.00	26.93	0	0	--  	0	0	--  	      53120.28	
="300144"	宋城演艺	--  	30.12	--  	--  	--  	0	0	--  	          0.00	--  	--  	--  	30.12	    39.83	0	  0.00	旅游景点	浙江	0.00	30.12	0	0	--  	0	0	--  	      50614.17	
="300004"	南风股份	--  	48.67	--  	--  	--  	0	0	--  	          0.00	--  	--  	--  	48.67	   150.90	0	  0.00	电气设备	广东	0.00	48.67	0	0	--  	0	0	--  	      13747.54	
="002558"	世纪游轮	--  	31.65	--  	--  	--  	0	0	--  	          0.00	--  	--  	--  	31.65	   271.60	0	  0.00	旅游服务	重庆	0.00	31.65	0	0	--  	0	0	--  	       3244.39	
="002529"	海源机械	--  	15.03	--  	--  	--  	0	0	--  	          0.00	--  	--  	--  	15.03	--  	0	  0.00	专用机械	福建	0.00	15.03	0	0	--  	0	0	--  	      15608.25	
="002509"	天广消防	--  	12.27	--  	--  	--  	0	0	--  	          0.00	--  	--  	--  	12.27	    51.77	0	  0.00	专用机械	福建	0.00	12.27	0	0	--  	0	0	--  	      23109.89	
="002385"	大北农	--  	17.98	--  	--  	--  	0	0	--  	          0.00	--  	--  	--  	17.98	    50.41	0	  0.00	饲料	北京	0.00	17.98	0	0	--  	0	0	--  	      94184.88	
="002044"	江苏三友	--  	10.04	--  	--  	--  	0	0	--  	          0.00	--  	--  	--  	10.04	    43.13	0	  0.00	服饰	江苏	0.00	10.04	0	0	--  	0	0	--  	      22410.00	
="002006"	*ST精功	--  	8.75	--  	--  	--  	0	0	--  	          0.00	--  	--  	--  	8.75	--  	0	  0.00	工程机械	浙江	0.00	8.75	0	0	--  	0	0	--  	      43677.89	
="000978"	桂林旅游	--  	9.63	--  	--  	--  	0	0	--  	          0.00	--  	--  	--  	9.63	--  	0	  0.00	旅游景点	广西	0.00	9.63	0	0	--  	0	0	--  	      36010.00	
="000796"	易食股份	--  	7.23	--  	--  	--  	0	0	--  	          0.00	--  	--  	--  	7.23	    95.94	0	  0.00	食品	陕西	0.00	7.23	0	0	--  	0	0	--  	      24652.30	
="000533"	万 家 乐	0.00	5.30	0.00	5.29	5.30	111699	885	0.00	          1.63	5.32	5.37	5.28	5.30	    31.29	59543580	  0.68	家用电器	广东	1.70	5.33	63352	48346	  1.31	2086	94	--  	      68487.71	
="000514"	渝 开 发	--  	7.08	--  	--  	--  	0	0	--  	          0.00	--  	--  	--  	7.08	    36.98	0	  0.00	区域地产	重庆	0.00	7.08	0	0	--  	0	0	--  	      84377.09	
="000501"	鄂武商Ａ	-0.06	16.74	-0.01	16.74	16.75	44040	170	-0.23	          0.87	16.72	16.94	16.45	16.75	    13.14	73454552	  0.70	百货	湖北	2.93	16.68	23551	20489	  1.15	576	80	--  	      50718.42	
="600893"	中航动力	-0.13	31.22	-0.04	31.23	31.24	114398	11	0.12	          1.05	31.56	31.79	31.00	31.26	    98.06	359642144	  0.65	航空	陕西	2.53	31.44	61118	53280	  1.15	315	20	--  	     108622.39	
="002543"	万和电气	-0.16	12.27	-0.02	12.27	12.29	29406	528	0.00	          0.92	12.32	12.44	12.25	12.29	    17.87	36266048	  0.66	家用电器	广东	1.55	12.33	15582	13823	  1.13	44	260	--  	      31872.50	
="002436"	兴森科技	-0.19	36.63	-0.07	36.62	36.63	14147	55	0.05	          0.92	36.75	37.12	36.03	36.70	    59.55	51618100	  0.57	元器件	深圳	2.97	36.49	8912	5234	  1.70	37	0	--  	      15335.95	
="600276"	恒瑞医药	-0.20	40.71	-0.08	40.72	40.75	44025	17	-0.17	          0.29	40.97	41.38	40.20	40.79	    41.14	179212288	  0.66	化学制药	江苏	2.89	40.71	21111	22914	  0.92	5	1	--  	     149624.31	
="000731"	四川美丰	-0.21	9.42	-0.02	9.41	9.42	214207	2023	0.00	          3.62	9.47	9.64	9.37	9.44	--  	203574128	  0.92	农药化肥	四川	2.86	9.50	103897	110309	  0.94	419	1770	--  	      59134.76	
="000417"	合肥百货	-0.37	8.09	-0.03	8.09	8.10	69622	799	0.00	          0.89	8.11	8.19	8.02	8.12	    16.38	56410940	  0.45	百货	安徽	2.09	8.10	38866	30755	  1.26	1160	224	--  	      77859.75	
="002391"	长青股份	-0.45	17.76	-0.08	17.75	17.76	44208	903	-0.39	          2.86	17.87	18.09	17.68	17.84	    23.72	78854728	  0.56	农药化肥	江苏	2.30	17.84	26198	18010	  1.45	118	456	--  	      15483.11	
="002028"	思源电气	-0.50	14.06	-0.07	14.05	14.06	122764	2042	0.07	          2.63	14.13	14.31	14.02	14.13	    20.12	173899472	  0.57	电气设备	上海	2.05	14.17	66984	55780	  1.20	317	287	--  	      46646.76	
="600054"	黄山旅游	-0.54	16.45	-0.09	16.42	16.43	25894	5	0.24	          2.20	16.54	16.70	16.33	16.54	    27.23	42769324	  0.57	旅游景点	安徽	2.24	16.52	14139	11754	  1.20	44	11	--  	      11762.00	
="000799"	酒 鬼 酒	-0.56	15.95	-0.09	15.95	15.96	72753	889	-0.12	          3.24	16.00	16.28	15.94	16.04	--  	117249488	  0.68	白酒	湖南	2.12	16.12	37698	35054	  1.08	7	717	--  	      22420.16	
="000063"	中兴通讯	-0.72	19.18	-0.14	19.17	19.18	418523	4224	-0.05	          1.49	19.47	19.64	19.12	19.32	    27.00	808876864	  0.58	通信设备	深圳	2.69	19.33	221768	196755	  1.13	1835	964	--  	     280129.03	
="000826"	桑德环境	-0.73	28.75	-0.21	28.75	28.76	113921	2154	-0.06	          1.36	29.02	29.57	28.71	28.96	    35.51	332352416	  0.92	环境保护	湖北	2.97	29.17	57185	56736	  1.01	496	86	--  	      83933.35	
="002202"	金风科技	-0.81	14.67	-0.12	14.67	14.68	297437	3505	0.06	          1.39	14.78	15.03	14.60	14.79	    24.81	440726880	  0.58	电气设备	新疆	2.91	14.82	157722	139715	  1.13	1361	2936	--  	     213853.45	
="600637"	百视通	-0.82	39.72	-0.33	39.74	39.75	91762	1	-0.30	          0.82	40.50	40.69	39.71	40.05	    59.81	367652128	  0.46	影视音像	上海	2.45	40.07	49211	42550	  1.16	11	55	--  	     111373.60	
="600697"	欧亚集团	-0.85	29.11	-0.25	29.11	29.14	17139	17	0.03	          1.10	29.55	30.00	28.80	29.36	    18.76	50513280	  0.75	百货	吉林	4.09	29.47	10551	6587	  1.60	87	43	--  	      15515.59	
="002394"	联发股份	-0.92	11.90	-0.11	11.89	11.90	51079	1213	0.16	          1.58	12.06	12.07	11.83	12.01	    16.59	60982688	  0.55	纺织	江苏	2.00	11.94	31833	19245	  1.65	124	574	--  	      32370.00	
="002482"	广田股份	-1.20	18.10	-0.22	18.09	18.10	50248	656	-0.05	          1.11	18.50	18.50	17.98	18.32	    21.84	91370872	  0.63	装修装饰	深圳	2.84	18.18	27989	22259	  1.26	435	174	--  	      45321.30	
="600638"	新黄浦	-1.21	17.97	-0.22	17.84	17.85	103474	2	0.11	          1.84	18.15	18.48	17.84	18.19	   102.17	187143280	  0.84	区域地产	上海	3.52	18.09	36915	66559	  0.55	21	469	--  	      56116.39	
="600596"	新安股份	-1.42	11.07	-0.16	11.05	11.06	168204	35	-0.36	          2.48	11.19	11.33	11.06	11.23	    59.73	188152032	  0.47	农药化肥	浙江	2.40	11.19	83460	84743	  0.98	1077	1301	--  	      67918.46	
="000488"	晨鸣纸业	-1.48	6.66	-0.10	6.65	6.66	134666	955	0.00	          1.22	6.76	6.81	6.65	6.76	    28.35	90270104	  0.42	造纸	山东	2.37	6.70	79608	55057	  1.45	5971	1165	--  	     110503.72	
="000416"	民生控股	-1.55	10.17	-0.16	10.17	10.18	116681	879	0.00	          2.19	10.38	10.63	10.15	10.33	   162.85	121059472	  0.53	百货	山东	4.65	10.38	66163	50518	  1.31	2015	2685	--  	      53161.03	
="600180"	瑞茂通	-1.59	15.50	-0.25	15.50	15.60	71604	69	0.00	          2.77	15.90	15.94	15.41	15.75	    40.65	111595608	  0.46	仓储物流	山东	3.37	15.59	36937	34667	  1.07	413	356	--  	      25850.25	
="000737"	南风化工	-1.63	5.42	-0.09	5.42	5.43	160388	3685	-0.55	          2.92	5.53	5.59	5.41	5.51	--  	88577184	  0.48	日用化工	山西	3.27	5.52	84815	75572	  1.12	34	981	--  	      54873.12	
="002078"	太阳纸业	-1.75	4.48	-0.08	4.48	4.49	533859	3715	-0.44	          2.70	4.58	4.62	4.46	4.56	    24.61	241605472	  0.57	造纸	山东	3.51	4.53	298011	235848	  1.26	2304	5661	--  	     197669.13	
="600329"	中新药业	-1.78	16.02	-0.29	16.01	16.03	49165	169	0.18	          0.92	16.31	16.48	15.98	16.31	    34.59	79536136	  0.65	中成药	天津	3.07	16.18	29207	19957	  1.46	100	608	--  	      53620.37	
="002024"	苏宁云商	-1.83	10.70	-0.20	10.69	10.70	2406845	51767	-0.55	          4.87	10.79	11.04	10.70	10.90	--  	2612727040	  0.62	电器连锁	江苏	3.12	10.86	1242578	1164266	  1.07	3799	12798	--  	     494071.41	
="000860"	顺鑫农业	-1.84	20.25	-0.38	20.24	20.25	78203	649	-0.04	          1.78	20.67	20.94	20.12	20.63	    30.68	160163776	  0.75	农业综合	北京	3.97	20.48	49156	29047	  1.69	10	289	--  	      43852.50	
="002372"	伟星新材	-2.17	18.01	-0.40	18.00	18.01	30884	596	0.05	          0.79	18.19	18.35	17.66	18.41	    21.43	55244480	  0.98	其他建材	浙江	3.75	17.89	18596	12288	  1.51	5	12	--  	      38951.12	
="002064"	华峰氨纶	-2.22	11.91	-0.27	11.91	11.92	211338	2681	-0.08	          3.17	12.21	12.55	11.84	12.18	    24.82	257883248	  0.75	化纤	浙江	5.83	12.20	129727	81610	  1.59	496	926	--  	      66669.71	
="000619"	海螺型材	-2.33	9.65	-0.23	9.64	9.65	78382	1049	0.10	          2.18	9.87	9.97	9.62	9.88	    25.39	76623376	  0.90	其他建材	安徽	3.54	9.78	42910	35472	  1.21	121	359	--  	      36000.00	
="002155"	辰州矿业	-2.36	10.76	-0.26	10.76	10.77	195464	1302	-0.09	          1.96	10.81	11.02	10.75	11.02	    78.03	212174704	  0.65	黄金	湖南	2.45	10.85	109951	85512	  1.29	2511	456	--  	      99608.52	
="000530"	大冷股份	-2.56	12.16	-0.32	12.16	12.17	47928	1292	-0.73	          2.22	12.43	12.71	12.16	12.48	    33.17	59448656	  0.53	机械基件	辽宁	4.41	12.40	30355	17572	  1.73	14	476	--  	      21579.34	
="000030"	富奥股份	-2.67	8.75	-0.24	8.75	8.76	87995	1486	-0.11	          1.57	8.99	9.09	8.75	8.99	    17.89	78237920	  0.60	汽车配件	吉林	3.78	8.89	55383	32612	  1.70	10550	626	--  	      56056.17	
="600105"	永鼎股份	-2.75	9.54	-0.27	9.54	9.55	73046	30	0.10	          1.92	9.86	9.86	9.52	9.81	    21.51	70603352	  0.63	通信设备	江苏	3.47	9.67	43379	29666	  1.46	6	282	--  	      38095.46	
="601857"	中国石油	-2.84	11.64	-0.34	11.63	11.64	1413741	227	-0.51	          0.09	12.04	12.11	11.61	11.98	    16.64	1672654848	  0.62	石油开采	北京	4.17	11.83	740060	673680	  1.10	879	196	--  	   16192208.00	
="000498"	山东路桥	-2.90	6.02	-0.18	6.01	6.02	476705	10536	-1.14	         13.46	6.32	6.48	6.00	6.20	    35.90	296131520	  1.01	建筑施工	山东	7.74	6.21	254798	221906	  1.15	1265	18	--  	      35417.01	
="300197"	铁汉生态	-3.31	15.79	-0.54	15.78	15.79	103249	1137	-0.06	          3.52	16.34	16.38	15.78	16.33	    43.08	165176976	  0.85	环境保护	深圳	3.67	16.00	59859	43390	  1.38	347	465	--  	      29293.67	
="600312"	平高电气	-3.34	18.55	-0.64	18.53	18.54	171363	4	0.05	          2.09	19.21	19.35	18.53	19.19	    37.21	321798208	  0.59	电气设备	河南	4.27	18.78	99620	71743	  1.39	635	8	--  	      81896.61	
="000957"	中通客车	-3.35	15.85	-0.55	15.84	15.85	104387	1045	0.00	          4.38	16.20	16.40	15.72	16.40	    10.21	167167408	  1.01	汽车整车	山东	4.15	16.01	57336	47051	  1.22	493	513	--  	      23847.91	
="600695"	大江股份	-3.47	7.80	-0.28	7.78	7.79	153374	41	0.00	          4.65	8.08	8.14	7.78	8.08	--  	121862208	  0.39	食品	上海	4.46	7.95	92874	60499	  1.54	288	305	--  	      32957.28	
="601222"	林洋电子	-3.58	27.50	-1.02	27.50	27.51	12962	25	-0.10	          0.37	28.50	28.78	27.50	28.52	    29.02	36152344	  0.41	电器仪表	江苏	4.49	27.89	9467	3495	  2.71	239	133	--  	      35194.73	
="002239"	金 飞 达	-3.86	6.73	-0.27	6.72	6.73	136035	2921	-0.44	          3.22	6.98	7.04	6.70	7.00	   275.96	93529816	  0.68	服饰	江苏	4.86	6.88	85226	50808	  1.68	618	1976	--  	      42210.00	
="000581"	威孚高科	-3.98	29.46	-1.22	29.45	29.46	166688	823	-0.13	          2.46	30.90	30.96	29.38	30.68	    18.19	498739808	  1.10	汽车配件	江苏	5.15	29.92	84086	82601	  1.02	477	143	--  	      67848.32	
="002508"	老板电器	-4.65	39.00	-1.90	38.90	39.00	21287	88	-0.35	          0.68	40.79	41.20	38.51	40.90	    27.06	84451808	  1.22	家用电器	浙江	6.58	39.67	14909	6378	  2.34	30	31	--  	      31175.00	
="300313"	天山生物	-7.48	24.11	-1.95	24.10	24.11	42212	437	-0.08	         10.10	26.06	26.97	24.05	26.06	   263.21	107319536	  1.64	农业综合	新疆	11.20	25.42	24305	17907	  1.36	46	27	--  	       4177.81	
数据来源:通达信
