代码	名称	涨幅%%	现价	涨跌	买价	卖价	总量	现量	涨速%%	换手%%	今开	最高	最低	昨收	市盈(动)	总金额	量比	细分行业	地区	振幅%%	均价	内盘	外盘	内外比	买量	卖量	未匹配量	流通股本(万)	
="002024"	苏宁云商	9.97	10.26	0.93	10.26	--  	4733919	4043	0.00	          9.58	9.36	10.26	9.36	9.33	--  	4764077568	  2.62	电器连锁	江苏	9.65	10.06	3145886	1588032	  1.98	311745	0	--  	     494071.41	
="600981"	汇鸿股份	9.94	5.09	0.46	5.09	--  	3592	5	0.00	          0.07	5.09	5.09	5.09	4.63	   111.81	1828104	  0.14	商贸代理	江苏	0.00	5.09	3564	27	132.00	313403	0	--  	      51610.64	
="601010"	文峰股份	8.02	11.31	0.84	11.29	11.30	182561	5	-0.44	          2.47	10.52	11.52	10.41	10.47	    19.29	203770736	  1.79	超市连锁	江苏	10.60	11.16	73356	109205	  0.67	170	24	--  	      73920.00	
="600621"	华鑫股份	7.57	9.80	0.69	9.80	9.81	297071	38	-0.10	          5.67	9.10	9.98	9.05	9.11	    40.80	285111808	  1.92	全国地产	上海	10.21	9.60	130535	166536	  0.78	265	418	--  	      52408.23	
="000758"	中色股份	7.35	15.34	1.05	15.34	15.35	555682	5576	0.06	          6.16	14.29	15.36	14.26	14.29	   160.89	830342720	  1.68	铅锌	北京	7.70	14.94	242409	313272	  0.77	2018	1958	--  	      90156.15	
="000530"	大冷股份	5.62	12.60	0.67	12.59	12.60	124001	2880	0.47	          5.75	11.91	12.68	11.81	11.93	    34.37	153193872	  1.48	机械基件	辽宁	7.29	12.35	52283	71717	  0.73	10	489	--  	      21579.34	
="600312"	平高电气	5.60	19.60	1.04	19.59	19.60	383663	15	-0.05	          4.68	18.49	19.76	18.36	18.56	    39.32	737391616	  0.83	电气设备	河南	7.54	19.22	175820	207843	  0.85	5	290	--  	      81896.61	
="600642"	申能股份	5.56	6.45	0.34	6.45	6.46	923380	113	-0.15	          2.03	6.20	6.55	6.12	6.11	    15.48	583222528	  1.85	火力发电	上海	7.04	6.32	439430	483949	  0.91	945	8083	--  	     455203.84	
="600804"	鹏博士	5.47	22.75	1.18	22.73	22.75	480009	6	0.04	          3.58	21.37	23.30	21.37	21.57	    56.24	1089408256	  0.83	电信运营	四川	8.95	22.70	212779	267229	  0.80	800	481	--  	     134194.16	
="002078"	太阳纸业	5.20	4.45	0.22	4.44	4.45	1114788	4789	0.22	          5.64	4.24	4.49	4.23	4.23	    24.44	491651904	  2.25	造纸	山东	6.15	4.41	427402	687385	  0.62	3509	12796	--  	     197669.13	
="600618"	氯碱化工	5.13	9.63	0.47	9.63	9.64	111983	5	-0.51	          1.49	9.11	9.86	9.10	9.16	--  	105943712	  1.72	化工原料	上海	8.30	9.46	49518	62465	  0.79	118	377	--  	      74984.00	
="000690"	宝新能源	5.11	6.79	0.33	6.78	6.79	758126	4400	0.14	          4.43	6.47	6.85	6.45	6.46	    10.55	509876672	  2.19	火力发电	广东	6.19	6.73	367420	390705	  0.94	932	1167	--  	     171265.66	
="000401"	冀东水泥	5.06	12.24	0.59	12.24	12.25	239874	1629	0.24	          1.98	11.70	12.31	11.70	11.65	   596.42	288610624	  1.56	水泥	河北	5.24	12.03	110767	129107	  0.86	128	469	--  	     121233.36	
="600073"	上海梅林	4.93	9.79	0.46	9.78	9.79	373218	10	0.10	          4.54	9.39	9.85	9.33	9.33	    61.33	361040224	  2.22	食品	上海	5.57	9.67	166136	207082	  0.80	659	699	--  	      82273.52	
="600549"	厦门钨业	4.91	34.00	1.59	34.02	34.03	161236	2	0.20	          2.36	32.46	34.50	32.46	32.41	   100.03	543841088	  1.56	小金属	福建	6.29	33.73	69708	91528	  0.76	304	80	--  	      68198.00	
="600105"	永鼎股份	4.75	9.70	0.44	9.70	9.71	148198	83	0.10	          3.89	9.26	9.79	9.17	9.26	    21.87	140893184	  1.17	通信设备	江苏	6.70	9.51	66265	81932	  0.81	232	667	--  	      38095.46	
="603128"	华贸物流	4.60	15.47	0.68	15.47	15.48	87513	75	0.12	          5.47	14.80	15.49	14.41	14.79	    58.05	132272680	  1.57	仓储物流	上海	7.30	15.11	35421	52092	  0.68	107	1597	--  	      16000.00	
="600596"	新安股份	4.60	11.38	0.50	11.38	11.39	402290	163	0.79	          5.92	10.88	11.39	10.87	10.88	    61.41	451940288	  1.59	农药化肥	浙江	4.78	11.23	186262	216027	  0.86	60	8812	--  	      67918.46	
="600826"	兰生股份	4.58	23.06	1.01	23.05	23.07	76031	15	0.08	          1.81	21.91	23.34	21.90	22.05	   142.16	172107952	  1.01	商贸代理	上海	6.53	22.64	33269	42762	  0.78	158	22	--  	      42064.23	
="600111"	北方稀土	4.55	27.12	1.18	27.13	27.14	1110881	105	0.22	          7.51	26.12	27.48	25.95	25.94	   124.14	2989483008	  1.73	小金属	内蒙	5.90	26.91	499218	611663	  0.82	136	108	--  	     147946.98	
="600638"	新黄浦	4.47	19.39	0.83	19.39	19.40	144090	1	0.36	          2.57	18.60	19.56	18.21	18.56	   110.24	274504896	  0.86	区域地产	上海	7.27	19.05	59245	84844	  0.70	1298	1605	--  	      56116.39	
="000488"	晨鸣纸业	4.37	6.93	0.29	6.92	6.93	369251	9082	0.14	          3.34	6.73	6.93	6.69	6.64	    29.50	252718128	  0.83	造纸	山东	3.61	6.84	152884	216366	  0.71	4923	10193	--  	     110503.72	
="300202"	聚龙股份	4.35	30.69	1.28	30.68	30.69	31119	704	0.00	          0.57	29.41	30.79	29.41	29.41	   122.00	94255656	  1.08	专用机械	辽宁	4.69	30.29	10497	20622	  0.51	38	11	--  	      54950.39	
="000636"	风华高科	4.35	9.60	0.40	9.59	9.60	253086	3740	0.20	          3.77	9.21	9.65	9.15	9.20	   111.08	239935152	  2.06	元器件	广东	5.43	9.48	104563	148522	  0.70	1955	536	--  	      67093.63	
="002221"	东华能源	4.34	19.00	0.79	19.00	19.01	143819	1077	-0.26	          3.22	17.65	19.09	17.00	18.21	   216.22	257018016	  1.93	石油贸易	江苏	11.48	17.87	66914	76905	  0.87	341	57	--  	      44718.82	
="000957"	中通客车	4.29	16.04	0.66	16.04	16.05	116345	894	-0.06	          4.88	15.45	16.10	15.39	15.38	    10.34	183755856	  1.21	汽车整车	山东	4.62	15.79	48589	67755	  0.72	138	497	--  	      23847.91	
="300255"	常山药业	4.28	36.27	1.49	36.27	36.30	38011	88	0.05	          2.94	34.50	36.99	34.37	34.78	    70.65	136771696	  1.51	生物制药	河北	7.53	35.98	17250	20760	  0.83	40	71	--  	      12945.29	
="600196"	复星医药	4.15	23.11	0.92	23.11	23.12	461009	39	0.43	          2.42	22.18	23.14	22.06	22.19	    25.45	1045121472	  1.35	化学制药	上海	4.87	22.67	191552	269457	  0.71	233	82	--  	     190439.23	
="002064"	华峰氨纶	4.11	12.15	0.48	12.15	12.16	356703	4073	-0.32	          5.35	11.63	12.24	11.63	11.67	    25.32	429229952	  1.38	化纤	浙江	5.23	12.03	151610	205093	  0.74	646	2515	--  	      66669.71	
="600054"	黄山旅游	4.07	16.64	0.65	16.63	16.64	66334	8	0.06	          5.64	16.00	16.82	15.98	15.99	    27.55	109229472	  1.27	旅游景点	安徽	5.25	16.47	27967	38366	  0.73	38	2081	--  	      11762.00	
="000899"	赣能股份	4.04	7.72	0.30	7.72	7.73	196914	1096	-0.12	          3.55	7.42	7.76	7.34	7.42	    13.29	149807776	  1.37	火力发电	江西	5.66	7.61	87358	109555	  0.80	2158	878	--  	      55518.16	
="600535"	天士力	3.91	45.98	1.73	45.95	45.98	150534	32	-0.04	          1.46	44.43	46.60	44.39	44.25	    31.24	690585664	  1.19	中成药	天津	4.99	45.88	69297	81236	  0.85	33	81	--  	     103284.27	
="000999"	华润三九	3.64	25.03	0.88	25.03	25.04	131115	1247	0.16	          1.34	24.30	25.16	24.16	24.15	    23.29	324148256	  1.20	中成药	深圳	4.14	24.72	54265	76850	  0.71	189	4	--  	      97774.22	
="000063"	中兴通讯	3.56	20.38	0.70	20.38	20.39	893856	9638	-0.09	          3.19	19.86	20.45	19.84	19.68	    28.69	1804030592	  0.97	通信设备	深圳	3.10	20.18	407911	485944	  0.84	2019	2220	--  	     280129.03	
="300197"	铁汉生态	3.46	16.76	0.56	16.76	16.77	152438	2030	-0.23	          5.20	16.20	17.82	16.20	16.20	    45.73	259509328	  0.86	环境保护	深圳	10.00	17.02	81597	70841	  1.15	1783	225	--  	      29293.67	
="600805"	悦达投资	3.44	13.24	0.44	13.23	13.24	335897	10	-0.07	          3.96	12.78	13.37	12.74	12.80	    11.25	442381440	  0.83	综合类	江苏	4.92	13.17	151381	184515	  0.82	162	14	--  	      84920.21	
="000799"	酒 鬼 酒	3.42	16.62	0.55	16.62	16.63	148948	3202	0.30	          6.64	16.06	16.63	15.91	16.07	--  	244214176	  1.12	白酒	湖南	4.48	16.40	64294	84654	  0.76	1526	564	--  	      22420.16	
="002088"	鲁阳股份	3.39	13.73	0.45	13.73	13.74	117778	1508	-0.14	          5.85	13.27	13.77	13.22	13.28	    46.91	159194480	  2.80	矿物制品	山东	4.14	13.52	29328	88449	  0.33	121	461	--  	      20144.38	
="000040"	宝安地产	3.37	6.74	0.22	6.73	6.74	103182	854	0.14	          2.22	6.50	6.83	6.40	6.52	   165.88	68252624	  1.88	全国地产	深圳	6.60	6.61	53387	49795	  1.07	477	1131	--  	      46443.83	
="000726"	鲁  泰Ａ	3.33	11.48	0.37	11.47	11.48	133814	603	0.00	          2.38	11.09	11.56	11.05	11.11	    11.59	151554352	  1.15	纺织	山东	4.59	11.33	57208	76606	  0.75	20	249	--  	      56110.69	
="600272"	开开实业	3.32	16.80	0.54	16.78	16.80	123550	3	-0.11	          7.72	16.05	16.98	15.80	16.26	    69.98	203913008	  1.18	服饰	上海	7.26	16.50	43003	80546	  0.53	30	58	--  	      16000.00	
="000417"	合肥百货	3.30	8.15	0.26	8.14	8.15	162289	2509	0.12	          2.08	7.86	8.15	7.79	7.89	    16.50	129361344	  1.08	百货	安徽	4.56	7.97	73582	88707	  0.83	1102	435	--  	      77859.75	
="600278"	东方创业	3.24	13.69	0.43	13.70	13.71	155177	100	0.51	          2.97	13.24	13.70	13.01	13.26	    56.14	208186432	  1.87	商贸代理	上海	5.20	13.42	63776	91401	  0.70	113	34	--  	      52224.17	
="600085"	同仁堂	3.24	24.20	0.76	24.20	24.21	126181	7	0.12	          0.96	23.43	24.32	23.31	23.44	    41.07	301383200	  1.07	中成药	北京	4.31	23.89	53961	72219	  0.75	117	95	--  	     131123.06	
="002304"	洋河股份	3.17	78.78	2.42	78.71	78.78	28703	393	0.00	          0.33	76.36	79.00	74.96	76.36	    15.97	222607376	  0.63	白酒	江苏	5.29	77.55	12479	16224	  0.77	47	141	--  	      87925.92	
="601607"	上海医药	3.15	17.66	0.54	17.66	17.67	366363	127	0.22	          1.91	17.15	17.85	17.10	17.12	    18.62	638827520	  1.41	医药商业	上海	4.38	17.44	177714	188649	  0.94	10	604	--  	     192293.50	
="600141"	兴发集团	3.13	15.15	0.46	15.14	15.15	144090	5	-0.06	          3.54	14.69	15.17	14.69	14.69	    12.61	215577744	  1.27	化工原料	湖北	3.27	14.96	65570	78520	  0.84	140	965	--  	      40687.71	
="002033"	丽江旅游	3.09	16.37	0.49	16.36	16.37	116529	1279	0.00	          5.47	15.91	16.42	15.87	15.88	    21.28	188655376	  2.07	旅游景点	云南	3.46	16.19	40998	75531	  0.54	487	504	--  	      21294.63	
="000581"	威孚高科	3.07	31.54	0.94	31.53	31.54	168139	2350	-0.03	          2.48	30.50	31.62	30.03	30.60	    19.47	525026976	  1.00	汽车配件	江苏	5.20	31.23	67846	100292	  0.68	4	187	--  	      67848.32	
="000404"	华意压缩	3.03	7.81	0.23	7.81	7.82	142221	2534	0.25	          2.87	7.58	7.82	7.55	7.58	    20.36	109625824	  0.81	专用机械	江西	3.56	7.71	57653	84567	  0.68	2310	1966	--  	      49550.89	
="600448"	华纺股份	3.00	7.22	0.21	7.20	7.21	232913	191	-0.27	          7.28	7.00	7.38	6.86	7.01	   104.57	164717200	  1.99	纺织	山东	7.42	7.07	108829	124084	  0.88	349	84	--  	      31980.00	
="000876"	新 希 望	2.98	15.55	0.45	15.54	15.55	359215	7112	0.12	          2.08	15.10	15.56	15.01	15.10	    15.45	550043200	  0.89	饲料	四川	3.64	15.31	189647	169568	  1.12	3049	3424	--  	     172830.80	
="601678"	滨化股份	2.96	10.42	0.30	10.41	10.42	133954	45	-0.09	          2.03	10.08	10.45	10.07	10.12	    16.34	137858736	  1.12	化工原料	山东	3.75	10.29	56297	77657	  0.72	462	90	--  	      66000.00	
="000538"	云南白药	2.95	66.56	1.91	66.56	66.57	100931	852	0.12	          0.97	64.50	66.85	64.31	64.65	    26.73	667313088	  1.15	中成药	云南	3.93	66.12	44586	56344	  0.79	507	94	--  	     104136.53	
="601958"	金钼股份	2.91	9.90	0.28	9.89	9.90	210392	44	0.20	          0.65	9.59	9.93	9.50	9.62	   137.21	205925904	  0.79	小金属	陕西	4.47	9.79	108543	101849	  1.07	197	204	--  	     322660.44	
="000030"	富奥股份	2.81	9.15	0.25	9.14	9.15	102435	1623	0.21	          1.83	8.91	9.17	8.80	8.90	    18.71	92416752	  0.55	汽车配件	吉林	4.16	9.02	48286	54148	  0.89	475	600	--  	      56056.17	
="000572"	海马汽车	2.78	5.55	0.15	5.54	5.55	390056	5019	0.00	          2.38	5.40	5.57	5.38	5.40	    43.36	214659408	  1.26	汽车整车	海南	3.52	5.50	159089	230967	  0.69	2223	18130	--  	     164205.73	
="600859"	王府井	2.67	21.56	0.56	21.57	21.59	91487	10	-0.18	          1.98	21.00	21.66	20.82	21.00	    15.37	194329472	  1.16	百货	北京	4.00	21.24	45070	46417	  0.97	80	15	--  	      46276.80	
="000058"	深 赛 格	2.64	7.38	0.19	7.38	7.39	219513	1870	0.00	          4.08	7.13	7.48	7.12	7.19	    93.24	161996064	  1.09	元器件	深圳	5.01	7.38	104206	115306	  0.90	1277	441	--  	      53831.10	
="000619"	海螺型材	2.60	9.48	0.24	9.48	9.49	68252	1093	0.00	          1.90	9.22	9.49	9.19	9.24	    24.94	63573724	  0.83	其他建材	安徽	3.25	9.31	29585	38666	  0.77	543	1048	--  	      36000.00	
="600828"	成商集团	2.58	6.75	0.17	6.76	6.77	99671	62	0.14	          1.75	6.64	6.78	6.58	6.58	    16.36	66755912	  1.31	百货	四川	3.04	6.70	45356	54315	  0.84	118	618	--  	      56981.73	
="600893"	中航动力	2.56	32.43	0.81	32.44	32.46	220010	2	-0.12	          2.03	32.10	32.83	32.06	31.62	   101.86	714302976	  0.94	航空	陕西	2.44	32.47	102804	117206	  0.88	1	14	--  	     108622.39	
="000789"	万年青	2.56	13.24	0.33	13.23	13.24	92591	1500	0.15	          2.26	12.91	13.24	12.88	12.91	    10.83	121216912	  0.79	水泥	江西	2.79	13.09	40371	52220	  0.77	1222	404	--  	      40888.75	
="600723"	首商股份	2.52	8.53	0.21	8.52	8.53	145678	33	0.23	          2.22	8.32	8.54	8.20	8.32	    20.13	122517296	  1.38	百货	北京	4.09	8.41	56387	89291	  0.63	119	938	--  	      65722.45	
="002481"	双塔食品	2.50	19.26	0.47	19.25	19.26	31801	600	0.78	          0.85	18.79	19.28	18.55	18.79	    65.31	60065632	  0.72	食品	山东	3.89	18.89	14655	17145	  0.85	300	764	--  	      37455.17	
="600874"	创业环保	2.46	11.24	0.27	11.24	11.25	189934	1550	0.08	          1.75	10.93	11.27	10.82	10.97	    47.29	210624960	  0.69	环境保护	天津	4.10	11.09	79262	110672	  0.72	500	638	--  	     108722.84	
="600778"	友好集团	2.42	10.15	0.24	10.15	10.16	83128	7	0.09	          2.68	9.91	10.16	9.78	9.91	    29.52	83464464	  0.93	百货	新疆	3.83	10.04	34537	48590	  0.71	102	127	--  	      31031.28	
="600377"	宁沪高速	2.39	7.29	0.17	7.28	7.29	122790	100	0.13	          0.32	7.12	7.30	7.12	7.12	    13.32	88410232	  0.91	路桥	江苏	2.53	7.20	45533	77256	  0.59	1101	246	--  	     379798.13	
="000718"	苏宁环球	2.36	6.50	0.15	6.50	6.51	220068	4404	0.00	          1.50	6.37	6.56	6.32	6.35	   276.44	142661312	  0.96	区域地产	吉林	3.78	6.48	116349	103718	  1.12	310	3652	--  	     146984.73	
="000737"	南风化工	2.34	5.24	0.12	5.24	5.25	151210	3572	0.57	          2.76	5.11	5.26	5.11	5.12	--  	78508528	  1.24	日用化工	山西	2.93	5.19	68965	82245	  0.84	826	4301	--  	      54873.12	
="000729"	燕京啤酒	2.33	8.35	0.19	8.34	8.35	152746	2029	0.11	          0.61	8.19	8.38	8.11	8.16	    19.21	126130432	  0.77	啤酒	北京	3.31	8.26	66245	86501	  0.77	559	1627	--  	     250045.17	
="002394"	联发股份	2.30	12.48	0.28	12.48	12.49	105506	1630	-0.08	          3.26	12.24	12.52	12.08	12.20	    17.40	130396936	  0.69	纺织	江苏	3.61	12.36	42199	63306	  0.67	255	476	--  	      32370.00	
="002385"	大北农	2.24	16.40	0.36	16.39	16.40	289531	2173	0.12	          3.07	16.04	16.61	16.04	16.04	    45.98	473949216	  0.65	饲料	北京	3.55	16.37	114796	174735	  0.66	570	3023	--  	      94184.88	
="300067"	安诺其	2.24	13.71	0.30	13.71	13.72	219596	2173	-0.50	         11.59	13.44	14.25	13.24	13.41	    44.98	304531072	  0.92	染料涂料	上海	7.53	13.87	117931	101664	  1.16	1132	283	--  	      18947.48	
="600268"	国电南自	2.22	8.30	0.18	8.30	8.31	180711	43	0.00	          2.84	8.19	8.35	8.13	8.12	--  	149217072	  0.62	电气设备	江苏	2.71	8.26	92443	88267	  1.05	256	567	--  	      63524.64	
="002200"	云投生态	2.20	18.10	0.39	18.10	18.11	23206	285	0.00	          2.15	17.71	18.14	17.61	17.71	--  	41672196	  0.87	环境保护	云南	2.99	17.96	9229	13976	  0.66	185	374	--  	      10782.91	
="002543"	万和电气	2.18	12.65	0.27	12.64	12.65	44064	946	0.31	          1.38	12.39	12.65	12.38	12.38	    18.42	55159192	  0.55	家用电器	广东	2.18	12.52	19942	24122	  0.83	32	187	--  	      31872.50	
="000533"	万 家 乐	2.16	5.21	0.11	5.21	5.22	137764	2794	0.00	          2.01	5.11	5.21	5.07	5.10	    30.76	71025408	  0.81	家用电器	广东	2.75	5.16	54117	83647	  0.65	50	4652	--  	      68487.71	
="601857"	中国石油	2.11	13.09	0.27	13.09	13.10	2327076	646	-0.07	          0.14	12.68	13.20	12.54	12.82	    18.71	2977062400	  0.77	石油开采	北京	5.15	12.79	1113430	1213645	  0.92	3746	4	--  	   16192208.00	
="002436"	兴森科技	2.03	34.64	0.69	34.64	34.65	25050	327	-0.02	          1.63	34.12	34.79	33.82	33.95	    56.32	86125104	  0.82	元器件	深圳	2.86	34.38	11358	13691	  0.83	6	150	--  	      15335.95	
="002226"	江南化工	2.01	12.70	0.25	12.70	12.71	96438	1444	-0.07	          2.44	12.41	12.83	12.32	12.45	    23.90	121737448	  1.14	化工原料	安徽	4.10	12.62	40266	56172	  0.72	26	514	--  	      39550.44	
="002391"	长青股份	1.99	18.48	0.36	18.48	18.49	83920	655	0.05	          5.42	18.11	18.77	18.02	18.12	    24.68	155261392	  0.63	农药化肥	江苏	4.14	18.50	43468	40451	  1.07	142	528	--  	      15483.11	
="002372"	伟星新材	1.97	18.15	0.35	18.14	18.15	24945	932	0.05	          0.64	17.80	18.15	17.51	17.80	    21.60	44515016	  0.72	其他建材	浙江	3.60	17.85	10835	14109	  0.77	291	55	--  	      38951.12	
="002400"	省广股份	1.95	27.24	0.52	27.24	27.25	82272	1168	-0.03	          1.55	26.80	27.66	26.80	26.72	    48.15	224373648	  0.46	广告包装	广东	3.22	27.27	41017	41254	  0.99	41	530	--  	      53154.85	
="600089"	特变电工	1.92	13.30	0.25	13.29	13.30	1081492	1429	0.30	          3.42	13.05	13.32	12.95	13.05	    23.43	1421485312	  0.84	电气设备	新疆	2.84	13.14	493900	587591	  0.84	1642	39	--  	     316591.31	
="600691"	阳煤化工	1.80	5.66	0.10	5.66	5.67	283816	96	0.00	          3.14	5.53	5.69	5.49	5.56	--  	159170096	  0.66	农药化肥	四川	3.60	5.61	145170	138645	  1.05	1341	3316	--  	      90260.89	
="000501"	鄂武商Ａ	1.70	17.37	0.29	17.35	17.37	63859	460	0.17	          1.26	17.19	17.57	16.91	17.08	    13.63	110133968	  0.47	百货	湖北	3.86	17.25	31014	32845	  0.94	125	273	--  	      50718.42	
="002242"	九阳股份	1.66	12.27	0.20	12.27	12.28	91005	1669	0.08	          1.20	12.00	12.27	12.00	12.07	    16.17	111065976	  0.70	家用电器	山东	2.24	12.20	44581	46424	  0.96	2163	955	--  	      76095.00	
="600690"	青岛海尔	1.59	20.50	0.32	20.51	20.52	214317	50	0.24	          0.78	20.22	20.51	20.04	20.18	    11.11	434563200	  0.63	家用电器	山东	2.33	20.28	104382	109934	  0.95	708	455	--  	     273684.13	
="600998"	九州通	1.55	19.01	0.29	19.00	19.02	113750	7	0.26	          0.80	18.72	19.20	18.72	18.72	    79.21	215841584	  0.49	医药商业	湖北	2.56	18.98	65073	48677	  1.34	215	56	--  	     142051.56	
="000731"	四川美丰	1.55	9.19	0.14	9.18	9.19	199080	1716	0.32	          3.37	9.03	9.21	8.97	9.05	--  	180615008	  0.96	农药化肥	四川	2.65	9.07	112670	86409	  1.30	242	230	--  	      59134.76	
="600267"	海正药业	1.55	17.74	0.27	17.73	17.74	154304	224	0.16	          1.84	17.50	17.76	17.26	17.47	    56.58	270894528	  1.03	化学制药	浙江	2.86	17.56	75817	78486	  0.97	161	130	--  	      83970.90	
="600362"	江西铜业	1.50	18.29	0.27	18.27	18.28	340789	69	-0.21	          1.64	18.02	18.59	17.75	18.02	    20.43	623510016	  0.72	铜	江西	4.66	18.30	156382	184406	  0.85	196	48	--  	     207524.73	
="600143"	金发科技	1.47	6.89	0.10	6.89	6.90	459841	861	0.14	          1.80	6.74	6.90	6.72	6.79	    28.97	314412000	  0.89	塑料	广东	2.65	6.84	201381	258460	  0.78	0	3913	--  	     256000.00	
="600467"	好当家	1.45	7.00	0.10	6.99	7.00	204895	300	0.28	          2.80	6.87	7.00	6.84	6.90	   173.78	142386704	  0.63	渔业	山东	2.32	6.95	98164	106730	  0.92	39	1567	--  	      73049.71	
="002254"	泰和新材	1.44	12.69	0.18	12.69	12.70	107413	643	0.00	          2.11	12.52	12.93	12.44	12.51	    38.32	136515040	  0.58	化纤	山东	3.92	12.71	56010	51403	  1.09	144	102	--  	      50882.21	
="002155"	辰州矿业	1.39	11.64	0.16	11.64	11.65	243410	1858	0.00	          2.44	11.65	11.75	11.35	11.48	    84.42	282099520	  0.50	黄金	湖南	3.48	11.59	124134	119275	  1.04	1697	1234	--  	      99608.52	
="002233"	塔牌集团	1.36	9.66	0.13	9.66	9.67	100257	1452	0.10	          1.80	9.48	9.67	9.41	9.53	    13.13	95616184	  0.98	水泥	广东	2.73	9.54	50505	49751	  1.02	44	1295	--  	      55565.60	
="600277"	亿利能源	1.32	9.19	0.12	9.18	9.19	312748	50	-0.10	          1.50	9.15	9.24	9.07	9.07	    37.95	286347648	  0.97	化工原料	内蒙	1.87	9.16	128571	184177	  0.70	653	451	--  	     208958.95	
="002392"	北京利尔	1.31	13.90	0.18	13.89	13.90	146095	2192	0.21	          5.83	13.66	13.90	13.55	13.72	    31.76	201202192	  0.78	其他建材	北京	2.55	13.77	69814	76280	  0.92	909	1226	--  	      25068.18	
="601369"	陕鼓动力	1.24	8.97	0.11	8.97	8.98	162889	852	0.11	          0.99	8.85	8.98	8.69	8.86	    37.45	144156320	  0.89	机械基件	陕西	3.27	8.85	84036	78852	  1.07	342	763	--  	     163877.02	
="002028"	思源电气	1.24	14.68	0.18	14.68	14.69	211317	1836	0.13	          4.53	14.49	14.85	14.35	14.50	    21.01	308978112	  0.54	电气设备	上海	3.45	14.62	100944	110372	  0.91	917	712	--  	      46646.76	
="600106"	重庆路桥	1.22	5.80	0.07	5.79	5.80	232988	28	0.00	          2.57	5.67	5.84	5.63	5.73	    20.38	133650968	  0.78	路桥	重庆	3.66	5.74	113749	119239	  0.95	1581	500	--  	      90774.20	
="600879"	航天电子	1.19	16.10	0.19	16.10	16.11	302002	153	0.00	          2.91	16.10	16.34	15.93	15.91	   109.86	486604256	  0.51	航空	湖北	2.58	16.11	157182	144820	  1.09	19	234	--  	     103953.70	
="600814"	杭州解百	1.16	8.74	0.10	8.74	8.75	67904	5	0.34	          2.19	8.65	8.75	8.56	8.64	    25.59	58802676	  1.13	百货	浙江	2.20	8.66	36637	31267	  1.17	385	1047	--  	      31038.30	
="600372"	中航电子	1.14	29.27	0.33	29.30	29.31	179284	39	0.20	          1.02	29.21	29.62	28.93	28.94	   103.36	524455296	  0.51	航空	江西	2.38	29.25	91118	88166	  1.03	600	189	--  	     175916.30	
="002271"	东方雨虹	1.13	38.41	0.43	38.41	38.43	27519	197	-0.13	          1.26	37.79	38.70	37.17	37.98	    27.96	104020800	  0.74	其他建材	北京	4.03	37.80	13234	14285	  0.93	24	4	--  	      21825.31	
="300262"	巴安水务	1.08	20.64	0.22	20.63	20.64	46119	774	0.29	          2.93	20.26	20.67	20.26	20.42	    65.83	94504824	  0.57	环境保护	上海	2.01	20.49	21524	24594	  0.88	539	504	--  	      15727.58	
="600028"	中国石化	1.06	6.67	0.07	6.67	6.68	2819308	34	0.15	          0.30	6.58	6.70	6.52	6.60	    11.56	1861576448	  0.62	石油加工	北京	2.73	6.60	1377198	1442109	  0.95	5259	11936	--  	    9276696.00	
="002239"	金 飞 达	1.03	6.86	0.07	6.86	6.87	136264	2234	0.00	          3.23	6.80	6.93	6.77	6.79	   281.29	93179000	  0.52	服饰	江苏	2.36	6.84	71581	64682	  1.11	517	1392	--  	      42210.00	
="000713"	丰乐种业	1.00	11.10	0.11	11.10	11.11	81570	2502	0.27	          2.73	10.95	11.14	10.89	10.99	--  	90018232	  0.62	种植业	安徽	2.27	11.04	41746	39824	  1.05	1380	1099	--  	      29887.35	
="002672"	东江环保	0.96	36.89	0.35	36.89	36.90	15301	133	0.02	          1.21	36.66	37.20	36.45	36.54	    48.93	56290160	  0.77	环境保护	广东	2.05	36.79	6901	8399	  0.82	12	399	--  	      12657.33	
="000026"	飞亚达Ａ	0.92	12.08	0.11	12.07	12.08	74678	894	0.08	          2.40	11.95	12.14	11.84	11.97	    28.01	89549984	  0.62	其他商业	深圳	2.51	11.99	35188	39490	  0.89	213	100	--  	      31107.00	
="000537"	广宇发展	0.91	8.87	0.08	8.87	8.88	150381	1171	-0.22	          2.93	8.77	8.95	8.50	8.79	    13.87	132091416	  0.72	区域地产	天津	5.12	8.78	77338	73042	  1.06	1295	1463	--  	      51271.33	
="600761"	安徽合力	0.81	14.94	0.12	14.94	14.95	104801	27	0.00	          1.70	14.76	14.98	14.62	14.82	    14.28	154869888	  0.89	工程机械	安徽	2.43	14.78	54981	49819	  1.10	172	1277	--  	      61681.73	
="300070"	碧水源	0.80	36.73	0.29	36.72	36.73	83781	1298	0.00	          1.30	36.47	37.20	36.40	36.44	   176.53	307846336	  0.61	环境保护	北京	2.20	36.74	44870	38911	  1.15	1624	74	--  	      64693.33	
="600614"	鼎立股份	0.78	15.46	0.12	15.44	15.46	97050	773	-0.25	          2.17	15.26	15.51	15.20	15.34	   371.54	149224256	  0.77	综合类	上海	2.02	15.38	49392	47657	  1.04	310	149	--  	      44675.94	
="000723"	美锦能源	0.73	8.26	0.06	8.26	8.27	69213	683	0.48	          3.55	8.15	8.28	8.11	8.20	   510.80	56681100	  0.64	焦炭加工	山西	2.07	8.19	37149	32064	  1.16	399	21	--  	      19486.41	
="600326"	西藏天路	0.69	8.75	0.06	8.75	8.76	128465	25	0.22	          2.35	8.68	8.76	8.53	8.69	    70.40	110902360	  0.84	建筑施工	西藏	2.65	8.63	64643	63822	  1.01	1333	352	--  	      54720.00	
="600050"	中国联通	0.63	4.82	0.03	4.82	4.83	1701428	623	0.00	          0.80	4.78	4.84	4.75	4.79	    21.89	814861184	  0.55	电信运营	上海	1.88	4.79	881232	820196	  1.07	6673	15424	--  	    2119659.75	
="002332"	仙琚制药	0.61	11.47	0.07	11.46	11.47	100165	1003	0.08	          2.20	11.40	11.70	11.26	11.40	   106.74	114581168	  0.71	生物制药	浙江	3.86	11.44	55258	44906	  1.23	703	96	--  	      45613.12	
="600511"	国药股份	0.60	33.57	0.20	33.59	33.60	42174	2	-0.08	          1.52	33.41	33.88	33.10	33.37	    32.16	141307568	  0.50	医药商业	北京	2.34	33.51	21823	20350	  1.07	41	69	--  	      27764.33	
="000826"	桑德环境	0.51	29.64	0.15	29.64	29.65	134377	1823	0.06	          1.60	29.56	29.88	29.09	29.49	    36.61	395110848	  0.69	环境保护	湖北	2.68	29.40	67973	66404	  1.02	110	147	--  	      83933.35	
="600329"	中新药业	0.48	16.79	0.08	16.78	16.79	112570	7	0.00	          2.11	16.70	17.03	16.54	16.71	    36.25	188764736	  0.79	中成药	天津	2.93	16.77	61073	51496	  1.19	44	445	--  	      53343.37	
="000498"	山东路桥	0.37	5.37	0.02	5.37	5.38	130287	3176	0.18	          3.68	5.28	5.38	5.22	5.35	    32.02	69192312	  0.47	建筑施工	山东	2.99	5.31	71842	58444	  1.23	1517	1968	--  	      35417.01	
="600066"	宇通客车	0.31	26.12	0.08	26.12	26.14	110272	27	0.07	          0.89	26.28	26.66	25.79	26.04	    25.68	286993056	  0.76	汽车整车	河南	3.34	26.03	65150	45121	  1.44	15	139	--  	     124421.64	
="600201"	金宇集团	0.17	46.11	0.08	46.10	46.12	17912	13	-0.08	          0.64	46.06	47.19	45.88	46.03	    31.92	82780304	  0.45	生物制药	内蒙	2.85	46.22	10109	7802	  1.30	59	64	--  	      28081.49	
="000651"	格力电器	0.16	43.08	0.07	43.07	43.08	211869	1496	0.06	          0.71	43.39	43.54	42.80	43.01	     9.89	912503616	  0.60	家用电器	广东	1.72	43.07	121136	90733	  1.34	110	148	--  	     298621.16	
="000860"	顺鑫农业	0.14	20.89	0.03	20.88	20.89	76112	1270	-0.04	          1.74	20.74	20.98	20.66	20.86	    31.65	158567072	  0.40	农业综合	北京	1.53	20.83	41061	35050	  1.17	178	186	--  	      43852.50	
="000669"	金鸿能源	0.10	29.05	0.03	29.03	29.05	17825	230	0.51	          0.78	28.99	29.21	28.50	29.02	    45.03	51443092	  0.84	供气供热	吉林	2.45	28.86	9035	8789	  1.03	58	372	--  	      22855.91	
="300217"	东方电热	0.09	11.03	0.01	11.03	11.04	138550	1468	0.54	          6.45	10.87	11.10	10.82	11.02	    45.42	151567264	  0.81	电器仪表	江苏	2.54	10.94	76501	62049	  1.23	826	628	--  	      21497.27	
="002701"	奥瑞金	0.08	24.50	0.02	24.50	24.51	103059	921	0.12	          3.18	24.51	24.81	24.20	24.48	    16.86	252179056	  0.62	广告包装	北京	2.49	24.47	57084	45974	  1.24	813	919	--  	      32411.50	
="300004"	南风股份	0.02	47.99	0.01	47.98	47.99	29916	256	0.00	          2.18	48.78	49.30	46.80	47.98	   148.79	142747616	  1.34	电气设备	广东	5.21	47.72	16235	13680	  1.19	23	20	--  	      13747.54	
="600858"	银座股份	0.00	9.83	0.00	--  	--  	0	0	0.00	          0.00	--  	--  	--  	9.83	    19.34	0	  0.00	百货	山东	0.00	9.83	0	0	--  	0	0	--  	      51754.80	
="600749"	西藏旅游	0.00	12.18	0.00	--  	--  	0	0	0.00	          0.00	--  	--  	--  	12.18	  1161.76	0	  0.00	旅游景点	西藏	0.00	12.18	0	0	--  	0	0	--  	      18913.78	
="600575"	皖江物流	0.00	4.11	0.00	--  	--  	0	0	0.00	          0.00	--  	--  	--  	4.11	--  	0	  0.00	水运	安徽	0.00	4.11	0	0	--  	0	0	--  	     142320.00	
="600365"	通葡股份	0.00	11.38	0.00	--  	--  	0	0	0.00	          0.00	--  	--  	--  	11.38	  5686.21	0	  0.00	红黄药酒	吉林	0.00	11.38	0	0	--  	0	0	--  	      14000.00	
="600318"	巢东股份	0.00	11.20	0.00	--  	--  	0	0	0.00	          0.00	--  	--  	--  	11.20	    17.93	0	  0.00	水泥	安徽	0.00	11.20	0	0	--  	0	0	--  	      24200.00	
="600103"	青山纸业	0.00	3.66	0.00	--  	--  	0	0	0.00	          0.00	--  	--  	--  	3.66	   601.14	0	  0.00	造纸	福建	0.00	3.66	0	0	--  	0	0	--  	     106184.15	
="600090"	啤酒花	0.00	8.13	0.00	--  	--  	0	0	0.00	          0.00	--  	--  	--  	8.13	    36.46	0	  0.00	啤酒	新疆	0.00	8.13	0	0	--  	0	0	--  	      36791.66	
="600056"	中国医药	0.00	17.56	0.00	--  	--  	0	0	0.00	          0.00	--  	--  	--  	17.56	    31.65	0	  0.00	医药商业	北京	0.00	17.56	0	0	--  	0	0	--  	      88445.85	
="300313"	天山生物	--  	23.69	--  	--  	--  	0	0	--  	          0.00	--  	--  	--  	23.69	   258.62	0	  0.00	农业综合	新疆	0.00	23.69	0	0	--  	0	0	--  	       4177.81	
="300144"	宋城演艺	--  	30.12	--  	--  	--  	0	0	--  	          0.00	--  	--  	--  	30.12	    39.83	0	  0.00	旅游景点	浙江	0.00	30.12	0	0	--  	0	0	--  	      50614.17	
="002558"	世纪游轮	--  	31.65	--  	--  	--  	0	0	--  	          0.00	--  	--  	--  	31.65	   271.60	0	  0.00	旅游服务	重庆	0.00	31.65	0	0	--  	0	0	--  	       3244.39	
="002529"	海源机械	--  	15.03	--  	--  	--  	0	0	--  	          0.00	--  	--  	--  	15.03	--  	0	  0.00	专用机械	福建	0.00	15.03	0	0	--  	0	0	--  	      15608.25	
="002509"	天广消防	--  	12.27	--  	--  	--  	0	0	--  	          0.00	--  	--  	--  	12.27	    51.77	0	  0.00	专用机械	福建	0.00	12.27	0	0	--  	0	0	--  	      23109.89	
="002168"	深圳惠程	--  	10.13	--  	--  	--  	0	0	--  	          0.00	--  	--  	--  	10.13	--  	0	  0.00	电气设备	深圳	0.00	10.13	0	0	--  	0	0	--  	      56803.58	
="002044"	江苏三友	--  	10.04	--  	--  	--  	0	0	--  	          0.00	--  	--  	--  	10.04	    43.13	0	  0.00	服饰	江苏	0.00	10.04	0	0	--  	0	0	--  	      22410.00	
="002009"	天奇股份	--  	16.30	--  	--  	--  	0	0	--  	          0.00	--  	--  	--  	16.30	    47.89	0	  0.00	工程机械	江苏	0.00	16.30	0	0	--  	0	0	--  	      25991.22	
="002006"	*ST精功	--  	8.75	--  	--  	--  	0	0	--  	          0.00	--  	--  	--  	8.75	--  	0	  0.00	工程机械	浙江	0.00	8.75	0	0	--  	0	0	--  	      43677.89	
="000978"	桂林旅游	--  	9.63	--  	--  	--  	0	0	--  	          0.00	--  	--  	--  	9.63	--  	0	  0.00	旅游景点	广西	0.00	9.63	0	0	--  	0	0	--  	      36010.00	
="000796"	易食股份	--  	7.23	--  	--  	--  	0	0	--  	          0.00	--  	--  	--  	7.23	    95.94	0	  0.00	食品	陕西	0.00	7.23	0	0	--  	0	0	--  	      24652.30	
="000514"	渝 开 发	--  	7.08	--  	--  	--  	0	0	--  	          0.00	--  	--  	--  	7.08	    36.98	0	  0.00	区域地产	重庆	0.00	7.08	0	0	--  	0	0	--  	      84377.09	
="601888"	中国国旅	-0.50	47.55	-0.24	47.54	47.55	48880	14	0.74	          0.50	47.50	48.50	47.11	47.79	    29.20	232562944	  0.89	旅游服务	北京	2.91	47.58	26379	22501	  1.17	1	33	--  	      97623.77	
="000635"	英 力 特	-0.81	12.20	-0.10	12.19	12.20	73165	2002	0.16	          4.13	11.96	12.20	11.72	12.30	    35.09	87399312	  1.75	化工原料	宁夏	3.90	11.95	35852	37313	  0.96	461	584	--  	      17706.10	
="600015"	华夏银行	-0.92	12.94	-0.12	12.94	12.95	1006537	80	0.31	          1.55	12.97	13.05	12.65	13.06	     6.56	1288436224	  0.59	银行	北京	3.06	12.80	522027	484509	  1.08	664	6001	--  	     648768.69	
="601398"	工商银行	-1.00	4.93	-0.05	4.93	4.94	5326525	424	0.00	          0.20	4.97	4.99	4.84	4.98	     5.93	2614900736	  0.68	银行	北京	3.01	4.91	2487558	2838966	  0.88	8305	26134	--  	   26670016.00	
="000550"	江铃汽车	-1.04	38.10	-0.40	38.09	38.10	17899	305	0.02	          0.35	39.00	39.10	37.63	38.50	    16.11	68330848	  0.71	汽车整车	江西	3.82	38.18	8397	9502	  0.88	257	29	--  	      51742.80	
="600309"	万华化学	-1.31	22.61	-0.30	22.60	22.61	428667	29	0.31	          1.98	22.94	22.99	21.90	22.91	    17.48	958151488	  0.97	化工原料	山东	4.76	22.35	214036	214630	  1.00	833	1	--  	     216233.45	
="600695"	大江股份	-9.29	8.49	-0.87	8.50	8.51	647002	552	0.00	         19.63	8.98	8.98	8.42	9.36	--  	551687872	  2.73	食品	上海	5.98	8.53	271070	375932	  0.72	344	1188	--  	      32957.28	
数据来源:通达信
