代码	名称	涨幅%%	现价	涨跌	买价	卖价	总量	现量	涨速%%	换手%%	今开	最高	最低	昨收	市盈(动)	总金额	量比	细分行业	地区	振幅%%	均价	内盘	外盘	内外比	买量	卖量	未匹配量	流通股本(万)	
="601928"	凤凰传媒	10.03	11.74	1.07	11.74	--  	545962	2	0.00	          8.30	10.97	11.74	10.81	10.67	    30.51	619674944	  1.17	出版业	江苏	8.72	11.35	284176	261785	  1.09	86153	0	--  	      65788.35	
="300013"	新宁物流	10.01	11.21	1.02	11.21	--  	882	10	0.00	          0.05	11.21	11.21	11.21	10.19	   159.28	988834	  0.04	仓储物流	江苏	0.00	11.21	838	44	 19.05	43204	0	--  	      18000.00	
="000752"	西藏发展	9.99	15.63	1.42	15.63	--  	301898	2235	0.00	         11.45	14.21	15.63	14.06	14.21	   227.89	448758176	  2.41	啤酒	西藏	11.05	14.86	90382	211516	  0.43	1248	0	--  	      26375.01	
="002221"	东华能源	9.99	15.20	1.38	15.19	15.20	124897	741	0.00	          2.79	13.82	15.20	13.78	13.82	   172.97	182798032	  1.35	石油贸易	江苏	10.27	14.64	50997	73899	  0.69	956	974	--  	      44718.82	
="000539"	粤电力Ａ	9.34	7.14	0.61	7.13	7.14	486200	5652	0.14	          2.29	6.48	7.18	6.46	6.53	     9.28	332322272	  1.02	火力发电	广东	11.03	6.84	214875	271324	  0.79	321	480	--  	     212769.03	
="600009"	上海机场	9.06	19.98	1.66	19.99	20.00	465106	209	0.45	          4.25	18.51	19.99	18.45	18.32	    18.29	896632320	  1.22	机场	上海	8.41	19.28	193911	271195	  0.72	358	4117	--  	     109347.64	
="600036"	招商银行	8.28	14.12	1.08	14.12	14.14	5472090	546	0.78	          2.65	13.16	14.20	12.55	13.04	     5.83	7346901504	  0.90	银行	深圳	12.65	13.43	2656985	2815104	  0.94	769	401	--  	    2062894.50	
="000877"	天山股份	8.18	9.52	0.72	9.52	9.53	1176948	6267	-0.31	         13.37	9.04	9.63	8.80	8.80	    20.46	1089055488	  1.67	水泥	新疆	9.43	9.25	531115	645832	  0.82	208	817	--  	      88001.99	
="300027"	华谊兄弟	8.03	30.94	2.30	30.94	30.95	1136221	7000	-0.09	         13.27	29.00	31.20	28.72	28.64	    63.13	3454000128	  1.19	影视音像	浙江	8.66	30.40	539739	596481	  0.90	729	218	--  	      85615.11	
="000503"	海虹控股	7.70	27.71	1.98	27.71	27.72	220567	769	-0.25	          2.46	25.74	27.93	25.74	25.73	  7707.77	599801344	  0.78	互联网	海南	8.51	27.19	101226	119340	  0.85	1	6	--  	      89796.70	
="300072"	三聚环保	7.64	25.08	1.78	25.08	25.09	132661	1853	0.23	          2.89	23.28	25.53	23.26	23.30	    34.13	327729824	  0.81	化工原料	北京	9.74	24.70	61595	71065	  0.87	421	53	--  	      45855.16	
="601633"	长城汽车	7.51	41.54	2.90	41.53	41.56	85593	1	-0.14	          0.43	38.80	42.30	38.80	38.64	    16.97	347988416	  0.76	汽车整车	河北	9.06	40.66	31947	53645	  0.60	29	35	--  	     200924.30	
="300144"	宋城演艺	7.37	27.24	1.87	27.24	27.25	74394	643	-0.11	          3.80	25.40	27.56	25.40	25.37	    36.02	199155312	  1.17	旅游景点	浙江	8.51	26.77	33539	40854	  0.82	64	125	--  	      19553.75	
="000157"	中联重科	7.36	6.27	0.43	6.27	6.28	3360378	24118	0.00	          5.37	5.90	6.29	5.81	5.84	    36.23	2044608256	  0.89	工程机械	湖南	8.22	6.08	1563822	1796556	  0.87	4611	18713	--  	     626117.19	
="600970"	中材国际	7.29	11.33	0.77	11.33	11.34	611705	72	0.00	          5.60	10.70	11.44	10.56	10.56	    18.82	674378368	  0.96	建筑施工	江苏	8.33	11.02	274825	336880	  0.82	645	156	--  	     109329.72	
="000089"	深圳机场	7.24	6.37	0.43	6.37	6.38	560852	6761	0.47	          3.32	5.92	6.48	5.77	5.94	    42.13	342276608	  1.56	机场	深圳	11.95	6.10	287522	273329	  1.05	3020	560	--  	     169169.27	
="600639"	浦东金桥	7.10	16.74	1.11	16.71	16.76	221335	355	0.05	          3.37	16.61	17.00	15.75	15.63	    36.55	365197504	  0.82	园区开发	上海	8.00	16.50	103200	118135	  0.87	50	278	--  	      65664.88	
="600426"	华鲁恒升	7.07	10.30	0.68	10.29	10.30	520316	155	0.48	          5.46	9.62	10.33	9.62	9.62	    11.85	520802176	  1.00	农药化肥	山东	7.38	10.01	238034	282282	  0.84	62	4963	--  	      95362.50	
="600720"	祁连山	6.84	9.99	0.64	9.98	9.99	996519	128	0.10	         12.84	9.48	10.01	9.27	9.35	     9.16	970432192	  1.44	水泥	甘肃	7.91	9.74	469389	527130	  0.89	724	855	--  	      77616.27	
="002302"	西部建设	6.83	16.12	1.03	16.11	16.12	142861	2778	0.81	          5.27	15.12	16.13	14.90	15.09	    36.59	222217424	  1.04	水泥	新疆	8.15	15.55	66675	76185	  0.88	671	2287	--  	      27091.33	
="000789"	万年青	6.80	12.73	0.81	12.73	12.74	251688	2339	0.07	          6.16	12.30	13.11	12.00	11.92	    10.41	317155104	  1.06	水泥	江西	9.31	12.60	124827	126860	  0.98	641	319	--  	      40888.75	
="600655"	豫园商城	6.71	12.40	0.78	12.40	12.41	366255	135	0.24	          2.55	11.74	12.46	11.68	11.62	    22.90	444574048	  1.42	百货	上海	6.71	12.14	156190	210065	  0.74	246	2	--  	     143732.20	
="002271"	东方雨虹	6.60	33.90	2.10	33.89	33.90	69084	414	0.05	          3.17	31.67	34.00	31.00	31.80	    24.68	225433600	  1.25	其他建材	北京	9.43	32.63	27457	41626	  0.66	36	310	--  	      21825.31	
="600350"	山东高速	6.53	4.57	0.28	4.56	4.58	435654	338	0.00	          0.91	4.27	4.58	4.18	4.29	     9.57	192461664	  1.02	路桥	山东	9.32	4.42	206325	229328	  0.90	1066	5501	--  	     481116.59	
="600449"	宁夏建材	6.28	11.67	0.69	11.67	11.68	325094	6	-0.08	         12.96	11.15	11.75	10.90	10.98	    15.05	372336128	  1.30	水泥	宁夏	7.74	11.45	163676	161417	  1.01	211	533	--  	      25076.77	
="600489"	中金黄金	6.27	10.68	0.63	10.68	10.69	1506031	819	0.28	          5.12	10.60	10.88	10.29	10.05	    59.98	1597155456	  1.05	黄金	北京	5.87	10.61	689172	816859	  0.84	1829	2142	--  	     294322.88	
="000401"	冀东水泥	6.24	11.58	0.68	11.58	11.59	316342	1826	0.08	          2.61	10.89	11.68	10.52	10.90	   564.26	355072256	  0.73	水泥	河北	10.64	11.22	121272	195069	  0.62	789	944	--  	     121233.36	
="000069"	华侨城Ａ	6.09	6.97	0.40	6.97	6.98	1553984	7674	-0.14	          4.99	6.50	7.07	6.48	6.57	    13.51	1053384704	  0.58	旅游景点	深圳	8.98	6.78	706344	847640	  0.83	3107	1603	--  	     311246.41	
="000032"	深桑达Ａ	6.06	11.90	0.68	11.90	11.91	76943	480	-0.08	          3.30	11.11	12.19	11.11	11.22	--  	89653208	  1.04	元器件	深圳	9.63	11.65	35642	41300	  0.86	275	20	--  	      23282.71	
="601117"	中国化学	6.01	7.94	0.45	7.94	7.95	1482600	59	0.00	          3.01	7.46	7.98	7.45	7.49	    11.42	1145949824	  0.70	建筑施工	北京	7.08	7.73	674860	807740	  0.84	646	4109	--  	     493300.00	
="600690"	青岛海尔	6.01	19.41	1.10	19.39	19.40	732720	302	-0.05	          2.68	18.50	19.53	18.32	18.31	    10.52	1390641152	  0.83	家用电器	山东	6.61	18.98	297915	434804	  0.69	1660	2392	--  	     273684.13	
="600170"	上海建工	6.00	6.89	0.39	6.88	6.89	979263	128	0.14	          8.91	6.85	6.98	6.53	6.50	    17.66	664570176	  0.88	建筑施工	上海	6.92	6.79	450434	528829	  0.85	579	5597	--  	     109966.28	
="002220"	天宝股份	5.99	9.20	0.52	9.19	9.20	131114	2767	0.21	          3.37	8.68	9.23	8.68	8.68	    24.83	118127912	  1.40	食品	辽宁	6.34	9.01	60312	70802	  0.85	112	4203	--  	      38948.12	
="300068"	南都电源	5.94	11.24	0.63	11.23	11.24	255522	4196	0.35	          6.29	10.66	11.26	10.53	10.61	    45.61	281249024	  1.00	电气设备	浙江	6.88	11.01	115267	140254	  0.82	20	610	--  	      40610.39	
="600676"	交运股份	5.69	8.73	0.47	8.72	8.73	245991	21	-0.11	          3.15	8.25	8.75	8.21	8.26	    23.67	210623696	  1.40	汽车配件	上海	6.54	8.56	117240	128751	  0.91	390	128	--  	      78214.10	
="300090"	盛运股份	5.45	17.40	0.90	17.40	17.41	318551	2657	0.40	          8.49	16.20	17.89	14.85	16.50	    52.17	520417408	  2.22	专用机械	安徽	18.42	16.34	152236	166314	  0.92	848	294	--  	      37541.26	
="000338"	潍柴动力	5.43	26.00	1.34	26.00	26.01	557610	4192	0.15	          5.33	24.71	26.20	24.71	24.66	     8.77	1427449984	  0.82	汽车配件	山东	6.04	25.60	251553	306057	  0.82	1238	98	--  	     104608.49	
="600750"	江中药业	5.26	22.41	1.12	22.41	22.42	105610	2	-0.04	          3.52	21.32	22.57	21.00	21.29	    32.48	231825600	  0.86	中成药	江西	7.37	21.95	47890	57719	  0.83	5	300	--  	      30000.00	
="002461"	珠江啤酒	5.20	17.40	0.86	17.40	17.41	116396	1416	-0.17	          1.71	16.80	17.80	16.80	16.54	   147.92	200815232	  1.77	啤酒	广东	6.05	17.25	62570	53826	  1.16	2045	206	--  	      68016.17	
="000729"	燕京啤酒	5.14	7.78	0.38	7.78	7.79	239640	1503	0.12	          0.96	7.42	7.81	7.42	7.40	    17.89	183135216	  0.79	啤酒	北京	5.27	7.64	91935	147705	  0.62	197	1144	--  	     249943.92	
="600578"	京能电力	5.06	5.19	0.25	5.18	5.19	980389	125	0.19	          4.34	4.94	5.19	4.86	4.94	     8.38	497290560	  0.82	火力发电	北京	6.68	5.07	444419	535969	  0.83	4761	3691	--  	     225731.70	
="600795"	国电电力	5.03	3.55	0.17	3.55	3.56	7031685	1353	0.28	          4.57	3.36	3.58	3.30	3.38	     8.97	2422771968	  0.95	火力发电	辽宁	8.28	3.45	2995280	4036404	  0.74	8736	28526	--  	    1539514.88	
="000568"	泸州老窖	5.01	20.35	0.97	20.34	20.35	412452	3698	0.04	          2.95	19.47	20.50	19.21	19.38	    17.17	821355968	  0.68	白酒	四川	6.66	19.91	188416	224035	  0.84	1458	767	--  	     140022.59	
="002237"	恒邦股份	4.80	17.24	0.79	17.24	17.25	145087	1853	0.11	          3.63	17.00	17.28	16.66	16.45	    25.06	247812512	  0.73	黄金	山东	3.77	17.08	70266	74820	  0.94	205	491	--  	      40015.00	
="000758"	中色股份	4.72	13.98	0.63	13.98	13.99	340231	2436	0.14	          3.77	13.52	14.09	13.36	13.35	   146.63	468195392	  0.43	铅锌	北京	5.47	13.76	166450	173781	  0.96	476	877	--  	      90156.15	
="600085"	同仁堂	4.61	22.68	1.00	22.67	22.69	249744	8	0.30	          1.90	21.61	22.95	21.61	21.68	    38.49	557248768	  0.92	中成药	北京	6.18	22.31	109007	140736	  0.77	31	26	--  	     131114.31	
="600801"	华新水泥	4.54	9.68	0.42	9.69	9.70	484617	2	0.00	          4.99	9.27	9.79	9.11	9.26	    13.33	458413728	  0.97	水泥	湖北	7.34	9.46	224294	260323	  0.86	755	873	--  	      97167.99	
="600805"	悦达投资	4.49	12.11	0.52	12.10	12.11	474549	180	-0.16	          5.59	11.61	12.15	11.52	11.59	    10.29	568560064	  0.81	综合类	江苏	5.44	11.98	247156	227393	  1.09	1131	701	--  	      84920.21	
="002561"	徐家汇	4.46	13.11	0.56	13.10	13.11	79508	1041	0.22	          2.09	12.53	13.12	12.53	12.55	    22.56	102573992	  0.71	百货	上海	4.70	12.90	34927	44580	  0.78	458	127	--  	      37991.03	
="600486"	扬农化工	4.37	27.20	1.14	27.20	27.22	44779	1	0.07	          1.73	26.05	27.29	26.05	26.06	    16.61	120272128	  0.63	农药化肥	江苏	4.76	26.86	19141	25638	  0.75	108	134	--  	      25824.91	
="000423"	东阿阿胶	4.31	38.00	1.57	38.00	38.01	240758	856	0.00	          3.68	36.50	38.26	36.50	36.43	    20.19	911204416	  1.10	中成药	山东	4.83	37.85	106709	134049	  0.80	971	68	--  	      65377.33	
="600067"	冠城大通	4.29	7.54	0.31	7.52	7.53	404704	2	0.00	          3.40	7.09	7.62	6.96	7.23	    19.75	294212256	  0.64	全国地产	福建	9.13	7.27	193036	211667	  0.91	10	230	--  	     119055.79	
="601899"	紫金矿业	4.19	3.23	0.13	3.22	3.23	4532723	3528	0.00	          2.87	3.20	3.25	3.10	3.10	    26.63	1440435712	  0.65	黄金	福建	4.84	3.18	2110194	2422528	  0.87	17153	32888	--  	    1580380.38	
="600018"	上港集团	4.15	6.28	0.25	6.28	6.29	1563974	651	0.15	          0.69	6.01	6.34	6.00	6.03	    22.90	962238272	  0.65	港口	上海	5.64	6.15	664007	899967	  0.74	1927	6513	--  	    2275518.00	
="002692"	远程电缆	4.14	11.58	0.46	11.58	11.59	32023	322	-0.17	          2.97	11.15	11.67	11.11	11.12	    34.84	36759624	  0.61	电气设备	江苏	5.04	11.48	11931	20091	  0.59	148	100	--  	      10792.58	
="601333"	广深铁路	4.11	3.80	0.15	3.80	3.81	1423913	19	0.26	          2.52	3.64	3.82	3.61	3.65	    31.07	530546496	  0.71	铁路	深圳	5.75	3.73	610914	812999	  0.75	3579	10387	--  	     565223.69	
="601877"	正泰电器	4.09	32.57	1.28	32.55	32.56	41879	45	-0.24	          0.42	31.28	32.90	30.50	31.29	    18.68	134758704	  0.63	电气设备	浙江	7.67	32.18	21638	20240	  1.07	170	21	--  	     100825.57	
="601166"	兴业银行	4.06	13.32	0.52	13.32	13.33	5665051	322	0.15	          3.50	13.05	13.50	12.36	12.80	     4.97	7330250752	  0.74	银行	福建	8.91	12.94	2660331	3004719	  0.89	7832	1745	--  	    1617961.63	
="600000"	浦发银行	4.03	13.16	0.51	13.17	13.18	6202724	431	0.45	          4.16	12.70	13.25	12.21	12.65	     5.29	7901267968	  0.80	银行	上海	8.22	12.74	3009391	3193332	  0.94	48	3332	--  	    1492277.75	
="600377"	宁沪高速	3.96	6.83	0.26	6.82	6.83	164929	232	0.14	          0.43	6.60	6.86	6.51	6.57	    12.48	110338696	  0.67	路桥	江苏	5.33	6.69	85350	79579	  1.07	749	1862	--  	     379275.53	
="601339"	百隆东方	3.88	10.97	0.41	10.95	10.96	90335	10	0.18	          4.70	10.55	11.02	10.49	10.56	    15.48	97925928	  0.97	纺织	浙江	5.02	10.84	49841	40493	  1.23	2	14	--  	      19200.00	
="000726"	鲁  泰Ａ	3.86	11.03	0.41	11.03	11.04	181725	922	-0.18	          3.24	10.70	11.15	10.51	10.62	    11.13	197210208	  0.98	纺织	山东	6.03	10.85	89111	92613	  0.96	956	94	--  	      56110.69	
="000581"	威孚高科	3.74	29.11	1.05	29.11	29.12	255384	1063	-0.03	          3.76	28.49	29.55	28.23	28.06	    17.97	738411456	  1.21	汽车配件	江苏	4.70	28.91	103652	151732	  0.68	405	60	--  	      67848.32	
="600016"	民生银行	3.72	8.64	0.31	8.63	8.64	11215432	1468	0.11	          4.14	8.39	8.75	7.96	8.33	     6.00	9392618496	  0.74	银行	北京	9.48	8.37	5467723	5747708	  0.95	4654	1329	--  	    2710607.50	
="000988"	华工科技	3.62	13.16	0.46	13.16	13.17	208064	6208	0.38	          2.33	12.65	13.17	12.56	12.70	    59.58	268332944	  0.64	电器仪表	湖北	4.80	12.90	100654	107410	  0.94	80	1325	--  	      89111.65	
="600196"	复星医药	3.59	21.91	0.76	21.90	21.91	351789	67	0.22	          1.85	21.20	22.14	21.05	21.15	    24.12	761351424	  0.61	化学制药	上海	5.15	21.64	164709	187079	  0.88	5	546	--  	     190439.23	
="002378"	章源钨业	3.56	25.05	0.86	25.05	25.06	63364	563	-0.19	          1.48	24.18	25.45	23.43	24.19	   144.37	154749408	  0.48	小金属	江西	8.35	24.42	32246	31117	  1.04	699	72	--  	      42821.35	
="600098"	广州发展	3.55	7.59	0.26	7.60	7.61	319413	40	-0.13	          1.31	7.33	7.67	7.11	7.33	    15.38	238352512	  0.69	火力发电	广东	7.64	7.46	144613	174799	  0.83	221	1218	--  	     243737.45	
="600642"	申能股份	3.52	5.88	0.20	5.87	5.88	867937	117	0.00	          1.91	5.68	5.89	5.60	5.68	    14.11	500356576	  0.74	火力发电	上海	5.11	5.76	390406	477531	  0.82	1904	63	--  	     455203.84	
="600673"	东阳光科	3.49	17.21	0.58	17.20	17.21	137101	10	0.34	          1.67	16.50	17.27	16.40	16.63	   109.38	231553968	  0.61	铝	广东	5.23	16.89	71986	65115	  1.11	120	19	--  	      82261.22	
="002011"	盾安环境	3.47	10.44	0.35	10.43	10.44	488636	2749	0.19	          5.83	10.06	10.78	9.99	10.09	    57.72	509974944	  0.88	工程机械	浙江	7.83	10.44	247453	241183	  1.03	386	534	--  	      83800.65	
="600497"	驰宏锌锗	3.46	12.25	0.41	12.25	12.26	325577	257	0.00	          1.95	11.90	12.29	11.73	11.84	   100.20	393344832	  0.42	铅锌	云南	4.73	12.08	148520	177057	  0.84	148	1186	--  	     166756.09	
="000725"	京东方Ａ	3.29	3.14	0.10	3.13	3.14	6446561	41014	0.31	          5.60	3.01	3.15	2.94	3.04	    44.81	1958131840	  0.74	元器件	北京	6.91	3.04	2677544	3769016	  0.71	35135	21883	--  	    1150574.38	
="000926"	福星股份	3.25	9.84	0.31	9.84	9.85	347456	2457	0.20	          6.57	9.53	9.86	9.34	9.53	     9.07	333702592	  0.70	区域地产	湖北	5.46	9.60	172325	175130	  0.98	3522	3171	--  	      52853.94	
="601600"	中国铝业	3.25	5.08	0.16	5.08	5.09	2102860	1432	0.79	          2.19	4.92	5.09	4.78	4.92	--  	1038515712	  0.68	铝	北京	6.30	4.94	921649	1181211	  0.78	1766	6363	--  	     958052.19	
="600483"	福能股份	3.24	10.21	0.32	10.20	10.21	48857	5	-0.09	          1.69	9.68	10.28	9.68	9.89	    17.90	49383112	  0.56	火力发电	福建	6.07	10.11	21052	27804	  0.76	173	140	--  	      28848.36	
="600015"	华夏银行	3.23	11.17	0.35	11.16	11.17	2803765	261	-0.44	          4.32	10.90	11.37	10.28	10.82	     5.66	3030242816	  0.83	银行	北京	10.07	10.81	1370003	1433761	  0.96	788	41	--  	     648768.69	
="600864"	哈投股份	3.22	11.54	0.36	11.53	11.54	262223	70	-0.34	          4.80	11.55	11.80	11.10	11.18	   145.19	299947136	  0.58	火力发电	黑龙江	6.26	11.44	143412	118811	  1.21	126	254	--  	      54637.82	
="600007"	中国国贸	3.15	14.39	0.44	14.37	14.38	64190	10	0.06	          0.64	13.85	14.46	13.50	13.95	    25.33	90431752	  0.66	园区开发	北京	6.88	14.09	28216	35973	  0.78	53	10	--  	     100728.25	
="000900"	现代投资	3.11	6.97	0.21	6.97	6.98	226508	2450	-0.28	          2.24	6.72	7.02	6.65	6.76	    18.13	154996800	  0.59	路桥	湖南	5.47	6.84	110006	116501	  0.94	1235	501	--  	     101128.75	
="600581"	八一钢铁	3.10	4.99	0.15	4.99	5.00	257387	100	0.20	          3.36	4.75	5.04	4.68	4.84	--  	125320200	  0.63	普钢	新疆	7.44	4.87	117227	140160	  0.84	1050	3807	--  	      76644.89	
="000159"	国际实业	3.06	11.10	0.33	11.09	11.10	245050	2419	0.09	          5.09	10.85	11.16	10.51	10.77	    61.75	266871440	  0.59	石油贸易	新疆	6.04	10.89	126916	118133	  1.07	598	124	--  	      48113.92	
="002294"	信立泰	3.05	36.80	1.09	36.79	36.80	66320	384	-0.05	          2.31	35.59	36.93	35.59	35.71	    24.01	242584272	  1.00	化学制药	深圳	3.75	36.58	25213	41107	  0.61	68	280	--  	      28698.46	
="600362"	江西铜业	3.00	17.85	0.52	17.85	17.86	642336	38	0.16	          3.10	17.64	18.14	17.19	17.33	    19.94	1135679104	  0.51	铜	江西	5.48	17.68	315319	327017	  0.96	336	131	--  	     207524.73	
="600809"	山西汾酒	2.96	21.90	0.63	21.88	21.91	117191	20	0.22	          1.35	21.21	22.09	21.21	21.27	    35.68	254499152	  0.47	白酒	山西	4.14	21.72	49709	67481	  0.74	86	81	--  	      86584.82	
="600498"	烽火通信	2.91	15.89	0.45	15.87	15.90	131650	394	0.63	          1.36	15.15	15.99	15.11	15.44	    31.58	206839536	  0.58	通信设备	湖北	5.70	15.71	56085	75565	  0.74	66	73	--  	      96650.10	
="601991"	大唐发电	2.88	5.35	0.15	5.34	5.35	702882	227	-0.18	          0.70	5.22	5.40	5.10	5.20	    14.58	370319200	  0.78	火力发电	北京	5.77	5.27	304867	398014	  0.77	2565	7668	--  	     999436.00	
="002032"	苏 泊 尔	2.87	17.18	0.48	17.17	17.18	17800	235	0.11	          0.52	16.57	17.18	16.38	16.70	    16.07	30005328	  0.81	家用电器	浙江	4.79	16.86	8287	9513	  0.87	34	366	--  	      33906.17	
="600284"	浦东建设	2.86	11.16	0.31	11.15	11.16	270913	65	-0.08	          4.10	10.78	11.19	10.78	10.85	    24.43	298848960	  0.69	建筑施工	上海	3.78	11.03	124584	146329	  0.85	68	194	--  	      66104.00	
="600763"	通策医疗	2.83	51.93	1.43	51.93	51.99	12501	4	0.19	          0.78	50.50	52.57	50.50	50.50	    68.68	64883988	  0.65	医疗保健	浙江	4.10	51.90	7105	5395	  1.32	3	3	--  	      16032.00	
="600823"	世茂股份	2.72	12.85	0.34	12.85	12.86	239090	10	0.31	          2.04	12.56	12.86	12.32	12.51	    14.64	301303904	  0.69	全国地产	上海	4.32	12.60	122346	116744	  1.05	268	913	--  	     117059.53	
="600111"	包钢稀土	2.70	24.69	0.65	24.68	24.70	777981	189	0.16	          5.26	24.06	24.96	23.60	24.04	   113.01	1896988416	  0.49	小金属	内蒙	5.66	24.38	392331	385650	  1.02	1091	343	--  	     147946.98	
="600058"	五矿发展	2.67	15.00	0.39	15.00	15.01	213194	2	0.00	          1.99	14.80	15.15	14.50	14.61	    68.25	316755488	  0.48	商贸代理	北京	4.45	14.86	99461	113733	  0.87	50	135	--  	     107191.07	
="600875"	东方电气	2.65	17.83	0.46	17.82	17.83	387100	5	0.11	          2.33	17.28	17.97	16.91	17.37	    24.60	679999808	  0.56	电气设备	四川	6.10	17.57	186194	200906	  0.93	155	139	--  	     166386.00	
="601699"	潞安环能	2.62	11.36	0.29	11.36	11.37	596874	483	0.70	          2.59	11.01	11.38	10.73	11.07	    30.87	660943424	  0.61	煤炭开采	山西	5.87	11.07	283479	313394	  0.90	481	18	--  	     230108.41	
="300094"	国联水产	2.52	11.00	0.27	10.99	11.00	81264	571	-0.18	          2.32	10.70	11.18	10.54	10.73	    97.87	88852544	  0.64	渔业	广东	5.96	10.93	32677	48587	  0.67	115	255	--  	      35072.21	
="600978"	宜华木业	2.49	5.77	0.14	5.77	5.78	390456	30	-0.17	          2.63	5.64	5.82	5.61	5.63	    14.28	223616272	  0.59	家居用品	广东	3.73	5.73	216973	173482	  1.25	2563	1264	--  	     148287.00	
="600873"	梅花生物	2.48	6.19	0.15	6.19	6.20	245238	60	-0.16	          0.79	6.02	6.20	5.98	6.04	    53.20	150115104	  0.51	食品	西藏	3.64	6.12	111652	133585	  0.84	216	2996	--  	     310822.66	
="601233"	桐昆股份	2.45	7.96	0.19	7.96	7.97	109328	208	-0.25	          1.14	7.76	7.99	7.63	7.77	   337.25	85704008	  0.48	化纤	浙江	4.63	7.84	54886	54442	  1.01	52	575	--  	      95927.07	
="601398"	工商银行	2.38	4.30	0.10	4.30	4.31	6160825	325	0.00	          0.23	4.17	4.33	4.07	4.20	     5.14	2574925824	  0.70	银行	北京	6.19	4.18	2888550	3272274	  0.88	3	23243	--  	   26471778.00	
="600005"	武钢股份	2.30	3.12	0.07	3.12	3.13	1892567	74	-0.31	          1.87	3.03	3.14	2.96	3.05	    30.66	578608000	  0.67	普钢	湖北	5.90	3.06	882290	1010276	  0.87	1550	13252	--  	    1009378.00	
="600100"	同方股份	2.27	12.63	0.28	12.65	12.66	580918	103	0.07	          2.81	12.34	12.74	12.27	12.35	   169.06	728831936	  0.54	电脑设备	北京	3.81	12.55	275003	305914	  0.90	515	713	--  	     207020.14	
="600783"	鲁信创投	2.24	22.41	0.49	22.44	22.45	183564	85	0.22	          2.47	21.70	22.61	21.65	21.92	    39.21	405972512	  0.43	矿物制品	山东	4.38	22.12	85558	98005	  0.87	15	168	--  	      74435.92	
="000525"	红 太 阳	2.21	16.18	0.35	16.18	16.19	69267	943	0.18	          1.37	15.83	16.23	15.61	15.83	    15.47	110663952	  0.44	农药化肥	江苏	3.92	15.98	36219	33048	  1.10	218	50	--  	      50698.30	
="601998"	中信银行	2.20	6.49	0.14	6.47	6.48	2651912	302	0.00	          0.83	6.38	6.60	5.98	6.35	     7.06	1672474368	  0.73	银行	北京	9.76	6.31	1286274	1365637	  0.94	1523	1217	--  	    3190516.50	
="601939"	建设银行	2.17	5.64	0.12	5.63	5.64	6199366	574	-0.17	          6.46	5.46	5.74	5.17	5.52	     5.56	3362111488	  0.80	银行	北京	10.33	5.42	3099294	3100071	  1.00	2447	697	--  	     959365.75	
="600521"	华海药业	2.15	15.69	0.33	15.67	15.68	124385	101	0.19	          1.59	15.20	15.82	15.05	15.36	    45.68	193155136	  0.59	化学制药	浙江	5.01	15.53	59694	64690	  0.92	63	39	--  	      78087.79	
="601088"	中国神华	2.11	17.89	0.37	17.89	17.90	797222	144	-0.11	          0.48	17.57	17.96	17.32	17.52	     9.01	1409379456	  0.55	煤炭开采	北京	3.65	17.68	361372	435850	  0.83	346	1477	--  	    1649103.75	
="000011"	深物业A	2.09	9.75	0.20	9.75	9.76	154112	3381	-0.10	          8.76	9.41	9.80	9.20	9.55	    13.49	147638960	  0.80	区域地产	深圳	6.28	9.58	72577	81535	  0.89	34	145	--  	      17586.25	
="600549"	厦门钨业	2.06	33.26	0.67	33.26	33.27	117325	28	-0.15	          1.72	32.51	33.44	32.02	32.59	    80.21	385953824	  0.49	小金属	福建	4.36	32.90	48776	68549	  0.71	257	47	--  	      68198.00	
="601958"	金钼股份	2.00	9.69	0.19	9.68	9.69	299408	17	-0.10	          0.93	9.55	9.78	9.35	9.50	   134.30	286553824	  0.59	小金属	陕西	4.53	9.57	139404	160003	  0.87	780	27	--  	     322660.44	
="000937"	冀中能源	1.91	8.55	0.16	8.54	8.55	414380	4258	0.47	          1.88	8.41	8.59	8.18	8.39	   427.34	348438048	  0.49	煤炭开采	河北	4.89	8.41	190533	223847	  0.85	374	484	--  	     220706.56	
="601898"	中煤能源	1.88	5.96	0.11	5.96	5.97	733104	82	0.00	          0.80	5.81	5.98	5.66	5.85	    89.91	428178752	  0.50	煤炭开采	北京	5.47	5.84	345007	388097	  0.89	2173	2646	--  	     915200.06	
="600259"	广晟有色	1.87	51.77	0.95	51.78	51.80	78475	33	0.21	          3.15	50.82	52.53	49.45	50.82	  1133.67	401374016	  0.42	小金属	海南	6.06	51.15	37821	40654	  0.93	25	85	--  	      24940.00	
="601988"	中国银行	1.80	3.39	0.06	3.38	3.39	12920135	4248	0.00	          0.66	3.31	3.43	3.18	3.33	     6.19	4272224256	  0.59	银行	北京	7.51	3.31	6353775	6566359	  0.97	17085	42916	--  	   19591296.00	
="600050"	中国联通	1.80	4.53	0.08	4.52	4.53	4894445	473	0.00	          2.31	4.45	4.59	4.27	4.45	    20.58	2166221056	  0.67	电信运营	上海	7.19	4.43	2286699	2607746	  0.88	13845	5908	--  	    2119659.75	
="000831"	五矿稀土	1.66	26.33	0.43	26.33	26.34	224434	2033	-0.07	          3.01	25.89	26.85	25.45	25.90	--  	589508672	  0.51	小金属	山西	5.41	26.27	101489	122945	  0.83	321	376	--  	      74449.32	
="601777"	力帆股份	1.64	9.89	0.16	9.88	9.89	173929	276	0.00	          1.79	9.64	9.91	9.54	9.73	    23.32	169498320	  0.66	摩托车	重庆	3.80	9.75	86288	87641	  0.98	20	870	--  	      97137.89	
="601288"	农业银行	1.64	3.10	0.05	3.09	3.10	11909557	575	-0.32	          0.42	3.05	3.13	2.90	3.05	     4.95	3594745600	  0.80	银行	北京	7.54	3.02	5202006	6707551	  0.78	7476	11473	--  	   28416352.00	
="300345"	红宇新材	1.52	21.33	0.32	21.33	21.34	14194	97	0.61	          2.30	20.48	21.95	20.40	21.01	   870.56	30403734	  0.38	钢加工	湖南	7.38	21.42	8288	5905	  1.40	11	11	--  	       6180.70	
="002075"	沙钢股份	0.79	5.09	0.04	5.09	5.10	206227	1761	-0.19	          1.31	5.00	5.16	4.81	5.05	   114.99	103543280	  0.53	特钢	江苏	6.93	5.02	119617	86610	  1.38	2042	504	--  	     157626.48	
="600830"	香溢融通	0.27	11.11	0.03	11.11	11.14	355413	22	0.63	          7.82	10.91	11.26	10.50	11.08	    55.96	384313440	  0.67	多元金融	浙江	6.86	10.81	181244	174169	  1.04	312	560	--  	      45432.26	
="601857"	中国石油	0.00	9.50	0.00	9.50	9.51	2218681	168	0.42	          0.14	9.48	9.63	9.15	9.50	    13.58	2077574016	  0.51	石油开采	北京	5.05	9.36	1152779	1065901	  1.08	1024	1316	--  	   16192208.00	
="600986"	科达股份	0.00	7.05	0.00	--  	--  	0	0	0.00	          0.00	--  	--  	--  	7.05	    36.88	0	  0.00	建筑施工	山东	0.00	7.05	0	0	--  	0	0	--  	      33526.96	
="600981"	汇鸿股份	0.00	4.21	0.00	--  	--  	0	0	0.00	          0.00	--  	--  	--  	4.21	    92.48	0	  0.00	商贸代理	江苏	0.00	4.21	0	0	--  	0	0	--  	      51610.64	
="600876"	洛阳玻璃	0.00	7.24	0.00	--  	--  	0	0	0.00	          0.00	--  	--  	--  	7.24	   374.48	0	  0.00	玻璃	河南	0.00	7.24	0	0	--  	0	0	--  	      25001.82	
="600749"	西藏旅游	0.00	12.18	0.00	--  	--  	0	0	0.00	          0.00	--  	--  	--  	12.18	  1161.76	0	  0.00	旅游景点	西藏	0.00	12.18	0	0	--  	0	0	--  	      18913.78	
="600575"	皖江物流	0.00	4.11	0.00	--  	--  	0	0	0.00	          0.00	--  	--  	--  	4.11	--  	0	  0.00	港口	安徽	0.00	4.11	0	0	--  	0	0	--  	     142320.00	
="600569"	安阳钢铁	0.00	2.32	0.00	--  	--  	0	0	0.00	          0.00	--  	--  	--  	2.32	    78.40	0	  0.00	普钢	河南	0.00	2.32	0	0	--  	0	0	--  	     239368.45	
="600517"	置信电气	0.00	12.45	0.00	--  	--  	0	0	0.00	          0.00	--  	--  	--  	12.45	    84.39	0	  0.00	电气设备	上海	0.00	12.45	0	0	--  	0	0	--  	     111366.89	
="600365"	通葡股份	0.00	11.38	0.00	--  	--  	0	0	0.00	          0.00	--  	--  	--  	11.38	  5686.21	0	  0.00	红黄药酒	吉林	0.00	11.38	0	0	--  	0	0	--  	      14000.00	
="600318"	巢东股份	0.00	11.20	0.00	--  	--  	0	0	0.00	          0.00	--  	--  	--  	11.20	    17.93	0	  0.00	水泥	安徽	0.00	11.20	0	0	--  	0	0	--  	      24200.00	
="600241"	时代万恒	0.00	8.28	0.00	--  	--  	0	0	0.00	          0.00	--  	--  	--  	8.28	--  	0	  0.00	商贸代理	辽宁	0.00	8.28	0	0	--  	0	0	--  	      18020.00	
="600105"	永鼎股份	0.00	9.86	0.00	--  	--  	0	0	0.00	          0.00	--  	--  	--  	9.86	    22.23	0	  0.00	通信设备	江苏	0.00	9.86	0	0	--  	0	0	--  	      38095.46	
="600103"	青山纸业	0.00	3.66	0.00	--  	--  	0	0	0.00	          0.00	--  	--  	--  	3.66	   601.14	0	  0.00	造纸	福建	0.00	3.66	0	0	--  	0	0	--  	     106184.15	
="600091"	ST明科	0.00	7.02	0.00	--  	--  	0	0	0.00	          0.00	--  	--  	--  	7.02	--  	0	  0.00	化工原料	内蒙	0.00	7.02	0	0	--  	0	0	--  	      33652.60	
="600090"	啤酒花	0.00	8.13	0.00	--  	--  	0	0	0.00	          0.00	--  	--  	--  	8.13	    36.46	0	  0.00	啤酒	新疆	0.00	8.13	0	0	--  	0	0	--  	      36791.66	
="300342"	天银机电	--  	17.85	--  	--  	--  	0	0	--  	          0.00	--  	--  	--  	17.85	    39.14	0	  0.00	元器件	江苏	0.00	17.85	0	0	--  	0	0	--  	       6650.00	
="300332"	天壕节能	--  	14.06	--  	--  	--  	0	0	--  	          0.00	--  	--  	--  	14.06	    40.57	0	  0.00	环境保护	北京	0.00	14.06	0	0	--  	0	0	--  	      22666.75	
="300313"	天山生物	--  	23.69	--  	--  	--  	0	0	--  	          0.00	--  	--  	--  	23.69	   258.62	0	  0.00	农业综合	新疆	0.00	23.69	0	0	--  	0	0	--  	       4177.81	
="002700"	新疆浩源	--  	25.29	--  	--  	--  	0	0	--  	          0.00	--  	--  	--  	25.29	    56.88	0	  0.00	供气供热	新疆	0.00	25.29	0	0	--  	0	0	--  	       9564.16	
="002608"	舜天船舶	--  	12.79	--  	--  	--  	0	0	--  	          0.00	--  	--  	--  	12.79	    86.27	0	  0.00	船舶	江苏	0.00	12.79	0	0	--  	0	0	--  	      32855.16	
="002558"	世纪游轮	--  	31.65	--  	--  	--  	0	0	--  	          0.00	--  	--  	--  	31.65	   271.60	0	  0.00	旅游服务	重庆	0.00	31.65	0	0	--  	0	0	--  	       3244.39	
="002529"	海源机械	--  	15.03	--  	--  	--  	0	0	--  	          0.00	--  	--  	--  	15.03	--  	0	  0.00	专用机械	福建	0.00	15.03	0	0	--  	0	0	--  	      15608.25	
="002509"	天广消防	--  	12.27	--  	--  	--  	0	0	--  	          0.00	--  	--  	--  	12.27	    51.77	0	  0.00	专用机械	福建	0.00	12.27	0	0	--  	0	0	--  	      23109.89	
="002426"	胜利精密	--  	11.26	--  	--  	--  	0	0	--  	          0.00	--  	--  	--  	11.26	    68.41	0	  0.00	元器件	江苏	0.00	11.26	0	0	--  	0	0	--  	      35306.58	
="002324"	普利特	--  	19.90	--  	--  	--  	0	0	--  	          0.00	--  	--  	--  	19.90	    26.33	0	  0.00	塑料	上海	0.00	19.90	0	0	--  	0	0	--  	      15582.66	
="002323"	中联电气	--  	21.95	--  	--  	--  	0	0	--  	          0.00	--  	--  	--  	21.95	   130.92	0	  0.00	电气设备	江苏	0.00	21.95	0	0	--  	0	0	--  	       8350.16	
="002168"	深圳惠程	--  	10.13	--  	--  	--  	0	0	--  	          0.00	--  	--  	--  	10.13	--  	0	  0.00	电气设备	深圳	0.00	10.13	0	0	--  	0	0	--  	      56803.58	
="002044"	江苏三友	--  	10.04	--  	--  	--  	0	0	--  	          0.00	--  	--  	--  	10.04	    43.13	0	  0.00	服饰	江苏	0.00	10.04	0	0	--  	0	0	--  	      22410.00	
="002009"	天奇股份	--  	16.30	--  	--  	--  	0	0	--  	          0.00	--  	--  	--  	16.30	    47.89	0	  0.00	工程机械	江苏	0.00	16.30	0	0	--  	0	0	--  	      25991.22	
="002006"	*ST精功	--  	8.75	--  	--  	--  	0	0	--  	          0.00	--  	--  	--  	8.75	--  	0	  0.00	工程机械	浙江	0.00	8.75	0	0	--  	0	0	--  	      43677.89	
="000920"	南方汇通	--  	13.23	--  	--  	--  	0	0	--  	          0.00	--  	--  	--  	13.23	    31.50	0	  0.00	运输设备	贵州	0.00	13.23	0	0	--  	0	0	--  	      42200.00	
="000796"	易食股份	--  	7.23	--  	--  	--  	0	0	--  	          0.00	--  	--  	--  	7.23	    95.94	0	  0.00	食品	陕西	0.00	7.23	0	0	--  	0	0	--  	      24652.30	
="000795"	太原刚玉	--  	10.92	--  	--  	--  	0	0	--  	          0.00	--  	--  	--  	10.92	--  	0	  0.00	矿物制品	山西	0.00	10.92	0	0	--  	0	0	--  	      27679.44	
="000710"	天兴仪表	--  	13.60	--  	--  	--  	0	0	--  	          0.00	--  	--  	--  	13.60	--  	0	  0.00	汽车配件	四川	0.00	13.60	0	0	--  	0	0	--  	      15120.00	
="000627"	天茂集团	--  	4.10	--  	--  	--  	0	0	--  	          0.00	--  	--  	--  	4.10	    28.37	0	  0.00	化工原料	湖北	0.00	4.10	0	0	--  	0	0	--  	     135358.98	
="000533"	万 家 乐	--  	5.97	--  	--  	--  	0	0	--  	          0.00	--  	--  	--  	5.97	    35.25	0	  0.00	家用电器	广东	0.00	5.97	0	0	--  	0	0	--  	      68487.71	
="000514"	渝 开 发	--  	7.08	--  	--  	--  	0	0	--  	          0.00	--  	--  	--  	7.08	    36.98	0	  0.00	区域地产	重庆	0.00	7.08	0	0	--  	0	0	--  	      84377.09	
="000498"	山东路桥	--  	4.64	--  	--  	--  	0	0	--  	          0.00	--  	--  	--  	4.64	    27.67	0	  0.00	建筑施工	山东	0.00	4.64	0	0	--  	0	0	--  	      35417.01	
="000333"	美的集团	--  	24.70	--  	--  	--  	0	0	--  	          0.00	--  	--  	--  	24.70	     8.72	0	  0.00	家用电器	广东	0.00	24.70	0	0	--  	0	0	--  	     223971.95	
="600028"	中国石化	-0.34	5.88	-0.02	5.88	5.89	5649938	592	0.17	          0.62	5.85	5.95	5.66	5.90	    10.07	3272165888	  0.53	石油加工	北京	4.92	5.79	2830706	2819231	  1.00	14213	5924	--  	    9128216.00	
="002563"	森马服饰	-0.82	37.63	-0.31	37.63	37.64	18643	71	0.10	          2.66	37.85	37.85	36.92	37.94	    28.17	69584920	  0.95	服饰	浙江	2.45	37.33	8441	10201	  0.83	145	338	--  	       7000.00	
="600739"	辽宁成大	-1.35	21.20	-0.29	21.20	21.21	1356312	424	0.09	          9.94	21.60	22.21	20.01	21.49	    33.10	2842041088	  0.60	商贸代理	辽宁	10.24	20.95	683009	673302	  1.01	290	216	--  	     136470.98	
数据来源:通达信
