代码	名称	涨幅%%	现价	涨跌	买价	卖价	总量	现量	涨速%%	换手%%	今开	最高	最低	昨收	市盈(动)	总金额	量比	细分行业	地区	振幅%%	均价	内盘	外盘	内外比	买量	卖量	未匹配量	流通股本(万)	
="000703"	恒逸石化	8.17	9.40	0.71	9.40	9.41	381234	4359	0.21	          3.30	8.70	9.50	8.70	8.69	   664.78	351033824	  1.14	化纤	广西	9.21	9.21	168471	212763	  0.79	2149	246	--  	     115358.77	
="300262"	巴安水务	7.66	21.50	1.53	21.50	21.52	206077	3071	0.32	         13.10	20.17	21.95	19.80	19.97	    68.57	433892480	  1.36	环境保护	上海	10.77	21.05	95072	111005	  0.86	450	13	--  	      15727.58	
="000726"	鲁  泰Ａ	7.56	12.09	0.85	12.09	12.10	255687	2753	0.58	          4.56	11.27	12.20	11.16	11.24	    12.20	301111872	  2.17	纺织	山东	9.25	11.78	104049	151637	  0.69	1218	1809	--  	      56110.69	
="600058"	五矿发展	7.03	17.67	1.16	17.67	17.68	550504	43	0.51	          5.14	16.40	17.98	16.23	16.51	    80.40	949172224	  1.42	商贸代理	北京	10.60	17.24	247511	302992	  0.82	137	1	--  	     107191.07	
="000778"	新兴铸管	6.88	6.06	0.39	6.05	6.06	1823602	12331	0.16	          5.01	5.71	6.24	5.71	5.67	    24.69	1092414080	  1.57	钢加工	河北	9.35	5.99	802955	1020646	  0.79	15341	1478	--  	     364209.41	
="300251"	光线传媒	6.53	26.92	1.65	26.92	26.93	660087	7723	-0.37	         12.43	24.90	27.48	24.50	25.27	   104.00	1733442688	  1.67	影视音像	北京	11.79	26.26	274330	385756	  0.71	3018	296	--  	      53120.28	
="000069"	华侨城Ａ	6.28	7.62	0.45	7.61	7.62	2897524	17324	0.52	          9.31	7.25	7.88	7.11	7.17	    14.77	2182627072	  1.84	旅游景点	深圳	10.74	7.53	1214376	1683147	  0.72	1421	3969	--  	     311246.41	
="601633"	长城汽车	5.35	41.12	2.09	41.17	41.18	108013	8	0.29	          0.54	39.60	41.75	39.51	39.03	    16.80	439254784	  1.50	汽车整车	河北	5.74	40.67	45323	62690	  0.72	24	59	--  	     200924.30	
="600143"	金发科技	4.11	7.10	0.28	7.09	7.10	1232687	3	0.56	          4.82	6.80	7.21	6.72	6.82	    29.85	857650240	  1.23	塑料	广东	7.18	6.96	511161	721526	  0.71	442	5073	--  	     256000.00	
="600199"	金种子酒	4.00	12.23	0.47	12.25	12.26	509626	66	1.49	          9.17	11.80	12.26	11.40	11.76	    90.62	602804928	  1.27	白酒	安徽	7.31	11.83	229023	280603	  0.82	669	847	--  	      55577.50	
="600280"	中央商场	3.93	14.02	0.53	14.00	14.03	103171	78	0.50	          1.80	13.40	14.20	13.15	13.49	    12.21	141695360	  1.38	百货	江苏	7.78	13.73	44328	58842	  0.75	4	53	--  	      57416.73	
="600638"	新黄浦	3.89	15.75	0.59	15.75	15.76	98850	5	0.44	          1.76	15.37	15.90	15.22	15.16	    89.55	154158304	  2.10	区域地产	上海	4.49	15.60	51120	47729	  1.07	159	36	--  	      56116.39	
="000729"	燕京啤酒	3.87	8.05	0.30	8.04	8.05	394986	2177	0.12	          1.58	7.68	8.14	7.66	7.75	    18.51	312000896	  1.48	啤酒	北京	6.19	7.90	156848	238137	  0.66	627	1061	--  	     249943.92	
="600197"	伊力特	3.76	12.68	0.46	12.68	12.69	202189	73	1.52	          4.58	12.27	12.69	12.14	12.22	    15.44	252219488	  1.35	白酒	新疆	4.50	12.47	82701	119487	  0.69	77	343	--  	      44100.00	
="002344"	海宁皮城	3.46	15.85	0.53	15.84	15.85	185654	1513	0.25	          1.69	15.32	16.10	15.07	15.32	    16.85	289101856	  1.50	商品城	浙江	6.72	15.57	83987	101666	  0.83	1174	404	--  	     109970.96	
="002146"	荣盛发展	3.40	14.59	0.48	14.59	14.60	669726	3642	0.00	          4.02	14.59	15.25	14.25	14.11	    10.08	990561024	  1.90	全国地产	河北	7.09	14.79	305394	364331	  0.84	81	383	--  	     166646.34	
="600823"	世茂股份	3.03	13.25	0.39	13.24	13.25	308108	20	0.37	          2.63	13.00	13.52	13.00	12.86	    15.10	409289632	  1.98	全国地产	上海	4.04	13.28	153373	154735	  0.99	712	346	--  	     117059.53	
="000848"	承德露露	2.96	22.25	0.64	22.25	22.26	99223	3179	0.31	          1.98	21.61	22.40	21.33	21.61	    24.43	217821040	  2.10	软饮料	河北	4.95	21.95	47520	51702	  0.92	5338	11	--  	      50164.46	
="600259"	广晟有色	2.94	59.91	1.71	59.90	59.95	103403	10	0.25	          4.15	58.07	61.38	56.80	58.20	  1311.93	614045632	  1.02	小金属	海南	7.87	59.38	47906	55496	  0.86	28	4	--  	      24940.00	
="600621"	华鑫股份	2.91	8.14	0.23	8.13	8.14	263150	7	0.24	          5.02	8.07	8.27	7.90	7.91	    33.89	213951072	  3.37	全国地产	上海	4.68	8.13	117560	145589	  0.81	41	201	--  	      52408.23	
="600067"	冠城大通	2.88	7.85	0.22	7.85	7.86	495624	302	0.12	          4.15	7.82	8.12	7.70	7.63	    20.61	393061696	  2.18	全国地产	福建	5.50	7.93	222634	272989	  0.82	2052	340	--  	     119334.20	
="603399"	新华龙	2.63	11.31	0.29	11.29	11.30	92769	23	0.00	          7.41	11.02	11.35	10.90	11.02	    87.87	103809400	  1.70	小金属	辽宁	4.08	11.19	43136	49633	  0.87	180	32	--  	      12525.79	
="000157"	中联重科	2.59	7.12	0.18	7.11	7.12	4543563	22483	0.42	          7.26	6.89	7.27	6.75	6.94	    41.14	3226890752	  0.99	工程机械	湖南	7.49	7.10	2092871	2450691	  0.85	18976	16470	--  	     626117.19	
="002646"	青青稞酒	2.55	21.70	0.54	21.70	21.71	77202	2658	0.88	          1.72	21.06	21.71	20.70	21.16	    27.08	163684912	  0.82	白酒	青海	4.77	21.20	35633	41569	  0.86	1472	33	--  	      45000.00	
="600377"	宁沪高速	2.54	7.28	0.18	7.27	7.28	215707	3	0.69	          0.57	7.14	7.32	7.11	7.10	    13.30	155580992	  1.28	路桥	江苏	2.96	7.21	102389	113318	  0.90	197	1021	--  	     379275.53	
="000926"	福星股份	2.53	10.14	0.25	10.13	10.14	557700	4237	0.19	         10.55	10.00	10.33	9.88	9.89	     9.34	564430976	  2.02	区域地产	湖北	4.55	10.12	253211	304489	  0.83	3748	278	--  	      52853.94	
="000042"	中洲控股	2.51	14.68	0.36	14.67	14.68	147007	699	-0.06	          3.07	14.35	15.11	14.17	14.32	    17.27	215466592	  2.34	全国地产	深圳	6.56	14.66	67596	79410	  0.85	281	284	--  	      47879.07	
="000537"	广宇发展	2.37	8.20	0.19	8.20	8.21	305313	1401	0.12	          5.95	8.02	8.37	7.91	8.01	    12.82	249821488	  1.77	区域地产	天津	5.74	8.18	150310	155003	  0.97	184	151	--  	      51271.33	
="300332"	天壕节能	2.35	14.39	0.33	14.39	14.40	541817	2268	-0.06	         23.90	15.47	15.47	13.98	14.06	    41.53	790152768	  8.15	环境保护	北京	10.60	14.58	283882	257934	  1.10	1130	520	--  	      22666.75	
="600106"	重庆路桥	2.24	5.93	0.13	5.92	5.93	592101	5	0.16	          6.52	5.93	6.09	5.81	5.80	    20.84	352812096	  1.76	路桥	重庆	4.83	5.96	307705	284395	  1.08	198	790	--  	      90774.20	
="600874"	创业环保	2.15	11.39	0.24	11.40	11.41	465124	1109	1.15	          4.28	11.21	11.54	11.03	11.15	    47.92	525123872	  1.07	环境保护	天津	4.57	11.29	208660	256463	  0.81	694	1037	--  	     108722.84	
="600688"	上海石化	2.14	4.29	0.09	4.29	4.30	1962655	2	0.00	          8.23	4.29	4.49	4.23	4.20	--  	850099456	  1.46	石油加工	上海	6.19	4.33	864543	1098111	  0.79	31	14476	--  	     238500.00	
="600779"	水井坊	2.13	10.53	0.22	10.54	10.55	213445	265	1.34	          7.23	10.32	10.56	10.19	10.31	--  	221282672	  0.95	白酒	四川	3.59	10.37	107377	106067	  1.01	11	712	--  	      29532.34	
="000011"	深物业A	2.11	9.68	0.20	9.68	9.69	123412	387	-0.10	          7.02	9.49	10.00	9.36	9.48	    13.39	119874256	  1.86	区域地产	深圳	6.75	9.71	57885	65527	  0.88	730	236	--  	      17586.25	
="601857"	中国石油	2.08	10.33	0.21	10.32	10.33	3148368	36	-0.09	          0.19	10.60	10.88	10.22	10.12	    14.76	3318023168	  1.57	石油开采	北京	6.52	10.54	1602867	1545501	  1.04	691	18756	--  	   16192208.00	
="600824"	益民集团	2.07	6.90	0.14	6.88	6.89	340652	3	0.29	          3.88	6.85	7.09	6.81	6.76	    28.96	236565344	  3.18	百货	上海	4.14	6.94	167710	172942	  0.97	1211	34	--  	      87835.59	
="600641"	万业企业	1.99	6.16	0.12	6.16	6.17	444880	15	0.00	          5.52	6.11	6.34	6.02	6.04	    14.20	274504256	  3.14	区域地产	上海	5.30	6.17	196343	248536	  0.79	55	477	--  	      80615.88	
="600007"	中国国贸	1.91	14.95	0.28	14.93	14.94	54985	10	0.20	          0.55	14.71	15.18	14.62	14.67	    26.32	82351504	  1.09	园区开发	北京	3.82	14.98	28837	26148	  1.10	311	41	--  	     100728.25	
="000799"	酒 鬼 酒	1.77	15.52	0.27	15.52	15.53	184256	3754	0.38	          8.22	15.18	15.69	14.96	15.25	--  	283004224	  0.89	白酒	湖南	4.79	15.36	95074	89181	  1.07	786	198	--  	      22420.16	
="600873"	梅花生物	1.73	7.06	0.12	7.06	7.07	699533	5	0.56	          2.25	6.94	7.29	6.88	6.94	    60.67	495041344	  1.40	食品	西藏	5.91	7.08	328560	370972	  0.89	15	64	--  	     310822.66	
="600875"	东方电气	1.63	19.90	0.32	19.88	19.89	422207	21	0.65	          2.54	19.59	20.44	19.45	19.58	    27.45	842742592	  1.03	电气设备	四川	5.06	19.96	207320	214887	  0.96	167	974	--  	     166386.00	
="600581"	八一钢铁	1.58	5.78	0.09	5.78	5.79	360875	445	0.52	          4.71	5.65	5.94	5.50	5.69	--  	206068000	  1.01	普钢	新疆	7.73	5.71	197170	163705	  1.20	387	54	--  	      76644.89	
="600675"	中华企业	1.56	6.50	0.10	6.51	6.52	878092	16	0.61	          4.70	6.45	6.72	6.38	6.40	    59.17	574728768	  2.01	区域地产	上海	5.31	6.55	407600	470491	  0.87	184	649	--  	     186705.94	
="002304"	洋河股份	1.47	79.85	1.16	79.83	79.85	49308	208	-0.08	          0.56	78.60	80.60	77.49	78.69	    16.19	390873024	  0.86	白酒	江苏	3.95	79.27	20622	28685	  0.72	59	19	--  	      87925.92	
="600050"	中国联通	1.47	4.83	0.07	4.83	4.84	5055144	50	0.62	          2.38	4.84	4.94	4.75	4.76	    21.94	2451655936	  1.12	电信运营	上海	3.99	4.85	2346833	2708310	  0.87	3609	10935	--  	    2119659.75	
="600028"	中国石化	1.30	6.25	0.08	6.24	6.25	7346133	151	-0.15	          0.80	6.38	6.50	6.19	6.17	    10.70	4662062080	  1.28	石油加工	北京	5.02	6.35	3873747	3472385	  1.12	6963	3727	--  	    9128216.00	
="600888"	新疆众和	1.22	8.30	0.10	8.30	8.31	276357	287	0.00	          4.31	8.08	8.34	7.92	8.20	--  	225738256	  1.85	铝	新疆	5.12	8.17	137233	139124	  0.99	393	1022	--  	      64122.58	
="000598"	兴蓉投资	1.02	7.96	0.08	7.96	7.97	1870178	12182	0.12	         10.81	7.93	8.15	7.81	7.88	    26.49	1497093760	  0.93	环境保护	四川	4.31	8.01	927027	943150	  0.98	2659	2299	--  	     173051.20	
="600706"	曲江文旅	1.01	16.02	0.16	16.01	16.03	44283	49	0.94	          5.17	15.90	16.49	15.42	15.86	    47.56	70669200	  1.68	旅游服务	陕西	6.75	15.96	21382	22900	  0.93	515	61	--  	       8573.24	
="000758"	中色股份	1.00	15.09	0.15	15.09	15.10	621411	5070	0.46	          6.89	15.03	15.70	14.75	14.94	   158.27	947317504	  1.18	铅锌	北京	6.36	15.24	304199	317212	  0.96	2897	641	--  	      90156.15	
="600278"	东方创业	0.91	13.30	0.12	13.32	13.34	154870	160	1.21	          2.97	13.46	13.80	12.92	13.18	    54.55	207239968	  1.43	商贸代理	上海	6.68	13.38	80908	73962	  1.09	249	4	--  	      52224.17	
="600744"	华银电力	0.85	4.74	0.04	4.74	4.75	255481	40	0.00	          5.39	4.73	4.82	4.68	4.70	--  	121600176	  0.89	火力发电	湖南	2.98	4.76	122670	132811	  0.92	298	958	--  	      47438.44	
="600511"	国药股份	0.84	31.10	0.26	31.08	31.09	32748	2	0.06	          1.18	31.29	31.29	29.89	30.84	    29.79	99703584	  1.17	医药商业	北京	4.54	30.45	9606	23142	  0.42	80	22	--  	      27764.33	
="601988"	中国银行	0.79	3.85	0.03	3.85	3.86	20047136	732	0.78	          1.02	4.00	4.04	3.76	3.82	     7.03	7829727232	  0.88	银行	北京	7.33	3.91	8922467	11124668	  0.80	26340	41098	--  	   19591296.00	
="000789"	万年青	0.75	13.41	0.10	13.41	13.42	174176	1944	0.44	          4.26	13.29	13.54	13.07	13.31	    10.97	232516128	  1.03	水泥	江西	3.53	13.35	89068	85107	  1.05	85	331	--  	      40888.75	
="600085"	同仁堂	0.67	21.05	0.14	21.06	21.07	136188	9	0.38	          1.04	20.90	21.50	20.61	20.91	    35.72	286195200	  1.05	中成药	北京	4.26	21.01	62411	73777	  0.85	109	8	--  	     131114.31	
="600015"	华夏银行	0.63	12.82	0.08	12.83	12.84	3581466	36	0.00	          5.52	13.27	13.60	12.68	12.74	     6.50	4714455040	  1.29	银行	北京	7.22	13.16	1843256	1738209	  1.06	16	538	--  	     648768.69	
="000538"	云南白药	0.53	58.96	0.31	58.95	58.96	117346	577	0.11	          1.13	58.64	59.50	58.10	58.65	    23.68	693049984	  1.20	中成药	云南	2.39	59.06	50334	67011	  0.75	197	166	--  	     104136.53	
="002431"	棕榈园林	0.53	20.99	0.11	20.99	21.00	94980	1118	0.33	          3.75	20.98	21.12	20.46	20.88	    30.10	197736304	  0.93	建筑施工	广东	3.16	20.82	47225	47754	  0.99	822	186	--  	      25304.64	
="300002"	神州泰岳	0.47	17.08	0.08	17.07	17.08	173484	1319	-0.05	          2.39	17.00	17.33	16.50	17.00	    46.39	295437984	  0.67	软件服务	北京	4.88	17.03	88481	85002	  1.04	9	339	--  	      72615.95	
="000338"	潍柴动力	0.37	27.37	0.10	27.37	27.38	428658	4107	0.07	          4.10	27.29	28.34	27.02	27.27	     9.23	1189501056	  1.00	汽车配件	山东	4.84	27.75	208580	220077	  0.95	184	573	--  	     104608.49	
="600018"	上港集团	0.15	6.59	0.01	6.59	6.60	1578743	13	-0.15	          0.69	6.68	6.77	6.49	6.58	    24.03	1043556352	  0.78	港口	上海	4.26	6.61	760779	817963	  0.93	83	4195	--  	    2275518.00	
="601678"	滨化股份	0.09	10.75	0.01	10.76	10.77	277196	420	0.56	          4.20	10.70	10.77	10.38	10.74	    16.85	293519904	  1.01	化工原料	山东	3.63	10.59	153214	123982	  1.24	4973	583	--  	      66000.00	
="601369"	陕鼓动力	0.00	8.98	0.00	8.99	9.00	234497	5	0.00	          1.43	8.91	9.29	8.81	8.98	    37.49	211657760	  1.02	机械基件	陕西	5.35	9.03	140532	93965	  1.50	222	717	--  	     163877.02	
="601101"	昊华能源	0.00	8.91	0.00	--  	--  	0	0	0.00	          0.00	--  	--  	--  	8.91	    54.39	0	  0.00	煤炭开采	北京	0.00	8.91	0	0	--  	0	0	--  	     119999.82	
="600986"	科达股份	0.00	7.05	0.00	--  	--  	0	0	0.00	          0.00	--  	--  	--  	7.05	    36.88	0	  0.00	建筑施工	山东	0.00	7.05	0	0	--  	0	0	--  	      33526.96	
="600981"	汇鸿股份	0.00	4.21	0.00	--  	--  	0	0	0.00	          0.00	--  	--  	--  	4.21	    92.48	0	  0.00	商贸代理	江苏	0.00	4.21	0	0	--  	0	0	--  	      51610.64	
="600876"	洛阳玻璃	0.00	7.24	0.00	--  	--  	0	0	0.00	          0.00	--  	--  	--  	7.24	   374.48	0	  0.00	玻璃	河南	0.00	7.24	0	0	--  	0	0	--  	      25001.82	
="600761"	安徽合力	0.00	15.65	0.00	--  	--  	0	0	0.00	          0.00	--  	--  	--  	15.65	    14.96	0	  0.00	工程机械	安徽	0.00	15.65	0	0	--  	0	0	--  	      61681.73	
="600749"	西藏旅游	0.00	12.18	0.00	--  	--  	0	0	0.00	          0.00	--  	--  	--  	12.18	  1161.76	0	  0.00	旅游景点	西藏	0.00	12.18	0	0	--  	0	0	--  	      18913.78	
="600575"	皖江物流	0.00	4.11	0.00	--  	--  	0	0	0.00	          0.00	--  	--  	--  	4.11	--  	0	  0.00	水运	安徽	0.00	4.11	0	0	--  	0	0	--  	     142320.00	
="600365"	通葡股份	0.00	11.38	0.00	--  	--  	0	0	0.00	          0.00	--  	--  	--  	11.38	  5686.21	0	  0.00	红黄药酒	吉林	0.00	11.38	0	0	--  	0	0	--  	      14000.00	
="600318"	巢东股份	0.00	11.20	0.00	--  	--  	0	0	0.00	          0.00	--  	--  	--  	11.20	    17.93	0	  0.00	水泥	安徽	0.00	11.20	0	0	--  	0	0	--  	      24200.00	
="600241"	时代万恒	0.00	8.28	0.00	--  	--  	0	0	0.00	          0.00	--  	--  	--  	8.28	--  	0	  0.00	商贸代理	辽宁	0.00	8.28	0	0	--  	0	0	--  	      18020.00	
="600105"	永鼎股份	0.00	9.86	0.00	--  	--  	0	0	0.00	          0.00	--  	--  	--  	9.86	    22.23	0	  0.00	通信设备	江苏	0.00	9.86	0	0	--  	0	0	--  	      38095.46	
="600103"	青山纸业	0.00	3.66	0.00	--  	--  	0	0	0.00	          0.00	--  	--  	--  	3.66	   601.14	0	  0.00	造纸	福建	0.00	3.66	0	0	--  	0	0	--  	     106184.15	
="600091"	ST明科	0.00	7.02	0.00	--  	--  	0	0	0.00	          0.00	--  	--  	--  	7.02	--  	0	  0.00	化工原料	内蒙	0.00	7.02	0	0	--  	0	0	--  	      33652.60	
="600090"	啤酒花	0.00	8.13	0.00	--  	--  	0	0	0.00	          0.00	--  	--  	--  	8.13	    36.46	0	  0.00	啤酒	新疆	0.00	8.13	0	0	--  	0	0	--  	      36791.66	
="300342"	天银机电	--  	17.85	--  	--  	--  	0	0	--  	          0.00	--  	--  	--  	17.85	    39.14	0	  0.00	元器件	江苏	0.00	17.85	0	0	--  	0	0	--  	       6650.00	
="300313"	天山生物	--  	23.69	--  	--  	--  	0	0	--  	          0.00	--  	--  	--  	23.69	   258.62	0	  0.00	农业综合	新疆	0.00	23.69	0	0	--  	0	0	--  	       4177.81	
="300144"	宋城演艺	--  	30.12	--  	--  	--  	0	0	--  	          0.00	--  	--  	--  	30.12	    39.83	0	  0.00	旅游景点	浙江	0.00	30.12	0	0	--  	0	0	--  	      19553.75	
="300048"	合康变频	0.00	13.47	0.00	13.39	13.47	147297	3523	2.12	          4.94	13.12	13.86	12.98	13.47	   154.12	196800432	  0.85	电气设备	北京	6.53	13.36	86842	60454	  1.44	30	1625	--  	      29812.73	
="002608"	舜天船舶	--  	12.79	--  	--  	--  	0	0	--  	          0.00	--  	--  	--  	12.79	    86.27	0	  0.00	船舶	江苏	0.00	12.79	0	0	--  	0	0	--  	      32855.16	
="002558"	世纪游轮	--  	31.65	--  	--  	--  	0	0	--  	          0.00	--  	--  	--  	31.65	   271.60	0	  0.00	旅游服务	重庆	0.00	31.65	0	0	--  	0	0	--  	       3244.39	
="002529"	海源机械	--  	15.03	--  	--  	--  	0	0	--  	          0.00	--  	--  	--  	15.03	--  	0	  0.00	专用机械	福建	0.00	15.03	0	0	--  	0	0	--  	      15608.25	
="002509"	天广消防	--  	12.27	--  	--  	--  	0	0	--  	          0.00	--  	--  	--  	12.27	    51.77	0	  0.00	专用机械	福建	0.00	12.27	0	0	--  	0	0	--  	      23109.89	
="002324"	普利特	--  	19.90	--  	--  	--  	0	0	--  	          0.00	--  	--  	--  	19.90	    26.33	0	  0.00	塑料	上海	0.00	19.90	0	0	--  	0	0	--  	      15582.66	
="002323"	中联电气	--  	21.95	--  	--  	--  	0	0	--  	          0.00	--  	--  	--  	21.95	   130.92	0	  0.00	电气设备	江苏	0.00	21.95	0	0	--  	0	0	--  	       8350.16	
="002168"	深圳惠程	--  	10.13	--  	--  	--  	0	0	--  	          0.00	--  	--  	--  	10.13	--  	0	  0.00	电气设备	深圳	0.00	10.13	0	0	--  	0	0	--  	      56803.58	
="002155"	辰州矿业	--  	9.91	--  	--  	--  	0	0	--  	          0.00	--  	--  	--  	9.91	    71.87	0	  0.00	黄金	湖南	0.00	9.91	0	0	--  	0	0	--  	      99608.52	
="002044"	江苏三友	--  	10.04	--  	--  	--  	0	0	--  	          0.00	--  	--  	--  	10.04	    43.13	0	  0.00	服饰	江苏	0.00	10.04	0	0	--  	0	0	--  	      22410.00	
="002009"	天奇股份	--  	16.30	--  	--  	--  	0	0	--  	          0.00	--  	--  	--  	16.30	    47.89	0	  0.00	工程机械	江苏	0.00	16.30	0	0	--  	0	0	--  	      25991.22	
="002006"	*ST精功	--  	8.75	--  	--  	--  	0	0	--  	          0.00	--  	--  	--  	8.75	--  	0	  0.00	工程机械	浙江	0.00	8.75	0	0	--  	0	0	--  	      43677.89	
="000796"	易食股份	--  	7.23	--  	--  	--  	0	0	--  	          0.00	--  	--  	--  	7.23	    95.94	0	  0.00	食品	陕西	0.00	7.23	0	0	--  	0	0	--  	      24652.30	
="000627"	天茂集团	--  	4.10	--  	--  	--  	0	0	--  	          0.00	--  	--  	--  	4.10	    28.37	0	  0.00	化工原料	湖北	0.00	4.10	0	0	--  	0	0	--  	     135358.98	
="000533"	万 家 乐	--  	5.97	--  	--  	--  	0	0	--  	          0.00	--  	--  	--  	5.97	    35.25	0	  0.00	家用电器	广东	0.00	5.97	0	0	--  	0	0	--  	      68487.71	
="000514"	渝 开 发	--  	7.08	--  	--  	--  	0	0	--  	          0.00	--  	--  	--  	7.08	    36.98	0	  0.00	区域地产	重庆	0.00	7.08	0	0	--  	0	0	--  	      84377.09	
="000498"	山东路桥	--  	4.64	--  	--  	--  	0	0	--  	          0.00	--  	--  	--  	4.64	    27.67	0	  0.00	建筑施工	山东	0.00	4.64	0	0	--  	0	0	--  	      35417.01	
="000488"	晨鸣纸业	--  	6.15	--  	--  	--  	0	0	--  	          0.00	--  	--  	--  	6.15	    26.18	0	  0.00	造纸	山东	0.00	6.15	0	0	--  	0	0	--  	     110503.72	
="601088"	中国神华	-0.05	19.39	-0.01	19.40	19.43	1057010	37	0.31	          0.64	19.66	20.50	19.01	19.40	     9.76	2100026112	  1.06	煤炭开采	北京	7.68	19.87	521098	535911	  0.97	287	70	--  	    1649103.75	
="600804"	鹏博士	-0.11	18.34	-0.02	18.32	18.33	309925	62	0.21	          2.31	19.00	19.32	18.06	18.36	    45.34	581071552	  1.06	电信运营	四川	6.86	18.75	151930	157994	  0.96	75	48	--  	     134194.16	
="000869"	张  裕Ａ	-0.14	35.80	-0.05	35.77	35.80	46650	482	0.16	          1.03	36.05	36.37	35.31	35.85	    23.03	166457168	  0.77	红黄药酒	山东	2.96	35.68	24387	22262	  1.10	30	172	--  	      45346.07	
="002481"	双塔食品	-0.17	17.35	-0.03	17.24	17.35	36202	194	0.87	          0.97	17.38	17.38	16.97	17.38	    50.29	62049220	  0.85	食品	山东	2.36	17.14	20446	15756	  1.30	17	338	--  	      37455.17	
="600252"	中恒集团	-0.18	16.63	-0.03	16.67	16.68	275397	37	0.78	          2.52	16.63	17.08	16.40	16.66	    19.62	462498880	  0.99	中成药	广西	4.08	16.79	131246	144150	  0.91	3	272	--  	     109174.75	
="600489"	中金黄金	-0.19	10.49	-0.02	10.49	10.50	709072	200	0.38	          2.41	10.66	10.80	10.39	10.51	    58.91	752688256	  0.91	黄金	北京	3.90	10.62	355265	353807	  1.00	675	745	--  	     294322.88	
="601398"	工商银行	-0.22	4.61	-0.01	4.61	4.62	8862667	3	0.00	          0.33	4.78	4.82	4.55	4.62	     5.51	4174208000	  1.01	银行	北京	5.84	4.71	4293586	4569080	  0.94	4156	40709	--  	   26471778.00	
="600449"	宁夏建材	-0.24	12.38	-0.03	12.39	12.40	226317	271	0.08	          4.73	12.40	12.77	12.26	12.41	    15.96	282860000	  1.08	水泥	宁夏	4.11	12.50	115286	111031	  1.04	19	104	--  	      47818.10	
="600642"	申能股份	-0.31	6.45	-0.02	6.44	6.45	872984	40	0.15	          1.92	6.49	6.66	6.37	6.47	    15.48	569708224	  0.91	火力发电	上海	4.48	6.53	448070	424913	  1.05	281	2364	--  	     455203.84	
="600036"	招商银行	-0.33	15.29	-0.05	15.30	15.31	5290368	388	0.39	          2.56	15.89	16.23	15.01	15.34	     6.31	8302399488	  1.21	银行	深圳	7.95	15.69	2530979	2759388	  0.92	470	230	--  	    2062894.50	
="600720"	祁连山	-0.38	10.55	-0.04	10.54	10.56	554232	112	0.47	          7.14	10.60	10.87	10.31	10.59	     9.67	586598848	  1.01	水泥	甘肃	5.29	10.58	291609	262622	  1.11	192	17	--  	      77616.27	
="600089"	特变电工	-0.39	12.67	-0.05	12.65	12.66	1324411	100	1.11	          4.18	12.77	12.98	12.40	12.72	    22.32	1688597760	  0.88	电气设备	新疆	4.56	12.75	684154	640256	  1.07	26	1960	--  	     316591.31	
="600614"	鼎立股份	-0.43	13.96	-0.06	13.98	13.99	180808	103	0.50	          4.05	13.90	14.43	13.70	14.02	   335.49	252592736	  0.73	综合类	上海	5.21	13.97	102461	78347	  1.31	4	336	--  	      44675.94	
="000063"	中兴通讯	-0.44	18.29	-0.08	18.29	18.30	834058	4509	0.05	          2.98	18.55	18.98	18.05	18.37	    25.75	1547979520	  0.92	通信设备	深圳	5.06	18.56	418265	415793	  1.01	2590	1596	--  	     280129.03	
="600059"	古越龙山	-0.44	9.13	-0.04	9.13	9.14	250447	9	0.00	          3.10	9.20	9.28	9.06	9.17	    76.84	230114288	  1.19	红黄药酒	浙江	2.40	9.19	123183	127264	  0.97	414	780	--  	      80852.40	
="002032"	苏 泊 尔	-0.46	17.46	-0.08	17.45	17.46	19352	901	0.11	          0.57	17.65	17.65	16.97	17.54	    16.33	33292628	  1.49	家用电器	浙江	3.88	17.20	12201	7150	  1.71	77	166	--  	      33906.17	
="000401"	冀东水泥	-0.47	12.80	-0.06	12.79	12.80	212199	1359	0.23	          1.75	12.96	13.37	12.56	12.86	   623.71	273910720	  0.68	水泥	河北	6.30	12.91	109035	103163	  1.06	78	31	--  	     121233.36	
="000690"	宝新能源	-0.47	6.35	-0.03	6.35	6.36	690928	2799	-0.15	          4.03	6.42	6.55	6.31	6.38	     9.87	445360000	  1.04	火力发电	广东	3.76	6.45	364570	326358	  1.12	4935	1318	--  	     171265.66	
="600801"	华新水泥	-0.48	10.37	-0.05	10.37	10.38	373389	200	0.09	          3.84	10.42	10.65	10.25	10.42	    14.28	389984864	  0.72	水泥	湖北	3.84	10.44	208473	164915	  1.26	35	274	--  	      97167.99	
="600101"	明星电力	-0.52	9.60	-0.05	9.59	9.60	107522	218	0.10	          3.32	9.67	9.82	9.53	9.65	    20.44	104074784	  0.98	水力发电	四川	3.01	9.68	55727	51795	  1.08	22	48	--  	      32417.90	
="000012"	南  玻Ａ	-0.58	8.62	-0.05	8.61	8.62	532027	8450	-0.23	          4.08	8.74	8.87	8.59	8.67	    18.20	464616288	  1.30	玻璃	深圳	3.23	8.73	285132	246895	  1.15	1172	324	--  	     130276.85	
="601288"	农业银行	-0.58	3.44	-0.02	3.44	3.45	12273696	200	0.29	          0.43	3.56	3.62	3.38	3.46	     5.50	4328634880	  0.93	银行	北京	6.94	3.53	5664114	6609581	  0.86	13805	19323	--  	   28416352.00	
="300070"	碧水源	-0.62	35.25	-0.22	35.25	35.28	134416	290	0.00	          2.08	35.72	36.37	34.95	35.47	   169.41	478678176	  1.10	环境保护	北京	4.00	35.61	69155	65260	  1.06	965	7	--  	      64693.33	
="600362"	江西铜业	-0.73	17.80	-0.13	17.80	17.81	492458	13	0.11	          2.37	17.94	18.45	17.56	17.93	    19.89	892758016	  0.98	铜	江西	4.96	18.13	246675	245783	  1.00	15	7	--  	     207524.73	
="600054"	黄山旅游	-0.76	15.74	-0.12	15.72	15.75	57302	136	0.12	          4.87	15.90	16.11	15.59	15.86	    26.06	90594864	  1.08	旅游景点	安徽	3.28	15.81	31053	26248	  1.18	33	29	--  	      11762.00	
="603001"	奥康国际	-0.77	18.05	-0.14	18.06	18.08	23651	24	0.00	          2.02	18.10	18.18	17.72	18.19	    29.26	42543412	  0.58	服饰	浙江	2.53	17.99	13938	9712	  1.44	7	2	--  	      11694.90	
="000899"	赣能股份	-0.85	6.97	-0.06	6.97	6.98	140490	1832	0.14	          2.53	7.03	7.14	6.92	7.03	    12.00	98718176	  0.81	火力发电	江西	3.13	7.03	78245	62245	  1.26	330	244	--  	      55518.16	
="601899"	紫金矿业	-0.88	3.37	-0.03	3.36	3.37	3993993	18	0.29	          2.53	3.44	3.48	3.32	3.40	    27.79	1362450176	  0.72	黄金	福建	4.71	3.41	2132920	1861073	  1.15	19965	4683	--  	    1580380.38	
="000725"	京东方Ａ	-0.88	3.37	-0.03	3.37	3.38	4776413	46502	-0.29	          4.15	3.46	3.55	3.33	3.40	    48.09	1642659584	  0.91	元器件	北京	6.47	3.44	2389074	2387338	  1.00	12979	28405	--  	    1150574.38	
="002064"	华峰氨纶	-1.02	10.71	-0.11	10.70	10.71	141206	930	0.09	          2.12	10.86	10.94	10.66	10.82	    22.32	152615312	  0.87	化纤	浙江	2.59	10.81	81816	59389	  1.38	721	811	--  	      66669.71	
="000937"	冀中能源	-1.06	8.40	-0.09	8.39	8.40	500412	4144	0.11	          2.27	8.53	8.72	8.31	8.49	   419.85	427272960	  1.14	煤炭开采	河北	4.83	8.54	246608	253803	  0.97	53	2066	--  	     220706.56	
="600123"	兰花科创	-1.06	10.25	-0.11	10.23	10.24	621179	1	0.29	          5.44	10.68	10.77	10.11	10.36	   499.74	653429376	  1.38	煤炭开采	山西	6.37	10.52	329066	292113	  1.13	178	8	--  	     114240.00	
="600009"	上海机场	-1.11	19.58	-0.22	19.56	19.57	194869	20	-0.05	          1.78	20.10	20.26	19.35	19.80	    17.92	384367904	  0.93	机场	上海	4.60	19.72	106793	88076	  1.21	249	9	--  	     109347.64	
="601098"	中南传媒	-1.14	17.38	-0.20	17.36	17.38	225704	37	0.00	          1.26	17.63	17.96	17.30	17.58	    25.08	396922784	  1.33	出版业	湖南	3.75	17.59	112124	113579	  0.99	11	429	--  	     179600.00	
="603128"	华贸物流	-1.20	14.80	-0.18	14.80	14.83	83332	15	-0.33	          5.21	14.95	14.97	14.60	14.98	    55.53	122991696	  1.16	仓储物流	上海	2.47	14.76	45396	37935	  1.20	39	40	--  	      16000.00	
="600740"	山西焦化	-1.28	6.93	-0.09	6.92	6.93	182978	10	0.72	          2.79	7.00	7.14	6.83	7.02	   192.92	128052712	  0.92	焦炭加工	山西	4.42	7.00	100031	82946	  1.21	559	421	--  	      65683.27	
="600309"	万华化学	-1.31	22.52	-0.30	22.53	22.55	391679	2	0.04	          1.81	22.86	23.68	22.35	22.82	    17.41	903755200	  0.98	化工原料	山东	5.83	23.07	203361	188317	  1.08	2145	105	--  	     216233.45	
="002033"	丽江旅游	-1.32	15.71	-0.21	15.71	15.72	42821	255	0.06	          2.18	15.93	15.95	15.52	15.92	    20.42	67231488	  0.94	旅游景点	云南	2.70	15.70	26352	16468	  1.60	98	15	--  	      19658.59	
="600648"	外高桥	-1.35	32.98	-0.45	32.99	33.00	203789	31	0.18	          2.52	33.52	34.91	32.80	33.43	    51.49	689324864	  1.72	园区开发	上海	6.31	33.83	98875	104914	  0.94	36	305	--  	      81022.34	
="600618"	氯碱化工	-1.50	9.83	-0.15	9.81	9.83	88993	33	0.10	          1.19	9.92	9.93	9.55	9.98	--  	86984216	  0.62	化工原料	上海	3.81	9.77	45674	43318	  1.05	12	124	--  	      74984.00	
="601139"	深圳燃气	-1.53	8.37	-0.13	8.36	8.37	94163	125	0.35	          0.48	8.53	8.57	8.30	8.50	    21.34	79716848	  0.77	供气供热	深圳	3.18	8.47	52664	41498	  1.27	249	368	--  	     198045.67	
="600583"	海油工程	-1.56	10.71	-0.17	10.71	10.72	2224281	213	0.37	          5.49	10.98	11.30	10.50	10.88	    13.70	2442693888	  0.82	石油开采	天津	7.35	10.98	1198405	1025876	  1.17	874	5	--  	     404901.41	
="600277"	亿利能源	-1.60	9.24	-0.15	9.25	9.26	636211	20	0.43	          3.04	9.39	9.40	9.15	9.39	    38.15	587930752	  0.86	化工原料	内蒙	2.66	9.24	327007	309204	  1.06	2297	1011	--  	     208958.95	
="002221"	东华能源	-1.69	16.32	-0.28	16.30	16.32	69110	535	0.12	          1.55	16.75	16.75	16.05	16.60	   185.72	113121256	  0.89	石油贸易	江苏	4.22	16.37	34822	34288	  1.02	42	29	--  	      44718.82	
="000830"	鲁西化工	-1.74	5.65	-0.10	5.65	5.66	514403	2136	0.17	          3.51	5.72	5.73	5.62	5.75	    20.54	291809632	  0.72	农药化肥	山东	1.91	5.67	304896	209506	  1.46	5599	1393	--  	     146398.02	
="600690"	青岛海尔	-1.77	18.33	-0.33	18.31	18.32	453634	53	0.16	          1.66	18.59	18.78	18.20	18.66	     9.93	837088896	  0.99	家用电器	山东	3.11	18.45	225755	227879	  0.99	178	132	--  	     273684.13	
="601699"	潞安环能	-1.78	11.62	-0.21	11.60	11.66	615643	83	0.51	          2.68	11.90	12.22	11.40	11.83	    31.58	729906304	  1.05	煤炭开采	山西	6.93	11.86	321880	293763	  1.10	462	283	--  	     230108.41	
="000826"	桑德环境	-1.78	28.14	-0.51	28.13	28.14	226326	683	0.07	          2.70	28.99	29.56	27.95	28.65	    34.76	651138816	  1.31	环境保护	湖北	5.62	28.77	122546	103780	  1.18	661	18	--  	      83933.35	
="600295"	鄂尔多斯	-1.81	9.24	-0.17	9.24	9.25	127356	83	-0.10	          2.08	9.47	9.63	9.21	9.41	    27.00	119916240	  1.61	服饰	内蒙	4.46	9.42	72883	54472	  1.34	46	108	--  	      61200.00	
="000422"	湖北宜化	-1.83	7.53	-0.14	7.52	7.53	348981	1634	0.00	          3.99	7.72	7.75	7.48	7.67	   278.95	264840256	  0.87	农药化肥	湖北	3.52	7.59	193145	155836	  1.24	1061	1952	--  	      87374.47	
="002415"	海康威视	-1.86	22.67	-0.43	22.67	22.68	207479	920	-0.13	          0.66	23.19	23.49	22.60	23.10	    25.20	479217504	  1.14	电器仪表	浙江	3.85	23.10	109365	98114	  1.11	809	125	--  	     315046.75	
="000669"	金鸿能源	-1.89	28.53	-0.55	28.52	28.53	32283	733	0.42	          1.41	28.80	28.80	28.00	29.08	    36.72	91669016	  0.54	供气供热	吉林	2.75	28.40	16036	16246	  0.99	2	49	--  	      22855.91	
="601789"	宁波建工	-1.93	9.67	-0.19	9.68	9.69	157441	13	0.31	          3.59	9.73	9.87	9.57	9.86	    25.78	152745280	  0.85	建筑施工	浙江	3.04	9.70	91057	66383	  1.37	23	81	--  	      43807.98	
="600971"	恒源煤电	-1.93	8.64	-0.17	8.65	8.66	323970	22	0.34	          3.24	8.84	9.11	8.50	8.81	   154.23	286490688	  1.15	煤炭开采	安徽	6.92	8.84	177735	146234	  1.22	178	114	--  	     100000.40	
="300202"	聚龙股份	-1.93	30.48	-0.60	30.00	30.48	70926	283	1.59	          1.29	31.15	31.15	28.34	31.08	   121.16	208140224	  4.69	专用机械	辽宁	9.04	29.35	39414	31512	  1.25	1162	24	--  	      54950.39	
="601666"	平煤股份	-1.97	5.98	-0.12	5.97	5.98	686362	29	0.16	          2.91	6.10	6.24	5.92	6.10	   122.51	418545376	  0.91	煤炭开采	河南	5.25	6.10	385288	301073	  1.28	4040	288	--  	     236116.50	
="002092"	中泰化学	-1.97	7.95	-0.16	7.94	7.95	292636	1936	0.00	          2.36	8.13	8.16	7.90	8.11	    32.97	234162160	  0.92	化工原料	新疆	3.21	8.00	163820	128815	  1.27	424	645	--  	     124236.88	
="601933"	永辉超市	-2.15	8.64	-0.19	8.65	8.66	525906	237	0.81	          1.71	8.84	8.90	8.52	8.83	    32.50	458354816	  1.24	超市连锁	福建	4.30	8.72	271460	254445	  1.07	2825	222	--  	     307160.00	
="600284"	浦东建设	-2.23	11.84	-0.27	11.83	11.84	604607	10	0.00	          9.15	12.35	12.35	11.76	12.11	    25.91	729112384	  1.72	建筑施工	上海	4.87	12.06	312486	292120	  1.07	404	297	--  	      66104.00	
="600326"	西藏天路	-2.25	9.13	-0.21	9.13	9.14	269158	33	0.00	          4.92	9.27	9.39	9.02	9.34	    73.46	246662912	  0.62	建筑施工	西藏	3.96	9.16	152404	116754	  1.31	2	1442	--  	      54720.00	
="000983"	西山煤电	-2.28	8.16	-0.19	8.16	8.17	920980	7840	0.36	          2.92	8.36	8.60	8.04	8.35	    56.29	767828352	  0.72	煤炭开采	山西	6.71	8.34	468313	452667	  1.03	2660	402	--  	     315117.00	
="002419"	天虹商场	-2.28	13.26	-0.31	13.25	13.26	90559	1272	0.07	          1.13	13.60	13.65	13.16	13.57	    22.63	121076552	  0.95	百货	深圳	3.61	13.37	51238	39321	  1.30	182	326	--  	      80020.00	
="601888"	中国国旅	-2.32	42.99	-1.02	42.98	43.00	69159	2	-0.02	          0.71	43.90	44.94	42.55	44.01	    26.40	301634912	  0.91	旅游服务	北京	5.43	43.61	36765	32394	  1.13	21	1191	--  	      97623.77	
="600486"	扬农化工	-2.35	30.81	-0.74	30.80	30.88	77874	200	0.06	          3.02	31.17	32.39	30.52	31.55	    18.82	244039152	  0.74	农药化肥	江苏	5.93	31.34	43718	34155	  1.28	18	45	--  	      25824.91	
="002056"	横店东磁	-2.42	22.57	-0.56	22.57	22.62	68923	679	0.04	          1.68	23.00	23.01	22.47	23.13	    26.55	156291728	  1.06	元器件	浙江	2.33	22.68	39395	29527	  1.33	299	5	--  	      41081.51	
="600718"	东软集团	-2.42	16.51	-0.41	16.50	16.51	355509	30	0.06	          2.90	16.90	16.91	16.29	16.92	    70.94	588833664	  0.87	软件服务	辽宁	3.66	16.56	195690	159818	  1.22	29	143	--  	     122759.42	
="601928"	凤凰传媒	-2.49	11.38	-0.29	11.37	11.38	399371	73	0.00	          5.63	11.64	11.78	11.28	11.67	    29.58	459696768	  1.14	出版业	江苏	4.28	11.51	216262	183108	  1.18	73	243	--  	      70878.35	
="600066"	宇通客车	-2.52	20.52	-0.53	20.49	20.50	259021	7	0.00	          2.08	21.11	21.28	20.14	21.05	    17.35	536686496	  1.93	汽车整车	河南	5.42	20.72	123959	135062	  0.92	10	2	--  	     124421.64	
="600348"	阳泉煤业	-2.72	8.93	-0.25	8.91	8.92	640267	53	0.44	          2.66	9.18	9.48	8.80	9.18	    38.13	587510720	  0.68	煤炭开采	山西	7.41	9.18	346835	293431	  1.18	1068	247	--  	     240500.00	
="600305"	恒顺醋业	-2.73	17.79	-0.50	17.79	17.80	49272	40	-0.33	          1.94	18.27	18.27	17.70	18.29	    72.95	88806928	  1.24	食品	江苏	3.12	18.02	27407	21864	  1.25	111	468	--  	      25430.00	
="600107"	美尔雅	-3.25	8.63	-0.29	8.68	8.69	100373	13	0.23	          2.79	8.94	8.94	8.58	8.92	--  	87359144	  0.97	服饰	湖北	4.04	8.70	60556	39816	  1.52	308	387	--  	      36000.00	
="600739"	辽宁成大	-3.57	21.34	-0.79	21.34	21.35	856516	21	-0.09	          6.28	22.48	22.63	21.01	22.13	    33.32	1865518720	  1.28	商贸代理	辽宁	7.32	21.78	461529	394986	  1.17	153	2244	--  	     136470.98	
="000800"	一汽轿车	-3.72	15.54	-0.60	15.53	15.54	386760	2311	0.12	          2.74	16.43	16.70	15.34	16.14	    77.02	612095552	  1.13	汽车整车	吉林	8.43	15.83	188241	198518	  0.95	313	1121	--  	     141175.41	
="300172"	中电环保	-3.87	22.85	-0.92	22.84	22.85	56795	680	0.04	          5.55	23.81	23.90	22.70	23.77	    63.64	131666728	  0.89	环境保护	江苏	5.05	23.18	34942	21853	  1.60	67	22	--  	      10224.55	
数据来源:通达信
