代码	名称	涨幅%%	现价	涨跌	买价	卖价	总量	现量	涨速%%	换手%%	今开	最高	最低	昨收	市盈(动)	总金额	量比	细分行业	地区	振幅%%	均价	内盘	外盘	内外比	买量	卖量	未匹配量	流通股本(万)	
="600348"	阳泉煤业	10.03	9.76	0.89	9.76	--  	990752	6	0.00	          4.12	9.08	9.76	9.08	8.87	    41.68	946057856	  1.57	煤炭开采	山西	7.67	9.55	498399	492353	  1.01	120976	0	--  	     240500.00	
="000758"	中色股份	10.01	16.16	1.47	16.16	--  	943698	1419	0.00	         10.47	14.74	16.16	14.62	14.69	   169.49	1484605440	  1.91	铅锌	北京	10.48	15.73	415555	528142	  0.79	14053	0	--  	      90156.15	
="601088"	中国神华	10.00	22.32	2.03	22.32	--  	1348528	1	0.00	          0.82	20.32	22.32	20.32	20.29	    11.24	2929278464	  1.59	煤炭开采	北京	9.86	21.72	710867	637661	  1.11	194090	0	--  	    1649103.75	
="600259"	广晟有色	10.00	61.14	5.56	61.14	--  	142544	4	0.00	          5.72	56.00	61.14	55.05	55.58	  1338.86	842145984	  1.60	小金属	海南	10.96	59.08	67829	74715	  0.91	3166	0	--  	      24940.00	
="601101"	昊华能源	10.00	9.46	0.86	9.46	--  	733774	10	0.00	          6.11	8.61	9.46	8.54	8.60	    57.75	677873216	  3.08	煤炭开采	北京	10.70	9.24	404953	328820	  1.23	36436	0	--  	     119999.82	
="600123"	兰花科创	10.00	11.33	1.03	11.33	--  	1657445	15	0.00	         14.51	10.30	11.33	10.23	10.30	   552.40	1844224128	  4.31	煤炭开采	山西	10.68	11.13	979643	677802	  1.45	19370	0	--  	     114240.00	
="600121"	郑州煤电	10.00	6.27	0.57	6.27	--  	485768	110	0.00	          6.96	5.72	6.27	5.68	5.70	--  	296558048	  5.38	煤炭开采	河南	10.35	6.10	218927	266841	  0.82	9431	0	--  	      69834.40	
="000552"	靖远煤电	10.00	11.11	1.01	11.11	--  	379983	448	0.00	         10.73	10.12	11.11	10.12	10.10	    22.00	412092096	  3.96	煤炭开采	甘肃	9.80	10.85	175311	204671	  0.86	54960	0	--  	      35412.42	
="601857"	中国石油	9.99	11.89	1.08	11.89	--  	3726890	117	0.00	          0.23	10.90	11.89	10.77	10.81	    16.99	4228175360	  1.68	石油开采	北京	10.36	11.35	1819082	1907807	  0.95	309553	0	--  	   16192208.00	
="600335"	国机汽车	9.98	19.72	1.79	19.72	--  	88800	60	0.00	          1.59	17.79	19.72	17.63	17.93	    14.84	169334096	  1.80	汽车配件	天津	11.66	19.07	29514	59285	  0.50	1866	0	--  	      56000.46	
="600362"	江西铜业	9.98	20.28	1.84	20.28	--  	1247142	15	0.00	          6.01	18.49	20.28	18.49	18.44	    22.66	2465291008	  2.90	铜	江西	9.71	19.77	596671	650471	  0.92	22668	0	--  	     207524.73	
="000983"	西山煤电	9.98	9.04	0.82	9.04	--  	1765687	5914	0.00	          5.60	8.28	9.04	8.26	8.22	    62.36	1558864000	  2.39	煤炭开采	山西	9.49	8.83	901390	864296	  1.04	90799	0	--  	     315117.00	
="600740"	山西焦化	9.97	7.39	0.67	7.39	--  	611243	15	0.00	          9.31	6.71	7.39	6.71	6.72	   205.73	439872928	  3.63	焦炭加工	山西	10.12	7.20	263344	347898	  0.76	7052	0	--  	      65683.27	
="601699"	潞安环能	9.97	12.69	1.15	12.69	--  	1047764	10	0.00	          4.55	11.54	12.69	11.54	11.54	    34.49	1293959168	  2.31	煤炭开采	山西	9.97	12.35	525692	522072	  1.01	62195	0	--  	     230108.41	
="000937"	冀中能源	9.95	9.17	0.83	9.17	--  	1279426	1119	0.00	          5.80	8.35	9.17	8.33	8.34	   458.33	1147900416	  2.98	煤炭开采	河北	10.07	8.97	647493	631932	  1.02	72529	0	--  	     220706.56	
="601666"	平煤股份	9.95	6.63	0.60	6.63	--  	1292722	300	0.00	          5.47	6.03	6.63	6.00	6.03	   135.83	831261824	  2.18	煤炭开采	河南	10.45	6.43	720827	571895	  1.26	39976	0	--  	     236116.50	
="600876"	洛阳玻璃	9.94	7.96	0.72	7.96	--  	2172	10	0.00	          0.09	7.96	7.96	7.96	7.24	   411.72	1728801	  0.04	玻璃	河南	0.00	7.96	1937	234	  8.28	58223	0	--  	      25001.82	
="600489"	中金黄金	9.60	11.64	1.02	11.66	11.67	1842507	366	0.77	          6.26	10.61	11.68	10.51	10.62	    65.37	2072291840	  3.10	黄金	北京	11.02	11.25	785681	1056825	  0.74	489	5050	--  	     294322.88	
="000032"	深桑达Ａ	9.45	12.04	1.04	12.03	12.04	133688	806	0.08	          5.74	11.17	12.10	11.13	11.00	--  	158348080	  5.41	元器件	深圳	8.82	11.84	60483	73205	  0.83	1797	84	--  	      23282.71	
="600486"	扬农化工	9.04	32.82	2.72	32.80	32.83	135958	68	-0.87	          5.26	30.12	33.11	29.42	30.10	    20.05	432805600	  1.44	农药化肥	江苏	12.26	31.83	53423	82534	  0.65	3	44	--  	      25824.91	
="600688"	上海石化	8.55	4.70	0.37	4.69	4.70	3411649	256	-1.26	         14.30	4.34	4.76	4.31	4.33	--  	1574849920	  2.89	石油加工	上海	10.39	4.62	1363240	2048409	  0.67	9746	5060	--  	     238500.00	
="002415"	海康威视	8.45	24.26	1.89	24.25	24.26	389060	1327	-0.04	          1.23	22.44	24.61	22.22	22.37	    26.97	923695744	  1.97	电器仪表	浙江	10.68	23.74	140759	248301	  0.57	127	654	--  	     315046.75	
="000792"	盐湖股份	8.20	23.48	1.78	23.47	23.48	271264	2968	0.21	          2.53	21.77	23.76	21.77	21.70	    42.90	624795328	  2.26	农药化肥	青海	9.17	23.03	113668	157596	  0.72	573	563	--  	     107353.50	
="002155"	辰州矿业	8.15	11.02	0.83	11.01	11.02	842264	14911	-0.54	          8.46	10.15	11.21	9.96	10.19	    79.92	905481472	  1.96	黄金	湖南	12.27	10.75	406408	435856	  0.93	969	914	--  	      99608.52	
="600309"	万华化学	8.08	23.54	1.76	23.54	23.55	665253	62	-0.08	          3.08	21.78	23.77	21.77	21.78	    18.20	1534055552	  1.79	化工原料	山东	9.18	23.06	287357	377896	  0.76	87	59	--  	     216233.45	
="601899"	紫金矿业	7.99	3.65	0.27	3.64	3.65	8915832	2204	0.00	          5.64	3.39	3.68	3.39	3.38	    30.09	3185986304	  2.64	黄金	福建	8.58	3.57	3645512	5270319	  0.69	21089	112	--  	    1580380.38	
="000869"	张  裕Ａ	7.86	37.60	2.74	37.60	37.61	82929	1349	-0.05	          1.83	34.86	37.76	34.76	34.86	    24.19	302417280	  2.26	红黄药酒	山东	8.61	36.47	30591	52338	  0.58	560	30	--  	      45346.07	
="600690"	青岛海尔	7.70	19.99	1.43	19.97	19.98	910666	5	-0.29	          3.33	18.86	20.25	18.71	18.56	    10.83	1799932160	  2.24	家用电器	山东	8.30	19.77	399406	511259	  0.78	137	58	--  	     273684.13	
="601633"	长城汽车	7.65	44.73	3.18	44.73	44.75	117174	28	-0.15	          0.58	41.55	45.25	41.20	41.55	    18.27	512867168	  1.76	汽车整车	河北	9.75	43.77	42252	74922	  0.56	136	20	--  	     200924.30	
="600066"	宇通客车	7.43	23.99	1.66	24.00	24.01	355764	15	-0.41	          2.86	22.75	24.16	22.31	22.33	    23.58	832407744	  1.88	汽车整车	河南	8.28	23.40	145142	210621	  0.69	10	371	--  	     124421.64	
="000418"	小天鹅Ａ	7.26	14.03	0.95	14.03	14.04	190773	989	0.07	          4.36	13.11	14.26	13.10	13.08	    12.94	263483024	  3.11	家用电器	江苏	8.87	13.81	79361	111411	  0.71	330	172	--  	      43776.10	
="000655"	金岭矿业	7.26	9.60	0.65	9.60	9.61	208656	2690	-0.10	          3.50	8.96	9.71	8.93	8.95	    29.30	196728960	  3.22	普钢	山东	8.72	9.43	81987	126669	  0.65	56	635	--  	      59534.01	
="000799"	酒 鬼 酒	6.96	15.68	1.02	15.68	15.69	229499	9660	1.68	         10.24	14.64	15.68	14.45	14.66	--  	349588032	  1.46	白酒	湖南	8.39	15.23	93235	136264	  0.68	435	311	--  	      22420.16	
="000338"	潍柴动力	6.93	29.18	1.89	29.18	29.19	704953	4420	0.03	          6.74	27.58	29.60	27.43	27.29	     9.84	2026692608	  1.81	汽车配件	山东	7.95	28.75	290649	414303	  0.70	692	143	--  	     104608.49	
="002428"	云南锗业	6.89	15.51	1.00	15.51	15.52	385405	3628	-0.06	          6.22	14.50	15.73	14.38	14.51	    71.94	589153984	  2.51	小金属	云南	9.30	15.29	176738	208667	  0.85	1455	273	--  	      62002.58	
="603399"	新华龙	6.36	11.38	0.68	11.37	11.38	127327	123	-0.26	         10.17	10.62	11.43	10.62	10.70	    88.41	142409408	  2.02	小金属	辽宁	7.57	11.18	52880	74447	  0.71	132	7	--  	      12525.79	
="000417"	合肥百货	6.27	8.81	0.52	8.81	8.82	384533	3894	-0.11	          4.94	8.21	9.05	8.11	8.29	    17.84	329428160	  1.19	百货	安徽	11.34	8.57	163632	220901	  0.74	439	956	--  	      77859.75	
="600050"	中国联通	6.26	5.26	0.31	5.25	5.26	8312544	95	0.19	          3.92	4.97	5.39	4.91	4.95	    23.89	4274376192	  1.95	电信运营	上海	9.70	5.14	3817308	4495236	  0.85	4254	17	--  	    2119659.75	
="002064"	华峰氨纶	5.89	11.33	0.63	11.33	11.34	486422	4763	0.08	          7.30	11.19	11.77	11.19	10.70	    23.61	560723904	  3.97	化纤	浙江	5.42	11.53	261849	224572	  1.17	183	1344	--  	      66669.71	
="600805"	悦达投资	5.58	11.93	0.63	11.93	11.94	440973	1	0.08	          5.19	11.41	12.06	11.39	11.30	    10.14	520062624	  1.83	综合类	江苏	5.93	11.79	190357	250616	  0.76	659	161	--  	      84920.21	
="601369"	陕鼓动力	5.52	9.18	0.48	9.19	9.20	304684	304	0.54	          1.86	8.69	9.21	8.60	8.70	    38.33	274673408	  1.59	机械基件	陕西	7.01	9.02	133974	170710	  0.78	3435	3468	--  	     163877.02	
="600058"	五矿发展	5.50	18.42	0.96	18.44	18.49	493994	10	1.15	          4.61	17.40	18.50	17.19	17.46	    83.82	888883200	  1.21	商贸代理	北京	7.50	17.99	209482	284512	  0.74	25	523	--  	     107191.07	
="002237"	恒邦股份	5.43	17.09	0.88	17.08	17.09	184852	1674	0.17	          4.62	16.08	17.26	16.01	16.21	    24.85	311268512	  2.75	黄金	山东	7.71	16.84	77135	107716	  0.72	427	115	--  	      40015.00	
="000800"	一汽轿车	5.42	15.96	0.82	15.95	15.96	384832	6922	-0.12	          2.73	15.14	16.40	15.14	15.14	    79.10	610098240	  1.16	汽车整车	吉林	8.32	15.85	139472	245360	  0.57	137	325	--  	     141175.41	
="600583"	海油工程	5.41	11.10	0.57	11.09	11.11	2251688	552	0.54	          5.56	10.57	11.31	10.41	10.53	    14.20	2464717568	  1.11	石油开采	天津	8.55	10.95	1038718	1212969	  0.86	3378	1262	--  	     404901.41	
="600197"	伊力特	5.37	12.94	0.66	12.95	12.96	230232	20	0.23	          5.22	12.20	13.05	12.16	12.28	    15.75	294063392	  1.70	白酒	新疆	7.25	12.77	100294	129937	  0.77	218	263	--  	      44100.00	
="000063"	中兴通讯	5.26	19.01	0.95	19.01	19.02	1439682	16350	0.10	          5.14	18.60	19.36	18.30	18.06	    26.76	2716251136	  1.77	通信设备	深圳	5.87	18.87	650888	788794	  0.83	73	4545	--  	     280129.03	
="600581"	八一钢铁	5.23	5.84	0.29	5.83	5.84	343960	96	-0.17	          4.49	5.54	5.88	5.50	5.55	--  	196764640	  1.32	普钢	新疆	6.85	5.72	163866	180094	  0.91	374	553	--  	      76644.89	
="000690"	宝新能源	5.22	6.65	0.33	6.65	6.66	839500	10855	0.00	          4.90	6.37	6.68	6.37	6.32	    10.34	550863360	  1.70	火力发电	广东	4.91	6.56	293623	545876	  0.54	1109	8364	--  	     171265.66	
="600199"	金种子酒	4.97	12.25	0.58	12.25	12.26	374084	20	0.74	          6.73	11.67	12.32	11.45	11.67	    90.77	450832128	  1.16	白酒	安徽	7.46	12.05	175627	198456	  0.88	3	832	--  	      55577.50	
="601139"	深圳燃气	4.97	8.66	0.41	8.65	8.66	180366	6	0.11	          0.91	8.26	8.68	8.26	8.25	    22.07	154163968	  2.14	供气供热	深圳	5.09	8.55	80039	100327	  0.80	5494	65	--  	     198045.67	
="601877"	正泰电器	4.88	31.83	1.48	31.81	31.82	78865	2	-0.21	          0.78	31.35	33.33	31.20	30.35	    18.32	253206720	  2.00	电气设备	浙江	7.02	32.11	36091	42774	  0.84	6	45	--  	     101144.64	
="601288"	农业银行	4.85	3.89	0.18	3.88	3.89	14404796	79	0.25	          0.51	3.76	3.92	3.72	3.71	     6.22	5486170624	  1.33	银行	北京	5.39	3.81	5933238	8471558	  0.70	30395	3256	--  	   28416352.00	
="601607"	上海医药	4.73	17.28	0.78	17.27	17.28	580870	38	0.40	          3.02	16.58	17.62	16.51	16.50	    18.22	992105664	  1.89	医药商业	上海	6.73	17.08	236448	344422	  0.69	700	8	--  	     192293.50	
="000422"	湖北宜化	4.67	7.84	0.35	7.83	7.84	511734	3363	0.00	          5.86	7.52	7.96	7.43	7.49	   290.44	395806528	  1.25	农药化肥	湖北	7.08	7.73	210313	301420	  0.70	1047	1924	--  	      87374.47	
="600009"	上海机场	4.64	20.53	0.91	20.53	20.54	371486	66	-0.24	          3.40	19.82	20.91	19.82	19.62	    18.79	760013568	  2.23	机场	上海	5.56	20.46	154877	216608	  0.72	170	377	--  	     109347.64	
="601933"	永辉超市	4.59	9.11	0.40	9.09	9.11	680250	14	0.00	          2.21	8.71	9.16	8.60	8.71	    34.27	610863808	  1.69	超市连锁	福建	6.43	8.98	285257	394992	  0.72	1501	6	--  	     307160.00	
="600779"	水井坊	4.50	10.21	0.44	10.20	10.21	173937	18	0.59	          5.89	9.75	10.22	9.70	9.77	--  	174577984	  0.94	白酒	四川	5.32	10.04	77190	96746	  0.80	450	122	--  	      29532.34	
="600101"	明星电力	4.46	9.83	0.42	9.84	9.85	139097	289	1.34	          4.29	9.40	9.85	9.32	9.41	    20.93	133130368	  1.68	水力发电	四川	5.63	9.57	61532	77564	  0.79	63	1024	--  	      32417.90	
="601888"	中国国旅	4.41	46.36	1.96	46.37	46.39	82467	11	-0.38	          0.84	44.58	46.92	44.55	44.40	    28.47	379662912	  1.64	旅游服务	北京	5.34	46.04	31700	50766	  0.62	1	93	--  	      97623.77	
="000729"	燕京啤酒	4.38	8.34	0.35	8.34	8.35	392315	1821	-0.11	          1.57	8.06	8.43	8.00	7.99	    19.18	323719488	  1.28	啤酒	北京	5.38	8.25	141541	250774	  0.56	279	554	--  	     249943.92	
="000899"	赣能股份	4.26	7.10	0.29	7.10	7.11	213636	1197	0.00	          3.85	6.87	7.17	6.80	6.81	    12.22	150049344	  1.57	火力发电	江西	5.43	7.02	96580	117056	  0.83	3451	881	--  	      55518.16	
="601339"	百隆东方	4.25	11.05	0.45	11.04	11.05	95945	7	0.18	          5.00	10.70	11.10	10.70	10.60	    15.59	105064008	  2.56	纺织	浙江	3.77	10.95	41474	54470	  0.76	366	603	--  	      19200.00	
="002221"	东华能源	4.25	17.19	0.70	17.18	17.19	60679	202	0.00	          1.36	16.58	17.50	16.58	16.49	   195.62	103825440	  1.14	石油贸易	江苏	5.58	17.11	27431	33247	  0.83	981	19	--  	      44718.82	
="600642"	申能股份	4.18	6.73	0.27	6.73	6.74	1075449	70	0.14	          2.36	6.48	6.80	6.42	6.46	    16.15	716156992	  1.62	火力发电	上海	5.88	6.66	483256	592192	  0.82	53	4168	--  	     455203.84	
="002024"	苏宁云商	4.00	9.36	0.36	9.35	9.36	2133278	18801	0.21	          4.32	9.04	9.43	9.02	9.00	--  	1980545280	  1.16	电器连锁	江苏	4.56	9.28	942824	1190453	  0.79	8819	8317	--  	     494071.41	
="600621"	华鑫股份	3.93	8.47	0.32	8.46	8.47	203432	10	-0.11	          3.88	8.25	8.53	8.16	8.15	    35.26	171206608	  1.51	全国地产	上海	4.54	8.42	94674	108757	  0.87	473	10	--  	      52408.23	
="601398"	工商银行	3.90	5.06	0.19	5.06	5.07	13658517	326	-0.19	          0.52	4.93	5.15	4.90	4.87	     6.05	6849226240	  1.77	银行	北京	5.13	5.01	6979825	6678691	  1.05	5049	12428	--  	   26471778.00	
="000726"	鲁  泰Ａ	3.84	12.45	0.46	12.45	12.48	212530	5301	0.08	          3.79	12.11	12.79	12.11	11.99	    12.57	264347168	  1.37	纺织	山东	5.67	12.44	94044	118486	  0.79	2504	500	--  	      56110.69	
="000537"	广宇发展	3.82	8.98	0.33	8.98	8.99	700293	3661	-0.77	         13.66	8.82	9.48	8.69	8.65	    14.04	634463680	  2.93	区域地产	天津	9.13	9.06	355646	344646	  1.03	3748	45	--  	      51271.33	
="600888"	新疆众和	3.76	8.28	0.30	8.29	8.30	327791	16	0.24	          5.11	7.96	8.33	7.81	7.98	--  	267500896	  1.70	铝	新疆	6.52	8.16	145443	182347	  0.80	253	2045	--  	      64122.58	
="600116"	三峡水利	3.60	14.98	0.52	14.97	14.98	179968	4	0.06	          6.73	14.53	14.99	14.33	14.46	    25.79	265124656	  0.87	水力发电	重庆	4.56	14.73	78198	101770	  0.77	1	115	--  	      26753.32	
="002646"	青青稞酒	3.59	22.22	0.77	22.22	22.23	93112	935	0.18	          2.07	21.39	22.39	21.01	21.45	    27.73	203117792	  1.30	白酒	青海	6.43	21.81	45014	48097	  0.94	337	251	--  	      45000.00	
="002200"	云投生态	3.51	18.30	0.62	18.30	18.31	81657	751	0.16	          7.57	17.66	18.41	17.32	17.68	--  	147994560	  2.54	环境保护	云南	6.17	18.12	31333	50323	  0.62	269	92	--  	      10782.91	
="600018"	上港集团	3.43	6.64	0.22	6.64	6.65	1394115	553	0.15	          0.61	6.50	6.69	6.44	6.42	    24.22	917937664	  1.04	港口	上海	3.89	6.58	588970	805145	  0.73	1558	12444	--  	    2275518.00	
="600089"	特变电工	3.39	12.80	0.42	12.80	12.81	1387365	140	0.31	          4.38	12.43	12.95	12.43	12.38	    22.55	1768615040	  1.16	电气设备	新疆	4.20	12.75	630270	757095	  0.83	155	613	--  	     316591.31	
="000636"	风华高科	3.39	9.16	0.30	9.15	9.16	227700	1086	0.10	          3.39	8.86	9.30	8.86	8.86	   105.99	208861696	  2.68	元器件	广东	4.97	9.17	96091	131609	  0.73	1219	281	--  	      67093.63	
="600723"	首商股份	3.37	8.29	0.27	8.29	8.31	101298	58	0.36	          1.54	8.03	8.31	8.00	8.02	    19.57	82874352	  0.91	百货	北京	3.87	8.18	49339	51958	  0.95	237	140	--  	      65722.45	
="002244"	滨江集团	3.36	8.31	0.27	8.31	8.32	480709	2303	0.12	          4.19	8.19	8.59	8.15	8.04	    14.80	402528640	  2.28	区域地产	浙江	5.47	8.37	239834	240875	  1.00	718	394	--  	     114773.00	
="600056"	中国医药	3.29	16.95	0.54	16.95	16.98	392521	59	0.35	          4.44	16.41	17.11	16.29	16.41	    30.55	661805568	  1.64	医药商业	北京	5.00	16.86	180173	212347	  0.85	1319	993	--  	      88445.85	
="600618"	氯碱化工	3.22	10.27	0.32	10.27	10.29	128139	579	0.29	          1.71	9.98	10.30	9.90	9.95	--  	130178256	  1.08	化工原料	上海	4.02	10.16	60800	67338	  0.90	115	828	--  	      74984.00	
="000789"	万年青	3.21	14.13	0.44	14.13	14.14	186262	1870	0.07	          4.56	13.72	14.26	13.66	13.69	    11.56	260320288	  0.85	水泥	江西	4.38	13.98	93982	92280	  1.02	32	143	--  	      40888.75	
="600322"	天房发展	3.19	4.85	0.15	4.85	4.86	746525	20	-0.20	          6.75	4.75	5.07	4.70	4.70	    61.22	364067392	  2.63	区域地产	天津	7.87	4.88	357842	388682	  0.92	148	1224	--  	     110570.00	
="601678"	滨化股份	3.18	10.72	0.33	10.72	10.73	256843	58	-0.09	          3.89	10.40	10.83	10.31	10.39	    16.81	272754592	  0.86	化工原料	山东	5.00	10.62	124217	132625	  0.94	156	1443	--  	      66000.00	
="600007"	中国国贸	3.07	15.76	0.47	15.75	15.76	109054	20	0.00	          1.08	15.28	16.28	15.20	15.29	    27.74	172805536	  2.52	园区开发	北京	7.06	15.85	50355	58699	  0.86	455	17	--  	     100728.25	
="600873"	梅花生物	3.07	7.38	0.22	7.37	7.38	668055	15	0.00	          2.15	7.20	7.45	7.05	7.16	    63.42	485287712	  1.16	食品	西藏	5.59	7.26	290844	377211	  0.77	1633	2211	--  	     310822.66	
="000572"	海马汽车	3.04	5.43	0.16	5.43	5.44	531295	10211	0.36	          3.24	5.26	5.52	5.24	5.27	    42.42	286732896	  1.58	汽车整车	海南	5.31	5.40	268722	262573	  1.02	1724	3810	--  	     164205.73	
="600284"	浦东建设	3.01	11.97	0.35	11.95	11.96	317806	207	0.16	          4.81	11.69	12.00	11.63	11.62	    26.20	377428384	  0.79	建筑施工	上海	3.18	11.88	163225	154581	  1.06	1891	41	--  	      66104.00	
="000725"	京东方Ａ	2.98	3.46	0.10	3.45	3.46	5489208	41704	0.28	          4.77	3.38	3.47	3.38	3.36	    49.37	1886653184	  1.45	元器件	北京	2.68	3.44	2043568	3445640	  0.59	40323	87558	--  	    1150574.38	
="002028"	思源电气	2.97	12.82	0.37	12.82	12.83	139728	1519	-0.07	          3.00	12.48	12.88	12.40	12.45	    18.35	177600464	  1.10	电气设备	上海	3.86	12.71	61633	78095	  0.79	30	340	--  	      46646.76	
="000830"	鲁西化工	2.96	5.56	0.16	5.56	5.57	450375	2730	0.18	          3.08	5.41	5.61	5.38	5.40	    20.22	248614832	  0.75	农药化肥	山东	4.26	5.52	219290	231085	  0.95	784	1890	--  	     146398.02	
="000538"	云南白药	2.85	64.95	1.80	64.92	64.95	198490	1269	0.09	          1.91	63.17	66.00	62.59	63.15	    26.09	1278906880	  1.56	中成药	云南	5.40	64.43	93237	105252	  0.89	8	42	--  	     104136.53	
="600801"	华新水泥	2.83	10.89	0.30	10.88	10.89	408342	10	0.64	          4.20	10.70	11.00	10.63	10.59	    15.00	443170816	  0.84	水泥	湖北	3.49	10.85	217610	190731	  1.14	142	20	--  	      97167.99	
="600280"	中央商场	2.78	14.80	0.40	14.81	14.82	107119	68	-0.13	          1.87	14.43	15.10	14.42	14.40	    12.89	159263824	  1.18	百货	江苏	4.72	14.87	47092	60027	  0.78	25	263	--  	      57416.73	
="600143"	金发科技	2.76	7.08	0.19	7.07	7.08	760073	138	0.28	          2.97	6.92	7.12	6.85	6.89	    29.77	532092608	  0.85	塑料	广东	3.92	7.00	317046	443026	  0.72	500	1316	--  	     256000.00	
="000012"	南  玻Ａ	2.70	9.13	0.24	9.13	9.14	774844	13231	0.00	          5.95	8.90	9.20	8.85	8.89	    19.27	703147648	  1.63	玻璃	深圳	3.94	9.07	364140	410703	  0.89	5804	4341	--  	     130276.85	
="600467"	好当家	2.67	6.53	0.17	6.53	6.54	229530	300	0.15	          3.14	6.39	6.57	6.32	6.36	   162.11	148694512	  1.62	渔业	山东	3.93	6.48	106354	123175	  0.86	275	726	--  	      73049.71	
="600614"	鼎立股份	2.63	13.65	0.35	13.65	13.67	148030	1	-0.36	          3.31	13.28	13.95	13.11	13.30	   328.04	201268992	  0.76	综合类	上海	6.32	13.60	80756	67273	  1.20	123	29	--  	      44675.94	
="002032"	苏 泊 尔	2.59	17.46	0.44	17.46	17.50	21378	211	-0.28	          0.63	17.20	17.60	17.05	17.02	    16.33	37141608	  1.82	家用电器	浙江	3.23	17.37	10365	11013	  0.94	1	100	--  	      33956.62	
="600277"	亿利能源	2.58	9.15	0.23	9.15	9.16	523114	11	-0.10	          2.50	8.95	9.22	8.88	8.92	    37.78	473427488	  0.77	化工原料	内蒙	3.81	9.05	210699	312414	  0.67	1449	2866	--  	     208958.95	
="600196"	复星医药	2.51	21.63	0.53	21.63	21.64	487626	4	0.27	          2.56	21.05	21.78	20.82	21.10	    23.82	1039531456	  1.87	化学制药	上海	4.55	21.32	234680	252945	  0.93	466	38	--  	     190439.23	
="600804"	鹏博士	2.50	18.43	0.45	18.42	18.43	305408	112	-0.10	          2.28	18.00	18.63	17.66	17.98	    45.56	555529408	  1.22	电信运营	四川	5.39	18.19	135230	170177	  0.79	292	62	--  	     134194.16	
="600596"	新安股份	2.41	10.63	0.25	10.64	10.65	191653	196	0.00	          2.82	10.38	10.68	10.35	10.38	    57.36	202718144	  1.29	农药化肥	浙江	3.18	10.58	86361	105291	  0.82	3	1141	--  	      67918.46	
="600858"	银座股份	2.39	10.30	0.24	10.29	10.30	207487	14	0.00	          4.01	10.06	10.48	9.89	10.06	    20.26	212720128	  0.96	百货	山东	5.86	10.25	99963	107524	  0.93	226	109	--  	      51754.80	
="000401"	冀东水泥	2.30	13.37	0.30	13.37	13.38	236449	2732	0.07	          1.95	13.05	13.48	12.80	13.07	   651.48	313427264	  0.87	水泥	河北	5.20	13.26	94374	142075	  0.66	737	201	--  	     121233.36	
="000488"	晨鸣纸业	2.11	6.30	0.13	6.29	6.30	409929	3042	0.00	          3.71	6.19	6.35	6.00	6.17	    26.82	254823920	  0.91	造纸	山东	5.67	6.22	210404	199524	  1.05	1272	271	--  	     110503.72	
="600067"	冠城大通	2.10	8.27	0.17	8.26	8.27	685606	89	-0.12	          5.75	8.21	8.58	8.16	8.10	    21.72	573586496	  1.99	全国地产	福建	5.19	8.37	347848	337758	  1.03	1855	211	--  	     119334.20	
="600616"	金枫酒业	2.03	9.57	0.19	9.56	9.57	152876	23	-0.10	          3.48	9.37	9.64	9.34	9.38	    55.13	145835696	  0.84	红黄药酒	上海	3.20	9.54	65741	87134	  0.75	127	478	--  	      43867.14	
="600295"	鄂尔多斯	1.92	9.54	0.18	9.55	9.56	129172	252	0.21	          2.11	9.41	9.61	9.37	9.36	    27.88	122799776	  1.30	服饰	内蒙	2.56	9.51	62421	66751	  0.94	527	123	--  	      61200.00	
="002431"	棕榈园林	1.80	21.49	0.38	21.49	21.50	129944	864	0.13	          5.14	21.18	21.65	20.50	21.11	    30.81	274591840	  1.26	建筑施工	广东	5.45	21.13	65947	63996	  1.03	139	314	--  	      25304.64	
="600252"	中恒集团	1.77	16.65	0.29	16.64	16.65	261719	37	-0.29	          2.40	16.33	16.89	16.32	16.36	    19.65	435468192	  1.19	中成药	广西	3.48	16.64	99592	162126	  0.61	1079	455	--  	     109174.75	
="600377"	宁沪高速	1.64	7.42	0.12	7.41	7.42	217555	22	0.00	          0.57	7.32	7.46	7.22	7.30	    13.56	160318288	  1.21	路桥	江苏	3.29	7.37	108697	108858	  1.00	506	1109	--  	     379275.53	
="600739"	辽宁成大	1.63	21.84	0.35	21.84	21.85	697537	184	-0.09	          5.11	21.51	22.15	20.97	21.49	    34.10	1506508672	  1.05	商贸代理	辽宁	5.49	21.60	329589	367948	  0.90	3	20	--  	     136470.98	
="600054"	黄山旅游	1.61	15.74	0.25	15.73	15.74	38882	36	0.25	          3.31	15.55	15.83	15.52	15.49	    26.06	61008796	  0.67	旅游景点	安徽	2.00	15.69	20587	18294	  1.13	68	19	--  	      11762.00	
="600648"	外高桥	1.61	32.89	0.52	32.89	32.90	97408	1	0.12	          1.20	32.20	33.32	32.10	32.37	    51.35	319910240	  0.74	园区开发	上海	3.77	32.84	47004	50404	  0.93	14	78	--  	      81022.34	
="600602"	仪电电子	1.58	7.08	0.11	7.07	7.08	117055	100	0.28	          1.33	6.98	7.08	6.91	6.97	   105.23	82036152	  0.85	元器件	上海	2.44	7.01	55387	61668	  0.90	54	454	--  	      87957.25	
="000042"	中洲控股	1.57	15.57	0.24	15.57	15.58	162965	1296	-0.19	          3.40	15.51	16.64	15.51	15.33	    18.32	259565248	  1.75	全国地产	深圳	7.37	15.93	74880	88085	  0.85	387	100	--  	      47879.07	
="000718"	苏宁环球	1.49	6.83	0.10	6.82	6.83	484341	3386	0.29	          3.30	6.78	7.12	6.78	6.73	   290.48	335335296	  1.75	区域地产	吉林	5.05	6.92	244730	239610	  1.02	2816	311	--  	     146984.73	
="600326"	西藏天路	1.45	9.07	0.13	9.06	9.08	214838	107	0.00	          3.93	8.95	9.15	8.77	8.94	    72.97	193116224	  0.83	建筑施工	西藏	4.25	8.99	107794	107043	  1.01	109	320	--  	      54720.00	
="600511"	国药股份	1.39	31.42	0.43	31.40	31.42	38922	17	0.12	          1.40	30.99	32.35	30.58	30.99	    30.10	121839224	  1.25	医药商业	北京	5.71	31.30	17998	20923	  0.86	9	4	--  	      27764.33	
="002305"	南国置业	1.39	7.31	0.10	7.31	7.32	397592	3352	-0.13	          6.02	7.23	7.68	7.20	7.21	    38.06	293975488	  1.46	区域地产	湖北	6.66	7.39	202749	194842	  1.04	287	733	--  	      66064.96	
="002481"	双塔食品	1.37	17.73	0.24	17.70	17.73	20412	80	-0.11	          0.54	17.69	17.90	17.51	17.49	    51.40	36211112	  0.62	食品	山东	2.23	17.74	10648	9763	  1.09	29	144	--  	      37455.17	
="600106"	重庆路桥	1.37	5.92	0.08	5.91	5.92	426871	60	0.16	          4.70	5.85	5.95	5.81	5.84	    20.80	251835536	  1.21	路桥	重庆	2.40	5.90	210426	216445	  0.97	536	1597	--  	      90774.20	
="002033"	丽江旅游	1.37	15.56	0.21	15.56	15.57	44045	398	0.06	          2.24	15.35	15.71	15.23	15.35	    20.23	68363448	  1.00	旅游景点	云南	3.13	15.52	24347	19698	  1.24	11	27	--  	      19658.59	
="600874"	创业环保	1.36	11.20	0.15	11.21	11.22	368951	20	0.26	          3.39	11.09	11.39	10.74	11.05	    47.12	409898208	  1.04	环境保护	天津	5.88	11.11	191771	177180	  1.08	102	616	--  	     108722.84	
="000826"	桑德环境	1.24	27.69	0.34	27.68	27.69	204759	833	-0.07	          2.44	27.46	27.85	26.38	27.35	    34.20	557849280	  1.17	环境保护	湖北	5.37	27.24	99806	104953	  0.95	132	50	--  	      83933.35	
="000011"	深物业A	1.20	10.10	0.12	10.09	10.10	199889	2257	-0.09	         11.37	10.11	10.44	9.90	9.98	    13.97	203784480	  2.05	区域地产	深圳	5.41	10.19	95943	103945	  0.92	854	282	--  	      17586.25	
="600073"	上海梅林	1.17	9.49	0.11	9.49	9.50	212931	134	0.21	          2.59	9.34	9.57	9.19	9.38	    59.45	199744384	  0.73	食品	上海	4.05	9.38	104852	108079	  0.97	116	546	--  	      82273.52	
="600183"	生益科技	1.13	8.07	0.09	8.07	8.08	417407	40	0.00	          2.93	8.00	8.24	7.86	7.98	    20.50	335442976	  1.54	元器件	广东	4.76	8.04	211452	205955	  1.03	757	1120	--  	     142301.81	
="002628"	成都路桥	1.04	5.82	0.06	5.82	5.83	356673	2409	-0.17	          5.44	5.80	5.85	5.66	5.76	    29.17	205538528	  0.78	建筑施工	四川	3.30	5.76	182044	174628	  1.04	1294	2320	--  	      65581.46	
="600824"	益民集团	1.03	6.89	0.07	6.88	6.89	151702	10	0.14	          1.73	6.83	6.95	6.83	6.82	    28.92	104541504	  0.94	百货	上海	1.76	6.89	77976	73725	  1.06	882	17	--  	      87835.59	
="600675"	中华企业	1.02	6.93	0.07	6.93	6.94	1412256	1679	-0.57	          7.56	6.91	7.26	6.80	6.86	    63.08	991591808	  2.20	区域地产	上海	6.71	7.02	701236	711019	  0.99	1151	4040	--  	     186705.94	
="000157"	中联重科	0.99	7.13	0.07	7.12	7.13	2849420	24046	0.00	          4.55	7.16	7.25	6.95	7.06	    41.20	2022849792	  0.68	工程机械	湖南	4.25	7.10	1480086	1369334	  1.08	29926	5698	--  	     626117.19	
="600697"	欧亚集团	0.85	25.97	0.22	25.97	25.98	46166	5	0.15	          2.98	25.78	26.10	24.93	25.75	    16.73	119019840	  1.06	百货	吉林	4.54	25.78	21000	25166	  0.83	17	10	--  	      15515.59	
="600814"	杭州解百	0.79	8.92	0.07	8.91	8.93	110303	121	0.00	          3.55	8.84	9.13	8.66	8.85	    26.12	98787328	  0.76	百货	浙江	5.31	8.96	57256	53046	  1.08	244	623	--  	      31038.30	
="603128"	华贸物流	0.62	14.65	0.09	14.63	14.65	64322	3	-0.40	          4.02	14.44	15.08	14.21	14.56	    54.97	94892712	  0.95	仓储物流	上海	5.98	14.75	29541	34781	  0.85	152	235	--  	      16000.00	
="600015"	华夏银行	0.59	13.54	0.08	13.54	13.55	2330318	58	-0.36	          3.59	13.56	13.84	13.20	13.46	     6.86	3157864448	  0.73	银行	北京	4.75	13.55	1129013	1201304	  0.94	190	996	--  	     648768.69	
="000598"	兴蓉投资	0.52	7.68	0.04	7.68	7.69	1298112	7528	0.00	          7.50	7.62	7.85	7.41	7.64	    25.56	993083648	  0.87	环境保护	四川	5.76	7.65	606137	691974	  0.88	6303	2981	--  	     173051.20	
="603001"	奥康国际	0.50	17.95	0.09	17.95	17.97	28808	7	-0.11	          2.46	17.86	18.18	17.57	17.86	    29.09	51610152	  0.70	服饰	浙江	3.42	17.92	15428	13379	  1.15	29	23	--  	      11694.90	
="601098"	中南传媒	0.42	16.67	0.07	16.67	16.68	134172	64	0.06	          0.75	16.60	16.98	16.17	16.60	    24.06	222281728	  0.70	出版业	湖南	4.88	16.57	61068	73104	  0.84	55	74	--  	     179600.00	
="601199"	江南水务	0.31	19.20	0.06	19.18	19.19	35745	25	-0.20	          1.53	19.06	19.46	18.55	19.14	    28.66	67987088	  0.79	水务	江苏	4.75	19.02	20543	15201	  1.35	53	66	--  	      23380.00	
="600638"	新黄浦	0.25	16.31	0.04	16.30	16.31	115598	2	-0.24	          2.06	16.35	16.68	16.03	16.27	    92.73	188584848	  1.78	区域地产	上海	4.00	16.31	48123	67474	  0.71	268	180	--  	      56116.39	
="600461"	洪城水业	0.17	11.68	0.02	11.68	11.69	128244	10	0.00	          3.89	11.62	11.86	11.25	11.66	    25.41	148953056	  1.18	水务	江西	5.23	11.61	69213	59030	  1.17	113	222	--  	      33000.00	
="600986"	科达股份	0.00	7.05	0.00	--  	--  	0	0	0.00	          0.00	--  	--  	--  	7.05	    36.88	0	  0.00	建筑施工	山东	0.00	7.05	0	0	--  	0	0	--  	      33526.96	
="600981"	汇鸿股份	0.00	4.21	0.00	--  	--  	0	0	0.00	          0.00	--  	--  	--  	4.21	    92.48	0	  0.00	商贸代理	江苏	0.00	4.21	0	0	--  	0	0	--  	      51610.64	
="600761"	安徽合力	0.00	15.65	0.00	--  	--  	0	0	0.00	          0.00	--  	--  	--  	15.65	    14.96	0	  0.00	工程机械	安徽	0.00	15.65	0	0	--  	0	0	--  	      61681.73	
="600749"	西藏旅游	0.00	12.18	0.00	--  	--  	0	0	0.00	          0.00	--  	--  	--  	12.18	  1161.76	0	  0.00	旅游景点	西藏	0.00	12.18	0	0	--  	0	0	--  	      18913.78	
="600575"	皖江物流	0.00	4.11	0.00	--  	--  	0	0	0.00	          0.00	--  	--  	--  	4.11	--  	0	  0.00	水运	安徽	0.00	4.11	0	0	--  	0	0	--  	     142320.00	
="600365"	通葡股份	0.00	11.38	0.00	--  	--  	0	0	0.00	          0.00	--  	--  	--  	11.38	  5686.21	0	  0.00	红黄药酒	吉林	0.00	11.38	0	0	--  	0	0	--  	      14000.00	
="600318"	巢东股份	0.00	11.20	0.00	--  	--  	0	0	0.00	          0.00	--  	--  	--  	11.20	    17.93	0	  0.00	水泥	安徽	0.00	11.20	0	0	--  	0	0	--  	      24200.00	
="600241"	时代万恒	0.00	8.28	0.00	--  	--  	0	0	0.00	          0.00	--  	--  	--  	8.28	--  	0	  0.00	商贸代理	辽宁	0.00	8.28	0	0	--  	0	0	--  	      18020.00	
="600105"	永鼎股份	0.00	9.86	0.00	--  	--  	0	0	0.00	          0.00	--  	--  	--  	9.86	    22.23	0	  0.00	通信设备	江苏	0.00	9.86	0	0	--  	0	0	--  	      38095.46	
="600103"	青山纸业	0.00	3.66	0.00	--  	--  	0	0	0.00	          0.00	--  	--  	--  	3.66	   601.14	0	  0.00	造纸	福建	0.00	3.66	0	0	--  	0	0	--  	     106184.15	
="600091"	ST明科	0.00	7.02	0.00	--  	--  	0	0	0.00	          0.00	--  	--  	--  	7.02	--  	0	  0.00	化工原料	内蒙	0.00	7.02	0	0	--  	0	0	--  	      33652.60	
="600090"	啤酒花	0.00	8.13	0.00	--  	--  	0	0	0.00	          0.00	--  	--  	--  	8.13	    36.46	0	  0.00	啤酒	新疆	0.00	8.13	0	0	--  	0	0	--  	      36791.66	
="300313"	天山生物	--  	23.69	--  	--  	--  	0	0	--  	          0.00	--  	--  	--  	23.69	   258.62	0	  0.00	农业综合	新疆	0.00	23.69	0	0	--  	0	0	--  	       4177.81	
="300144"	宋城演艺	--  	30.12	--  	--  	--  	0	0	--  	          0.00	--  	--  	--  	30.12	    39.83	0	  0.00	旅游景点	浙江	0.00	30.12	0	0	--  	0	0	--  	      19553.75	
="002558"	世纪游轮	--  	31.65	--  	--  	--  	0	0	--  	          0.00	--  	--  	--  	31.65	   271.60	0	  0.00	旅游服务	重庆	0.00	31.65	0	0	--  	0	0	--  	       3244.39	
="002529"	海源机械	--  	15.03	--  	--  	--  	0	0	--  	          0.00	--  	--  	--  	15.03	--  	0	  0.00	专用机械	福建	0.00	15.03	0	0	--  	0	0	--  	      15608.25	
="002509"	天广消防	--  	12.27	--  	--  	--  	0	0	--  	          0.00	--  	--  	--  	12.27	    51.77	0	  0.00	专用机械	福建	0.00	12.27	0	0	--  	0	0	--  	      23109.89	
="002324"	普利特	--  	19.90	--  	--  	--  	0	0	--  	          0.00	--  	--  	--  	19.90	    26.33	0	  0.00	塑料	上海	0.00	19.90	0	0	--  	0	0	--  	      15582.66	
="002323"	中联电气	--  	21.95	--  	--  	--  	0	0	--  	          0.00	--  	--  	--  	21.95	   130.92	0	  0.00	电气设备	江苏	0.00	21.95	0	0	--  	0	0	--  	       8350.16	
="002168"	深圳惠程	--  	10.13	--  	--  	--  	0	0	--  	          0.00	--  	--  	--  	10.13	--  	0	  0.00	电气设备	深圳	0.00	10.13	0	0	--  	0	0	--  	      56803.58	
="002044"	江苏三友	--  	10.04	--  	--  	--  	0	0	--  	          0.00	--  	--  	--  	10.04	    43.13	0	  0.00	服饰	江苏	0.00	10.04	0	0	--  	0	0	--  	      22410.00	
="002009"	天奇股份	--  	16.30	--  	--  	--  	0	0	--  	          0.00	--  	--  	--  	16.30	    47.89	0	  0.00	工程机械	江苏	0.00	16.30	0	0	--  	0	0	--  	      25991.22	
="002006"	*ST精功	--  	8.75	--  	--  	--  	0	0	--  	          0.00	--  	--  	--  	8.75	--  	0	  0.00	工程机械	浙江	0.00	8.75	0	0	--  	0	0	--  	      43677.89	
="000796"	易食股份	--  	7.23	--  	--  	--  	0	0	--  	          0.00	--  	--  	--  	7.23	    95.94	0	  0.00	食品	陕西	0.00	7.23	0	0	--  	0	0	--  	      24652.30	
="000627"	天茂集团	--  	4.10	--  	--  	--  	0	0	--  	          0.00	--  	--  	--  	4.10	    28.37	0	  0.00	化工原料	湖北	0.00	4.10	0	0	--  	0	0	--  	     135358.98	
="000533"	万 家 乐	--  	5.97	--  	--  	--  	0	0	--  	          0.00	--  	--  	--  	5.97	    35.25	0	  0.00	家用电器	广东	0.00	5.97	0	0	--  	0	0	--  	      68487.71	
="000514"	渝 开 发	--  	7.08	--  	--  	--  	0	0	--  	          0.00	--  	--  	--  	7.08	    36.98	0	  0.00	区域地产	重庆	0.00	7.08	0	0	--  	0	0	--  	      84377.09	
="000498"	山东路桥	--  	4.64	--  	--  	--  	0	0	--  	          0.00	--  	--  	--  	4.64	    27.67	0	  0.00	建筑施工	山东	0.00	4.64	0	0	--  	0	0	--  	      35417.01	
="600388"	龙净环保	-0.11	34.96	-0.04	34.96	34.97	188028	33	0.14	          4.40	35.20	35.48	33.90	35.00	    37.84	651409792	  0.83	专用机械	福建	4.51	34.64	98315	89713	  1.10	63	140	--  	      42762.00	
="600085"	同仁堂	-0.13	22.40	-0.03	22.38	22.40	180378	4	0.00	          1.38	22.50	22.69	22.01	22.43	    38.01	404291200	  1.06	中成药	北京	3.03	22.41	82029	98349	  0.83	212	264	--  	     131114.31	
="600305"	恒顺醋业	-0.77	18.02	-0.14	18.01	18.02	32867	1	0.16	          1.29	18.18	18.19	17.76	18.16	    73.89	59055728	  0.73	食品	江苏	2.37	17.97	18259	14607	  1.25	29	223	--  	      25430.00	
="600278"	东方创业	-1.28	13.15	-0.17	13.17	13.18	91131	28	0.15	          1.74	13.38	13.48	12.90	13.32	    53.93	119539376	  0.82	商贸代理	上海	4.35	13.12	52328	38802	  1.35	99	246	--  	      52224.17	
="000669"	金鸿能源	-2.04	28.75	-0.60	28.75	28.78	26269	443	0.13	          1.15	29.05	29.55	28.37	29.35	    37.00	75815640	  0.47	供气供热	吉林	4.02	28.86	12663	13605	  0.93	481	1	--  	      22855.91	
="300048"	合康变频	-2.29	12.81	-0.30	12.81	12.82	117009	1537	-0.07	          3.92	13.10	13.10	12.36	13.11	   146.57	148559728	  0.81	电气设备	北京	5.64	12.70	64378	52631	  1.22	169	60	--  	      29812.73	
="000523"	广州浪奇	-2.31	9.73	-0.23	9.73	9.74	282052	3671	1.03	          6.34	9.76	9.93	9.22	9.96	   129.02	268949152	  1.14	日用化工	广东	7.13	9.54	148821	133230	  1.12	363	896	--  	      44493.73	
="300262"	巴安水务	-4.37	19.91	-0.91	19.91	19.95	94413	1358	-0.40	          6.00	20.73	20.73	19.30	20.82	    63.50	188103600	  0.68	环境保护	上海	6.87	19.92	55053	39360	  1.40	809	19	--  	      15727.58	
="002419"	天虹商场	-5.52	12.84	-0.75	12.83	12.84	149426	1088	-0.23	          1.87	13.40	13.44	12.23	13.59	    21.91	190462368	  1.70	百货	深圳	8.90	12.75	85254	64172	  1.33	549	716	--  	      80020.00	
="300255"	常山药业	-6.08	33.20	-2.15	33.18	33.20	27199	518	-0.65	          2.10	35.19	35.34	33.20	35.35	    64.67	92101384	  1.21	生物制药	河北	6.05	33.86	17549	9650	  1.82	29	352	--  	      12945.29	
数据来源:通达信
