代码	名称	涨幅%%	现价	涨跌	买价	卖价	总量	现量	涨速%%	换手%%	今开	最高	最低	昨收	市盈(动)	总金额	量比	细分行业	地区	振幅%%	均价	内盘	外盘	内外比	买量	卖量	未匹配量	流通股本	
="002606"	大连电瓷	9.97	17.53	1.59	17.53	--  	157819	603	          0.00	         13.10	16.04	17.53	15.94	15.94	   159.01	270545600	  1.82	电气设备	辽宁	 9.97	17.14	70552	87267	  0.81	3159	0	--  	      12050.00	
="300083"	劲胜精密	8.23	25.00	1.90	25.00	25.01	81866	915	          0.00	          9.32	23.50	25.16	23.47	23.10	   121.72	201815968	  2.69	元器件	广东	 7.32	24.65	31804	50062	  0.64	112	31	--  	       8787.37	
="002339"	积成电子	6.58	11.82	0.73	11.82	11.83	198313	6654	          0.59	          6.98	10.94	11.82	10.88	11.09	    53.30	226664560	  1.45	软件服务	山东	 8.48	11.43	86856	111457	  0.78	1041	133	--  	      28414.25	
="002185"	华天科技	6.47	14.32	0.87	14.31	14.32	239670	1557	          0.06	          3.62	13.88	14.72	13.70	13.45	    31.71	338613184	  1.57	半导体	甘肃	 7.58	14.13	101424	138246	  0.73	918	74	--  	      66276.22	
="600615"	丰华股份	5.83	13.43	0.74	13.42	13.44	67935	50	         -0.07	          3.62	12.60	13.48	12.55	12.69	   173.21	89336808	  1.85	区域地产	上海	 7.33	13.15	28207	39728	  0.71	36	144	--  	      18762.44	
="600337"	美克家居	5.09	8.88	0.43	8.88	8.89	70082	60	          0.22	          1.10	8.48	8.93	8.43	8.45	    28.91	61630600	  1.33	家居用品	新疆	 5.92	8.79	30476	39606	  0.77	19	210	--  	      63833.23	
="300002"	神州泰岳	5.04	15.22	0.73	15.22	15.23	226713	3125	         -0.06	          3.12	14.65	15.25	14.50	14.49	    41.34	340388384	  1.08	软件服务	北京	 5.18	15.01	98292	128421	  0.77	552	3489	--  	      72615.95	
="600985"	雷鸣科化	4.96	16.92	0.80	16.92	16.94	46161	2	          0.41	          3.56	16.12	17.50	16.12	16.12	    24.41	77661392	  2.75	化工原料	安徽	 8.56	16.82	20465	25696	  0.80	10	57	--  	      12960.00	
="600380"	健康元	4.93	7.02	0.33	7.01	7.02	235887	36	          0.14	          1.53	6.77	7.08	6.73	6.69	    26.85	164447696	  2.35	化学制药	深圳	 5.23	6.97	98926	136961	  0.72	1947	3740	--  	     154583.59	
="002399"	海普瑞	4.71	26.89	1.21	26.89	26.90	55838	876	          0.56	          0.70	25.55	27.07	25.55	25.68	    72.02	148703824	  1.65	化学制药	深圳	 5.92	26.63	21670	34168	  0.63	64	276	--  	      80020.00	
="000816"	江淮动力	4.26	7.10	0.29	7.09	7.10	257470	2824	          0.14	          2.36	6.85	7.19	6.73	6.81	   179.34	181499088	  0.76	机械基件	江苏	 6.75	7.05	103810	153660	  0.68	1059	990	--  	     108877.75	
="600162"	香江控股	3.96	6.56	0.25	6.56	6.57	712095	63	          0.15	          9.27	6.28	6.63	6.21	6.31	    15.37	461271296	  1.69	全国地产	深圳	 6.66	6.48	297137	414958	  0.72	897	1990	--  	      76781.27	
="002333"	罗普斯金	3.93	14.28	0.54	14.28	14.29	45021	314	         -0.13	          1.86	13.74	14.39	13.74	13.74	    58.69	63481456	  1.72	铝	江苏	 4.73	14.10	22177	22844	  0.97	76	239	--  	      24248.49	
="000916"	华北高速	3.93	5.56	0.21	5.55	5.56	132269	1844	         -0.17	          1.21	5.40	5.62	5.21	5.35	    20.69	72852480	  1.28	路桥	北京	 7.66	5.51	60032	72237	  0.83	922	94	--  	     108997.39	
="000507"	珠海港	3.83	7.04	0.26	7.04	7.05	764242	3984	          0.00	          9.90	7.03	7.25	6.81	6.78	--  	540580736	  1.04	港口	广东	 6.49	7.07	354517	409725	  0.87	3141	2238	--  	      77214.38	
="000897"	津滨发展	3.83	6.77	0.25	6.76	6.77	911018	6286	          0.29	          5.63	6.68	6.89	6.58	6.52	   361.69	614362688	  1.18	区域地产	天津	 4.75	6.74	388522	522496	  0.74	1767	2479	--  	     161708.06	
="600528"	中铁二局	3.76	7.45	0.27	7.44	7.45	586411	188	          0.40	          4.02	7.21	7.53	7.15	7.18	    27.35	432256640	  1.43	建筑施工	四川	 5.29	7.37	262350	324061	  0.81	982	497	--  	     145920.00	
="300289"	利德曼	3.67	32.79	1.16	32.75	32.79	19043	87	          0.12	          3.42	31.65	32.94	31.23	31.63	    58.77	61089028	  1.10	生物制药	北京	 5.41	32.08	9528	9515	  1.00	110	12	--  	       5572.68	
="600329"	中新药业	3.64	15.38	0.54	15.36	15.39	136977	69	          0.32	          2.57	16.32	16.32	15.00	14.84	    33.20	214001264	  3.44	中成药	天津	 8.89	15.62	71240	65737	  1.08	48	163	--  	      53343.37	
="601058"	赛轮股份	3.45	17.40	0.58	17.40	17.43	42662	25	          0.11	          1.13	16.79	17.90	16.79	16.82	    19.60	74423072	  0.97	汽车配件	山东	 6.60	17.44	19512	23150	  0.84	46	100	--  	      37800.00	
="000623"	吉林敖东	3.38	23.26	0.76	23.25	23.26	302676	1203	          0.12	          3.84	22.60	23.68	22.31	22.50	    17.07	702417280	  0.98	中成药	吉林	 6.09	23.21	137857	164819	  0.84	78	1432	--  	      78904.07	
="000993"	闽东电力	3.35	10.48	0.34	10.48	10.49	58209	706	          0.28	          1.56	10.14	10.56	10.00	10.14	    33.25	60403972	  1.16	水力发电	福建	 5.52	10.38	26550	31659	  0.84	63	168	--  	      37300.00	
="600736"	苏州高新	3.29	5.02	0.16	5.02	5.03	274046	9	          0.00	          2.59	4.88	5.09	4.85	4.86	    38.76	137378112	  1.39	园区开发	江苏	 4.94	5.01	129945	144101	  0.90	411	2007	--  	     105788.15	
="002588"	史丹利	3.22	31.40	0.98	31.36	31.40	13863	71	         -0.09	          0.84	30.42	31.61	30.23	30.42	    16.28	43220820	  0.58	农药化肥	山东	 4.54	31.18	4714	9149	  0.52	40	107	--  	      16462.27	
="600082"	海泰发展	3.16	6.52	0.20	6.51	6.55	300467	337	         -0.30	          4.77	6.46	6.85	6.41	6.32	    57.67	198148352	  1.37	园区开发	天津	 6.96	6.59	150910	149557	  1.01	36	318	--  	      62998.89	
="300117"	嘉寓股份	2.95	7.33	0.21	7.33	7.35	46982	502	         -0.13	          1.44	7.13	7.43	7.08	7.12	    40.86	34336256	  1.19	装修装饰	北京	 4.92	7.31	18945	28037	  0.68	430	169	--  	      32580.00	
="002470"	金正大	2.94	26.60	0.76	26.60	26.62	29095	192	          0.15	          0.49	25.80	27.10	25.80	25.84	    17.14	77085288	  0.52	农药化肥	山东	 5.03	26.49	13481	15614	  0.86	31	1	--  	      59254.00	
="600897"	厦门空港	2.91	21.19	0.60	21.19	21.20	65086	1841	          1.09	          2.19	20.99	21.65	20.71	20.59	    13.09	138261760	  1.23	机场	福建	 4.57	21.24	29933	35153	  0.85	2838	70	--  	      29781.00	
="600845"	宝信软件	2.86	34.84	0.97	34.84	34.85	7530	27	          0.46	          0.33	34.00	34.90	33.32	33.87	    46.24	25887584	  0.78	软件服务	上海	 4.66	34.38	3412	4118	  0.83	59	1	--  	      22651.73	
="002073"	软控股份	2.82	12.77	0.35	12.77	12.78	196937	2046	         -0.07	          3.18	12.42	12.95	12.31	12.42	    58.88	251619840	  0.85	软件服务	山东	 5.15	12.78	97548	99389	  0.98	134	700	--  	      61879.48	
="600375"	华菱星马	2.72	12.84	0.34	12.83	12.85	116870	70	          0.62	          2.35	12.50	12.89	12.40	12.50	    50.85	148967168	  0.92	汽车整车	安徽	 3.92	12.75	53950	62920	  0.86	120	146	--  	      49788.89	
="002007"	华兰生物	2.71	35.29	0.93	35.28	35.29	141211	826	          0.05	          2.45	34.39	35.52	34.34	34.36	    36.40	496378016	  1.27	生物制药	河南	 3.43	35.15	68411	72800	  0.94	61	122	--  	      57686.69	
="000752"	西藏发展	2.65	14.33	0.37	14.32	14.33	94017	1234	          0.35	          3.56	13.90	14.50	13.89	13.96	   208.94	134033408	  1.21	啤酒	西藏	 4.37	14.26	43449	50568	  0.86	231	297	--  	      26375.01	
="600673"	东阳光科	2.65	16.28	0.42	16.27	16.28	102796	11	          0.06	          1.25	15.85	16.40	15.70	15.86	   103.47	166482288	  0.46	铝	广东	 4.41	16.20	40771	62025	  0.66	153	15	--  	      82261.22	
="000632"	三木集团	2.56	6.40	0.16	6.39	6.40	87021	392	          0.15	          1.87	6.29	6.46	6.21	6.24	   393.94	55467252	  0.76	综合类	福建	 4.01	6.37	39055	47966	  0.81	240	3360	--  	      46505.91	
="000088"	盐 田 港	2.56	8.00	0.20	8.00	8.01	371935	5100	         -0.12	          1.92	8.05	8.20	7.94	7.80	    33.77	299850464	  0.76	港口	深圳	 3.33	8.06	168579	203356	  0.83	1787	465	--  	     194212.78	
="002465"	海格通信	2.55	18.11	0.45	18.11	18.12	321806	2729	         -0.05	          3.56	17.80	18.25	17.54	17.66	    76.17	579609664	  1.04	通信设备	广东	 4.02	18.01	138778	183028	  0.76	954	943	--  	      90429.34	
="600875"	东方电气	2.48	16.14	0.39	16.15	16.16	336915	33	          0.06	          2.02	16.00	16.46	15.80	15.75	    22.27	547024704	  0.78	电气设备	四川	 4.19	16.24	166065	170850	  0.97	15	62	--  	     166386.00	
="002035"	华帝股份	2.44	13.00	0.31	12.99	13.00	52693	64	          0.15	          1.78	12.70	13.12	12.70	12.69	    17.33	68278400	  0.84	家用电器	广东	 3.31	12.96	26549	26144	  1.02	24	12	--  	      29677.21	
="600097"	开创国际	2.42	13.53	0.32	13.54	13.55	16250	78	          0.07	          1.41	13.25	13.76	13.12	13.21	    26.81	21907708	  0.95	渔业	上海	 4.84	13.48	8907	7343	  1.21	22	151	--  	      11544.99	
="600532"	宏达矿业	2.37	10.80	0.25	10.78	10.79	60152	305	          0.09	          3.64	10.65	10.90	10.40	10.55	    27.43	64705136	  0.83	普钢	山东	 4.74	10.76	29568	30584	  0.97	24	50	--  	      16510.25	
="600881"	亚泰集团	2.27	5.85	0.13	5.85	5.86	309270	25	         -0.67	          1.63	5.81	5.96	5.67	5.72	    51.81	180853056	  0.60	水泥	吉林	 5.07	5.85	137399	171871	  0.80	2652	447	--  	     189473.20	
="002449"	国星光电	2.10	12.67	0.26	12.67	12.68	89330	1326	         -0.15	          3.04	12.42	13.05	12.33	12.41	    40.68	114347544	  0.94	半导体	广东	 5.80	12.80	46186	43144	  1.07	132	284	--  	      29364.30	
="002302"	西部建设	2.06	14.35	0.29	14.34	14.35	66670	1338	          0.34	          2.46	14.19	14.39	13.84	14.06	    32.57	94727848	  0.54	水泥	新疆	 3.91	14.21	30718	35952	  0.85	8	19	--  	      27091.33	
="300282"	汇冠股份	2.04	28.50	0.57	28.45	28.50	4881	54	          0.00	          2.07	27.93	28.76	27.74	27.93	   318.10	13844499	  0.60	电脑设备	北京	 3.65	28.36	2120	2761	  0.77	16	41	--  	       2361.06	
="000601"	韶能股份	1.99	6.67	0.13	6.67	6.68	400398	1846	          0.45	          4.03	6.55	6.92	6.45	6.54	    20.35	268935936	  0.95	火力发电	广东	 7.19	6.72	179294	221104	  0.81	653	612	--  	      99398.67	
="300138"	晨光生物	1.89	11.85	0.22	11.83	11.85	21165	167	          0.59	          1.68	11.69	11.98	11.49	11.63	   124.65	25020870	  0.63	食品	河北	 4.21	11.82	10339	10826	  0.96	186	50	--  	      12608.41	
="000545"	金浦钛业	1.81	14.07	0.25	14.07	14.08	64552	235	          0.42	          4.13	13.92	14.29	13.57	13.82	    94.52	90662512	  1.16	化工原料	吉林	 5.21	14.04	28509	36043	  0.79	41	164	--  	      15637.36	
="002075"	沙钢股份	1.70	4.78	0.08	4.77	4.78	249008	1703	          0.20	          1.58	4.70	4.95	4.59	4.70	   107.98	119094880	  1.15	特钢	江苏	 7.66	4.78	123686	125322	  0.99	471	1331	--  	     157626.48	
="002027"	七喜控股	1.66	9.77	0.16	9.77	9.78	87140	1131	          0.20	          4.28	9.58	9.92	9.41	9.61	  2158.38	84441248	  0.60	电脑设备	广东	 5.31	9.69	42424	44716	  0.95	442	140	--  	      20348.88	
="600120"	浙江东方	1.63	16.82	0.27	16.80	16.81	189851	2	         -0.17	          3.76	16.55	17.37	16.55	16.55	    15.71	323505952	  0.91	商贸代理	浙江	 4.95	17.04	96850	93001	  1.04	650	3	--  	      50547.33	
="002676"	顺威股份	1.63	17.48	0.28	17.48	17.49	10800	101	          0.00	          2.53	17.22	17.75	17.03	17.20	    53.25	18895948	  0.47	塑料	广东	 4.19	17.50	4884	5916	  0.83	60	53	--  	       4275.22	
="600153"	建发股份	1.61	7.59	0.12	7.58	7.59	698921	150	          0.00	          2.47	7.55	7.76	7.47	7.47	    10.25	534042208	  1.24	商贸代理	福建	 3.88	7.64	319704	379217	  0.84	3711	356	--  	     283520.06	
="300019"	硅宝科技	1.52	18.08	0.27	18.08	18.09	14712	808	          0.11	          1.37	18.20	18.20	17.51	17.81	    37.49	26451036	  0.86	化工原料	四川	 3.87	17.98	4701	10011	  0.47	97	113	--  	      10745.41	
="600655"	豫园商城	1.47	11.07	0.16	11.07	11.08	198953	174	          0.00	          1.38	10.99	11.42	10.70	10.91	    20.44	221770432	  0.48	百货	上海	 6.60	11.15	92730	106223	  0.87	77	57	--  	     143732.20	
="002687"	乔治白	1.30	11.70	0.15	11.70	11.71	12601	122	          0.51	          1.81	11.55	11.77	11.35	11.55	    41.64	14647467	  0.46	服饰	浙江	 3.64	11.62	5676	6925	  0.82	0	38	--  	       6961.27	
="600125"	铁龙物流	1.24	7.36	0.09	7.36	7.37	183235	642	         -0.13	          1.40	7.33	7.47	7.17	7.27	    27.15	135101088	  0.54	铁路	辽宁	 4.13	7.37	82541	100694	  0.82	52	631	--  	     130552.18	
="601313"	江南嘉捷	1.10	11.02	0.12	11.01	11.02	50519	30	         -0.18	          1.88	10.88	11.17	10.60	10.90	    20.29	55747248	  1.25	运输设备	江苏	 5.23	11.03	23497	27022	  0.87	5	46	--  	      26852.53	
="002563"	森马服饰	1.03	37.36	0.38	37.36	37.37	9049	377	          0.13	          1.29	37.20	37.37	37.13	36.98	    27.96	33694540	  0.64	服饰	浙江	 0.65	37.23	5056	3993	  1.27	162	48	--  	       7000.00	
="600970"	中材国际	0.98	10.35	0.10	10.36	10.37	352070	41	          0.00	          3.22	10.31	10.53	10.15	10.25	    17.19	364719680	  0.48	建筑施工	江苏	 3.71	10.36	184513	167557	  1.10	176	80	--  	     109329.72	
="600086"	东方金钰	0.96	24.31	0.23	24.29	24.31	25598	7	          0.12	          0.73	24.10	24.38	23.90	24.08	    75.19	61781772	  0.77	服饰	湖北	 1.99	24.13	13460	12138	  1.11	2	23	--  	      35228.17	
="600083"	博信股份	0.95	10.67	0.10	10.64	10.70	24840	30	         -0.74	          1.10	10.57	10.88	10.38	10.57	   580.60	26355346	  0.66	元器件	广东	 4.73	10.61	13054	11786	  1.11	40	10	--  	      22598.08	
="000902"	新洋丰	0.88	13.75	0.12	13.74	13.75	58185	229	          0.00	          2.26	13.70	14.07	13.60	13.63	    14.42	80739808	  1.13	农药化肥	湖北	 3.45	13.88	27192	30993	  0.88	607	104	--  	      25800.00	
="002557"	洽洽食品	0.87	20.98	0.18	20.96	20.98	22456	657	         -0.04	          0.66	20.68	21.08	20.62	20.80	    25.75	47013640	  0.45	食品	安徽	 2.21	20.94	10490	11966	  0.88	65	631	--  	      33800.00	
="000652"	泰达股份	0.83	6.07	0.05	6.06	6.07	391114	5275	          0.33	          2.67	6.01	6.16	5.92	6.02	--  	236348128	  1.08	综合类	天津	 3.99	6.04	201655	189459	  1.06	3353	284	--  	     146567.00	
="600238"	海南椰岛	0.74	9.56	0.07	9.56	9.57	75311	7	          0.10	          1.70	9.54	9.62	9.31	9.49	    76.62	71664928	  0.67	红黄药酒	海南	 3.27	9.52	38969	36342	  1.07	580	265	--  	      44203.16	
="600720"	祁连山	0.72	8.35	0.06	8.35	8.36	198018	150	          0.00	          2.55	8.35	8.46	8.25	8.29	     7.65	165791872	  0.45	水泥	甘肃	 2.53	8.37	92490	105528	  0.88	504	1052	--  	      77616.27	
="002688"	金河生物	0.70	17.29	0.12	17.29	17.30	39214	1117	          0.05	          3.61	17.14	17.42	16.90	17.17	    45.48	67494360	  0.73	化学制药	内蒙	 3.03	17.21	21944	17270	  1.27	58	583	--  	      10849.66	
="002508"	老板电器	0.66	33.77	0.22	33.77	33.79	13563	105	          0.32	          0.44	33.59	34.09	33.03	33.55	    23.43	45628364	  0.68	家用电器	浙江	 3.16	33.64	7882	5681	  1.39	4	19	--  	      31175.00	
="600336"	澳柯玛	0.64	6.27	0.04	6.27	6.28	286104	30	          0.00	          4.21	6.18	6.32	6.12	6.23	    34.92	178511648	  1.33	家用电器	山东	 3.21	6.24	124452	161652	  0.77	211	2774	--  	      68007.20	
="600033"	福建高速	0.64	3.15	0.02	3.14	3.15	341950	43	          0.00	          1.25	3.14	3.20	3.13	3.13	    12.99	108114768	  0.60	路桥	福建	 2.24	3.16	150112	191838	  0.78	2337	3935	--  	     274440.00	
="002051"	中工国际	0.57	24.60	0.14	24.60	24.61	103413	1106	          0.20	          1.35	24.78	25.82	23.97	24.46	    20.20	258616352	  0.44	建筑施工	北京	 7.56	25.01	54304	49109	  1.11	3192	372	--  	      76414.59	
="002700"	新疆浩源	0.50	24.15	0.12	24.15	24.16	37051	745	          0.08	          3.87	24.11	24.32	23.79	24.03	    54.31	89236400	  0.44	供气供热	新疆	 2.21	24.08	20842	16209	  1.29	22	256	--  	       9564.16	
="000926"	福星股份	0.49	8.20	0.04	8.19	8.20	173557	603	          0.12	          3.28	8.19	8.33	8.13	8.16	     7.56	143300784	  0.79	区域地产	湖北	 2.45	8.26	93705	79852	  1.17	1137	169	--  	      52853.94	
="600160"	巨化股份	0.45	6.71	0.03	6.71	6.72	310154	634	          0.00	          1.71	6.68	6.78	6.57	6.68	    78.30	207738016	  0.45	化工原料	浙江	 3.14	6.70	154760	155394	  1.00	43	263	--  	     181091.59	
="000877"	天山股份	0.39	7.78	0.03	7.77	7.78	244127	2711	          0.00	          2.77	7.75	7.89	7.66	7.75	    16.72	190231200	  0.48	水泥	新疆	 2.97	7.79	128781	115346	  1.12	2244	201	--  	      88001.99	
="000900"	现代投资	0.32	6.31	0.02	6.30	6.31	112891	1224	          0.15	          1.12	6.32	6.38	6.19	6.29	    16.42	71182328	  0.30	路桥	湖南	 3.02	6.31	60102	52789	  1.14	1328	1263	--  	     101128.75	
="000605"	渤海股份	0.28	17.85	0.05	17.83	17.85	14352	243	         -0.11	          1.62	17.78	17.97	17.29	17.80	    88.75	25347498	  0.42	水务	北京	 3.82	17.66	6717	7635	  0.88	17	619	--  	       8842.98	
="600196"	复星医药	0.26	19.40	0.05	19.40	19.41	436625	7	          0.05	          2.29	20.10	20.10	19.36	19.35	    21.36	856834560	  1.71	化学制药	上海	 3.82	19.62	228198	208427	  1.09	594	304	--  	     190439.23	
="000966"	长源电力	0.21	9.37	0.02	9.37	9.38	62519	581	          0.00	          1.13	9.29	9.51	9.24	9.35	     6.26	58648472	  0.73	火力发电	湖北	 2.89	9.38	33341	29178	  1.14	81	277	--  	      55414.19	
="600223"	鲁商置业	0.20	5.03	0.01	5.03	5.05	76601	200	         -0.19	          0.77	5.04	5.10	5.01	5.02	    30.49	38732780	  0.64	区域地产	山东	 1.79	5.06	40888	35713	  1.14	116	11	--  	     100096.79	
="601009"	南京银行	0.09	10.77	0.01	10.77	10.78	598841	408	          0.27	          2.02	10.78	10.96	10.58	10.76	     5.76	643540544	  0.58	银行	江苏	 3.53	10.75	284548	314293	  0.91	25	227	--  	     296893.31	
="601007"	金陵饭店	0.08	12.09	0.01	12.07	12.09	50838	70	          0.08	          1.69	12.11	12.60	11.99	12.08	   138.32	62251304	  1.00	酒店餐饮	江苏	 5.05	12.24	32176	18662	  1.72	31	229	--  	      30000.00	
="601928"	凤凰传媒	0.00	10.61	0.00	--  	--  	0	0	          0.00	          0.00	--  	--  	--  	10.61	    27.58	0	  0.00	出版业	江苏	 0.00	10.61	0	0	--  	0	0	--  	      65788.35	
="601788"	光大证券	0.00	12.90	0.00	--  	--  	0	0	          0.00	          0.00	--  	--  	--  	12.90	    36.80	0	  0.00	证券	上海	 0.00	12.90	0	0	--  	0	0	--  	     341800.00	
="601700"	风范股份	0.00	17.58	0.00	--  	--  	0	0	          0.00	          0.00	--  	--  	--  	17.58	    35.59	0	  0.00	电气设备	江苏	 0.00	17.58	0	0	--  	0	0	--  	      23576.84	
="601107"	四川成渝	0.00	3.64	0.00	3.63	3.64	80892	12	          0.00	          0.37	3.66	3.68	3.61	3.64	     9.80	29511888	  0.44	路桥	四川	 1.92	3.65	41831	39061	  1.07	1532	80	--  	     216274.00	
="600986"	科达股份	0.00	7.05	0.00	--  	--  	0	0	          0.00	          0.00	--  	--  	--  	7.05	    36.88	0	  0.00	建筑施工	山东	 0.00	7.05	0	0	--  	0	0	--  	      33526.96	
="600981"	汇鸿股份	0.00	4.21	0.00	--  	--  	0	0	          0.00	          0.00	--  	--  	--  	4.21	    92.48	0	  0.00	商贸代理	江苏	 0.00	4.21	0	0	--  	0	0	--  	      51610.64	
="600876"	洛阳玻璃	0.00	7.24	0.00	--  	--  	0	0	          0.00	          0.00	--  	--  	--  	7.24	   374.48	0	  0.00	玻璃	河南	 0.00	7.24	0	0	--  	0	0	--  	      25001.82	
="600792"	云煤能源	0.00	6.26	0.00	--  	--  	0	0	          0.00	          0.00	--  	--  	--  	6.26	   868.05	0	  0.00	焦炭加工	云南	 0.00	6.26	0	0	--  	0	0	--  	      95202.89	
="600749"	西藏旅游	0.00	12.18	0.00	--  	--  	0	0	          0.00	          0.00	--  	--  	--  	12.18	  1161.76	0	  0.00	旅游景点	西藏	 0.00	12.18	0	0	--  	0	0	--  	      18913.78	
="600635"	大众公用	0.00	6.15	0.00	6.15	6.16	296018	54	          0.16	          1.80	6.18	6.30	6.03	6.15	    37.61	182334928	  0.66	供气供热	上海	 4.39	6.16	155728	140290	  1.11	1500	348	--  	     164486.98	
="600575"	皖江物流	0.00	4.11	0.00	--  	--  	0	0	          0.00	          0.00	--  	--  	--  	4.11	--  	0	  0.00	港口	安徽	 0.00	4.11	0	0	--  	0	0	--  	     142320.00	
="600569"	安阳钢铁	0.00	2.32	0.00	--  	--  	0	0	          0.00	          0.00	--  	--  	--  	2.32	    78.40	0	  0.00	普钢	河南	 0.00	2.32	0	0	--  	0	0	--  	     239368.45	
="600517"	置信电气	0.00	12.45	0.00	--  	--  	0	0	          0.00	          0.00	--  	--  	--  	12.45	    84.39	0	  0.00	电气设备	上海	 0.00	12.45	0	0	--  	0	0	--  	     111366.89	
="600497"	驰宏锌锗	0.00	10.39	0.00	--  	--  	0	0	          0.00	          0.00	--  	--  	--  	10.39	    84.98	0	  0.00	铅锌	云南	 0.00	10.39	0	0	--  	0	0	--  	     166756.09	
="600369"	西南证券	0.00	10.54	0.00	--  	--  	0	0	          0.00	          0.00	--  	--  	--  	10.54	    25.05	0	  0.00	证券	重庆	 0.00	10.54	0	0	--  	0	0	--  	     232255.45	
="600365"	通葡股份	0.00	11.38	0.00	--  	--  	0	0	          0.00	          0.00	--  	--  	--  	11.38	  5686.21	0	  0.00	红黄药酒	吉林	 0.00	11.38	0	0	--  	0	0	--  	      14000.00	
="600318"	巢东股份	0.00	11.20	0.00	--  	--  	0	0	          0.00	          0.00	--  	--  	--  	11.20	    17.93	0	  0.00	水泥	安徽	 0.00	11.20	0	0	--  	0	0	--  	      24200.00	
="600300"	维维股份	0.00	5.65	0.00	--  	--  	0	0	          0.00	          0.00	--  	--  	--  	5.65	    83.78	0	  0.00	软饮料	江苏	 0.00	5.65	0	0	--  	0	0	--  	     167200.00	
="600241"	时代万恒	0.00	8.28	0.00	--  	--  	0	0	          0.00	          0.00	--  	--  	--  	8.28	--  	0	  0.00	商贸代理	辽宁	 0.00	8.28	0	0	--  	0	0	--  	      18020.00	
="600105"	永鼎股份	0.00	9.86	0.00	--  	--  	0	0	          0.00	          0.00	--  	--  	--  	9.86	    22.23	0	  0.00	通信设备	江苏	 0.00	9.86	0	0	--  	0	0	--  	      38095.46	
="600103"	青山纸业	0.00	3.66	0.00	--  	--  	0	0	          0.00	          0.00	--  	--  	--  	3.66	   601.14	0	  0.00	造纸	福建	 0.00	3.66	0	0	--  	0	0	--  	     106184.15	
="600091"	ST明科	0.00	7.02	0.00	--  	--  	0	0	          0.00	          0.00	--  	--  	--  	7.02	--  	0	  0.00	化工原料	内蒙	 0.00	7.02	0	0	--  	0	0	--  	      33652.60	
="600090"	啤酒花	0.00	8.13	0.00	--  	--  	0	0	          0.00	          0.00	--  	--  	--  	8.13	    36.46	0	  0.00	啤酒	新疆	 0.00	8.13	0	0	--  	0	0	--  	      36791.66	
="300332"	天壕节能	--  	0.00	--  	--  	--  	0	0	--  	          0.00	--  	--  	--  	14.06	    40.57	0	  0.00	环境保护	北京	 0.00	14.06	0	0	--  	0	0	--  	      22666.75	
="300313"	天山生物	--  	0.00	--  	--  	--  	0	0	--  	          0.00	--  	--  	--  	23.69	   258.62	0	  0.00	农业综合	新疆	 0.00	23.69	0	0	--  	0	0	--  	       4177.81	
="300189"	神农大丰	--  	0.00	--  	--  	--  	0	0	--  	          0.00	--  	--  	--  	7.86	--  	0	  0.00	种植业	海南	 0.00	7.86	0	0	--  	0	0	--  	      33498.87	
="300072"	三聚环保	--  	0.00	--  	--  	--  	0	0	--  	          0.00	--  	--  	--  	27.13	    36.92	0	  0.00	化工原料	北京	 0.00	27.13	0	0	--  	0	0	--  	      45855.16	
="300013"	新宁物流	--  	0.00	--  	--  	--  	0	0	--  	          0.00	--  	--  	--  	9.26	   131.57	0	  0.00	仓储物流	江苏	 0.00	9.26	0	0	--  	0	0	--  	      18000.00	
="002608"	舜天船舶	--  	0.00	--  	--  	--  	0	0	--  	          0.00	--  	--  	--  	12.79	    86.27	0	  0.00	船舶	江苏	 0.00	12.79	0	0	--  	0	0	--  	      32855.16	
="002558"	世纪游轮	--  	0.00	--  	--  	--  	0	0	--  	          0.00	--  	--  	--  	31.65	   271.60	0	  0.00	旅游服务	重庆	 0.00	31.65	0	0	--  	0	0	--  	       3244.39	
="002534"	杭锅股份	--  	0.00	--  	--  	--  	0	0	--  	          0.00	--  	--  	--  	19.00	    58.39	0	  0.00	专用机械	浙江	 0.00	19.00	0	0	--  	0	0	--  	      39168.26	
="002529"	海源机械	--  	0.00	--  	--  	--  	0	0	--  	          0.00	--  	--  	--  	15.03	--  	0	  0.00	专用机械	福建	 0.00	15.03	0	0	--  	0	0	--  	      15608.25	
="002509"	天广消防	--  	0.00	--  	--  	--  	0	0	--  	          0.00	--  	--  	--  	12.27	    51.77	0	  0.00	专用机械	福建	 0.00	12.27	0	0	--  	0	0	--  	      23109.89	
="002485"	希努尔	--  	0.00	--  	--  	--  	0	0	--  	          0.00	--  	--  	--  	10.13	--  	0	  0.00	服饰	山东	 0.00	10.13	0	0	--  	0	0	--  	      32000.00	
="002426"	胜利精密	--  	0.00	--  	--  	--  	0	0	--  	          0.00	--  	--  	--  	11.26	    68.41	0	  0.00	元器件	江苏	 0.00	11.26	0	0	--  	0	0	--  	      35306.58	
="002324"	普利特	--  	0.00	--  	--  	--  	0	0	--  	          0.00	--  	--  	--  	19.90	    26.33	0	  0.00	塑料	上海	 0.00	19.90	0	0	--  	0	0	--  	      15582.66	
="002323"	中联电气	--  	0.00	--  	--  	--  	0	0	--  	          0.00	--  	--  	--  	21.95	   130.92	0	  0.00	电气设备	江苏	 0.00	21.95	0	0	--  	0	0	--  	       8350.16	
="002220"	天宝股份	--  	0.00	--  	--  	--  	0	0	--  	          0.00	--  	--  	--  	8.18	    22.08	0	  0.00	食品	辽宁	 0.00	8.18	0	0	--  	0	0	--  	      38948.12	
="002103"	广博股份	--  	0.00	--  	--  	--  	0	0	--  	          0.00	--  	--  	--  	10.18	   172.72	0	  0.00	文教休闲	浙江	 0.00	10.18	0	0	--  	0	0	--  	      17095.44	
="002044"	江苏三友	--  	0.00	--  	--  	--  	0	0	--  	          0.00	--  	--  	--  	10.04	    43.13	0	  0.00	服饰	江苏	 0.00	10.04	0	0	--  	0	0	--  	      22410.00	
="002013"	中航机电	--  	0.00	--  	--  	--  	0	0	--  	          0.00	--  	--  	--  	22.15	    51.08	0	  0.00	汽车配件	湖北	 0.00	22.15	0	0	--  	0	0	--  	      29285.81	
="002009"	天奇股份	--  	0.00	--  	--  	--  	0	0	--  	          0.00	--  	--  	--  	16.30	    47.89	0	  0.00	工程机械	江苏	 0.00	16.30	0	0	--  	0	0	--  	      25991.22	
="002006"	*ST精功	--  	0.00	--  	--  	--  	0	0	--  	          0.00	--  	--  	--  	8.75	--  	0	  0.00	工程机械	浙江	 0.00	8.75	0	0	--  	0	0	--  	      43677.89	
="000920"	南方汇通	--  	0.00	--  	--  	--  	0	0	--  	          0.00	--  	--  	--  	13.23	    31.50	0	  0.00	运输设备	贵州	 0.00	13.23	0	0	--  	0	0	--  	      42200.00	
="000796"	易食股份	--  	0.00	--  	--  	--  	0	0	--  	          0.00	--  	--  	--  	7.23	    95.94	0	  0.00	食品	陕西	 0.00	7.23	0	0	--  	0	0	--  	      24652.30	
="000795"	太原刚玉	--  	0.00	--  	--  	--  	0	0	--  	          0.00	--  	--  	--  	10.92	--  	0	  0.00	矿物制品	山西	 0.00	10.92	0	0	--  	0	0	--  	      27679.44	
="000776"	广发证券	--  	0.00	--  	--  	--  	0	0	--  	          0.00	--  	--  	--  	13.47	    19.67	0	  0.00	证券	广东	 0.00	13.47	0	0	--  	0	0	--  	     591929.13	
="000710"	天兴仪表	--  	0.00	--  	--  	--  	0	0	--  	          0.00	--  	--  	--  	13.60	--  	0	  0.00	汽车配件	四川	 0.00	13.60	0	0	--  	0	0	--  	      15120.00	
="000627"	天茂集团	--  	0.00	--  	--  	--  	0	0	--  	          0.00	--  	--  	--  	4.10	    28.37	0	  0.00	化工原料	湖北	 0.00	4.10	0	0	--  	0	0	--  	     135358.98	
="000533"	万 家 乐	--  	0.00	--  	--  	--  	0	0	--  	          0.00	--  	--  	--  	5.97	    35.25	0	  0.00	家用电器	广东	 0.00	5.97	0	0	--  	0	0	--  	      68487.71	
="000525"	红 太 阳	--  	0.00	--  	--  	--  	0	0	--  	          0.00	--  	--  	--  	15.92	    15.22	0	  0.00	农药化肥	江苏	 0.00	15.92	0	0	--  	0	0	--  	      50698.30	
="000498"	山东路桥	--  	0.00	--  	--  	--  	0	0	--  	          0.00	--  	--  	--  	4.64	    27.67	0	  0.00	建筑施工	山东	 0.00	4.64	0	0	--  	0	0	--  	      35417.01	
="000415"	渤海租赁	--  	0.00	--  	--  	--  	0	0	--  	          0.00	--  	--  	--  	10.28	    19.57	0	  0.00	多元金融	新疆	 0.00	10.28	0	0	--  	0	0	--  	     126917.42	
="000981"	银亿股份	-0.08	12.24	-0.01	12.24	12.25	29852	40	          0.08	          0.35	12.26	12.38	12.12	12.25	    22.43	36637988	  0.89	区域地产	甘肃	 2.12	12.27	13191	16661	  0.79	178	68	--  	      85810.52	
="002511"	中顺洁柔	-0.09	10.71	-0.01	10.71	10.72	43310	256	         -0.09	          1.07	10.71	10.90	10.61	10.72	    63.94	46416080	  0.75	造纸	广东	 2.71	10.72	25971	17339	  1.50	663	1239	--  	      40451.92	
="600098"	广州发展	-0.32	6.22	-0.02	6.23	6.24	194670	64	          0.16	          0.80	6.32	6.40	6.19	6.24	    12.61	121475368	  0.56	火力发电	广东	 3.37	6.24	123775	70895	  1.75	427	460	--  	     243737.45	
="000563"	陕国投Ａ	-0.34	8.77	-0.03	8.76	8.77	201790	1911	          0.11	          2.68	8.87	8.95	8.60	8.80	    32.72	177922928	  0.51	多元金融	陕西	 3.98	8.82	113362	88428	  1.28	185	894	--  	      75266.72	
="600795"	国电电力	-0.35	2.88	-0.01	2.88	2.89	1414535	5	         -0.34	          0.92	2.94	2.94	2.87	2.89	     7.27	409909120	  0.53	火力发电	辽宁	 2.42	2.90	682431	732104	  0.93	79260	17789	--  	    1539514.88	
="600068"	葛洲坝	-0.39	5.05	-0.02	5.05	5.06	342075	5	          0.00	          0.98	5.09	5.14	5.04	5.07	    10.01	173687456	  0.49	建筑施工	湖北	 1.97	5.08	166390	175685	  0.95	3553	3870	--  	     348745.91	
="000672"	上峰水泥	-0.53	7.57	-0.04	7.57	7.58	39406	1058	         -0.13	          1.87	7.66	7.70	7.52	7.61	    15.32	29984344	  0.48	水泥	甘肃	 2.37	7.61	20713	18693	  1.11	873	121	--  	      21069.01	
="300203"	聚光科技	-0.58	20.59	-0.12	20.59	20.60	33811	648	          0.00	          0.76	20.67	21.19	20.21	20.71	    62.49	70145752	  0.63	电器仪表	浙江	 4.73	20.75	17903	15908	  1.13	45	371	--  	      44500.00	
="000100"	TCL 集团	-0.62	3.23	-0.02	3.22	3.23	1606901	43190	          0.00	          1.98	3.28	3.30	3.22	3.25	    10.32	521691776	  0.63	家用电器	广东	 2.46	3.25	917885	689016	  1.33	34754	12558	--  	     813618.25	
="000528"	柳    工	-0.62	7.98	-0.05	7.98	7.99	256572	7317	         -0.24	          2.28	8.05	8.19	7.96	8.03	    37.53	206868912	  0.56	工程机械	广西	 2.86	8.06	142204	114368	  1.24	2171	964	--  	     112508.84	
="600617"	国新能源	-0.63	26.69	-0.17	26.66	26.75	15691	5	          0.03	          1.53	27.22	27.29	26.33	26.86	    37.96	42191624	  0.43	供气供热	山西	 3.57	26.89	8940	6751	  1.32	13	10	--  	      10263.63	
="002294"	信立泰	-0.68	35.18	-0.24	35.18	35.19	38176	115	          0.11	          1.33	35.41	35.73	35.00	35.42	    22.96	134622800	  0.84	化学制药	深圳	 2.06	35.26	22104	16072	  1.38	104	3	--  	      28698.46	
="002162"	斯米克	-0.69	8.68	-0.06	8.68	8.70	103032	1645	         -0.22	          2.46	8.73	8.99	8.52	8.74	   374.27	90129976	  0.49	陶瓷	上海	 5.38	8.75	58833	44199	  1.33	646	10	--  	      41800.00	
="002142"	宁波银行	-0.71	11.19	-0.08	11.18	11.19	198910	1577	         -0.08	          0.69	11.30	11.38	11.08	11.27	     5.95	222985600	  0.39	银行	浙江	 2.66	11.21	110501	88409	  1.25	2408	74	--  	     287241.59	
="000543"	皖能电力	-0.72	8.27	-0.06	8.27	8.28	156734	1563	          0.12	          1.53	8.39	8.41	8.18	8.33	     9.20	129817888	  0.68	火力发电	安徽	 2.76	8.28	103108	53626	  1.92	60	823	--  	     102515.75	
="601669"	中国电建	-0.74	4.01	-0.03	4.01	4.02	932926	600	          0.00	          2.83	4.10	4.11	4.00	4.04	     8.68	377071424	  0.41	建筑施工	北京	 2.72	4.04	477923	455003	  1.05	1448	10807	--  	     330000.00	
="000725"	京东方Ａ	-0.75	2.64	-0.02	2.63	2.64	2832022	26253	          0.38	          2.46	2.66	2.71	2.63	2.66	    37.67	754426112	  0.97	元器件	北京	 3.01	2.66	1413926	1418096	  1.00	62193	51519	--  	    1150574.38	
="002673"	西部证券	-0.83	16.68	-0.14	16.67	16.68	259494	1550	         -0.23	          3.77	17.13	17.24	16.29	16.82	    35.67	436000896	  0.69	证券	陕西	 5.65	16.80	130302	129192	  1.01	348	76	--  	      68761.11	
="600020"	中原高速	-0.95	3.13	-0.03	3.13	3.14	101282	15	         -0.31	          0.45	3.17	3.18	3.13	3.16	     9.91	31893524	  0.45	路桥	河南	 1.58	3.15	58329	42953	  1.36	2441	6872	--  	     224737.19	
="600058"	五矿发展	-0.98	14.13	-0.14	14.14	14.15	186606	10	         -0.14	          1.74	14.32	14.42	13.94	14.27	    64.30	264387264	  0.45	商贸代理	北京	 3.36	14.17	103756	82850	  1.25	5	449	--  	     107191.07	
="600109"	国金证券	-1.11	14.23	-0.16	14.24	14.27	1119288	301	          0.28	          4.32	14.48	14.82	13.90	14.39	    50.33	1605703424	  0.67	证券	四川	 6.39	14.35	577877	541411	  1.07	9	105	--  	     258814.34	
="600021"	上海电力	-1.22	6.50	-0.08	6.50	6.51	441583	20	         -0.45	          2.06	6.50	6.66	6.31	6.58	    17.11	286887008	  0.46	火力发电	上海	 5.32	6.50	247080	194503	  1.27	2626	26	--  	     213973.92	
="600291"	西水股份	-1.26	13.36	-0.17	13.35	13.37	58078	8	         -0.22	          1.51	13.52	13.67	13.14	13.53	    16.75	77536696	  0.61	水泥	内蒙	 3.92	13.35	34640	23438	  1.48	54	42	--  	      38400.00	
="600502"	安徽水利	-1.29	9.93	-0.13	9.92	9.93	251453	75	          0.10	          5.01	10.16	10.35	9.91	10.06	    20.27	253254064	  1.02	建筑施工	安徽	 4.37	10.07	142838	108615	  1.32	10	935	--  	      50193.00	
="600999"	招商证券	-1.40	13.40	-0.19	13.40	13.43	824299	110	          0.00	          1.77	13.80	13.90	13.30	13.59	    23.04	1121637504	  0.83	证券	深圳	 4.42	13.61	379922	444377	  0.85	1	40	--  	     466109.97	
="600436"	片仔癀	-1.44	89.54	-1.31	89.58	89.65	31617	2	          0.04	          1.97	92.58	92.98	88.68	90.85	    36.16	284402240	  1.01	中成药	福建	 4.73	89.95	17602	14015	  1.26	1	9	--  	      16088.45	
="600005"	武钢股份	-1.48	2.67	-0.04	2.67	2.68	600453	1	          0.37	          0.59	2.72	2.74	2.66	2.71	    26.24	161754064	  0.47	普钢	湖北	 2.95	2.69	318493	281960	  1.13	5227	20735	--  	    1009378.00	
="600676"	交运股份	-1.50	8.55	-0.13	8.56	8.57	202718	13	          0.00	          2.59	8.67	8.81	8.39	8.68	    23.18	174256208	  0.51	汽车配件	上海	 4.84	8.60	95246	107472	  0.89	41	87	--  	      78214.10	
="600269"	赣粤高速	-1.52	3.88	-0.06	3.88	3.89	235805	233	          0.00	          1.01	3.97	4.00	3.87	3.94	    11.12	92545080	  0.52	路桥	江西	 3.30	3.92	129392	106413	  1.22	1915	159	--  	     233540.70	
="000729"	燕京啤酒	-1.54	7.03	-0.11	7.03	7.04	202668	1325	         -0.14	          0.81	7.17	7.21	7.00	7.14	    16.17	143591936	  0.66	啤酒	北京	 2.94	7.09	119918	82750	  1.45	89	596	--  	     249943.92	
="601137"	博威合金	-1.54	20.41	-0.32	20.37	20.46	50351	62	          0.14	          2.34	20.74	21.60	20.32	20.73	    64.86	104728864	  1.03	铜	浙江	 6.17	20.80	19799	30552	  0.65	10	73	--  	      21500.00	
="601666"	平煤股份	-1.56	5.05	-0.08	5.04	5.05	246021	5	          0.39	          1.04	5.18	5.19	5.01	5.13	   103.46	125041120	  0.56	煤炭开采	河南	 3.51	5.08	149206	96815	  1.54	79	5	--  	     236116.50	
="600078"	澄星股份	-1.77	8.89	-0.16	8.88	8.89	115640	2	         -0.22	          1.75	8.97	9.07	8.60	9.05	   164.06	102570912	  0.91	化工原料	江苏	 5.19	8.87	54615	61025	  0.89	341	699	--  	      66257.28	
="000750"	国海证券	-1.81	10.88	-0.20	10.87	10.88	615504	6287	         -0.09	          3.05	11.15	11.23	10.86	11.08	    40.50	678969280	  0.51	证券	广西	 3.34	11.03	311913	303591	  1.03	2678	279	--  	     201821.09	
="000016"	深康佳Ａ	-1.92	6.12	-0.12	6.12	6.13	114445	511	          0.32	          1.91	6.27	6.27	6.05	6.24	   116.15	70283568	  0.60	家用电器	深圳	 3.53	6.14	71985	42460	  1.70	724	285	--  	      59991.50	
="600012"	皖通高速	-2.07	5.21	-0.11	5.21	5.22	95933	40	          0.19	          0.82	5.40	5.40	5.15	5.32	     9.67	50112000	  1.44	路桥	安徽	 4.70	5.22	57182	38751	  1.48	91	120	--  	     116560.00	
="000898"	鞍钢股份	-2.13	4.13	-0.09	4.12	4.13	506383	7696	          0.00	          0.82	4.27	4.28	4.12	4.22	    24.28	211293456	  0.53	普钢	辽宁	 3.79	4.17	273835	232548	  1.18	10985	10055	--  	     614893.63	
="600483"	福能股份	-2.17	9.90	-0.22	9.90	9.91	69584	28	         -0.10	          2.41	9.90	10.19	9.61	10.12	    17.36	68953760	  0.55	火力发电	福建	 5.73	9.91	46554	23030	  2.02	1994	15	--  	      28848.36	
="601901"	方正证券	-2.25	6.95	-0.16	6.95	6.96	2120199	646	          0.00	          3.48	7.15	7.21	6.87	7.11	    28.95	1490672256	  0.54	证券	湖南	 4.78	7.03	948662	1171537	  0.81	6150	790	--  	     610000.00	
="601919"	中国远洋	-2.30	4.67	-0.11	4.66	4.67	481726	99	          0.00	          0.63	4.78	4.84	4.64	4.78	--  	226943616	  0.56	水运	天津	 4.18	4.71	253865	227861	  1.11	1250	2970	--  	     763567.44	
="601998"	中信银行	-2.37	4.95	-0.12	4.94	4.95	786058	62	          0.00	          0.25	5.09	5.12	4.94	5.07	     5.38	392708128	  0.50	银行	北京	 3.55	5.00	459172	326886	  1.40	11200	1174	--  	    3190516.50	
="601111"	中国国航	-2.41	4.86	-0.12	4.86	4.87	526158	20	          0.00	          0.63	5.01	5.03	4.74	4.98	    15.11	256423648	  0.51	空运	北京	 5.82	4.87	253622	272536	  0.93	2166	3491	--  	     832927.13	
="000717"	韶钢松山	-2.54	2.69	-0.07	2.69	2.70	328970	9296	         -0.73	          2.92	2.70	2.76	2.66	2.76	--  	88553792	  0.42	钢加工	广东	 3.62	2.69	188083	140887	  1.33	1490	2012	--  	     112803.64	
="600165"	新日恒力	-2.58	9.81	-0.26	9.80	9.81	39444	5	          0.10	          2.03	10.07	10.07	9.74	10.07	--  	38856456	  0.68	钢加工	宁夏	 3.28	9.85	24311	15133	  1.61	235	113	--  	      19395.34	
="600016"	民生银行	-2.81	6.58	-0.19	6.58	6.59	2834752	720	         -0.30	          1.05	6.80	6.85	6.55	6.77	     4.57	1888834304	  0.51	银行	北京	 4.43	6.66	1380591	1454161	  0.95	2973	2964	--  	    2710607.50	
="600221"	海南航空	-3.46	2.51	-0.09	2.51	2.52	2749655	42	          0.39	          2.33	2.59	2.60	2.43	2.60	    12.15	691771392	  0.61	空运	海南	 6.54	2.52	1286355	1463300	  0.88	17693	23951	--  	    1181206.38	
="600029"	南方航空	-3.57	3.51	-0.13	3.51	3.52	822363	254	          0.28	          1.17	3.63	3.63	3.38	3.64	    20.58	288673280	  0.64	空运	广东	 6.87	3.51	442721	379642	  1.17	30	2474	--  	     702265.00	
="600400"	红豆股份	-3.63	6.10	-0.23	6.09	6.10	139448	316	          0.16	          2.49	6.36	6.37	5.90	6.33	   110.64	85609376	  0.71	服饰	江苏	 7.42	6.14	89174	50274	  1.77	762	212	--  	      56039.96	
="000089"	深圳机场	-3.85	5.00	-0.20	5.00	5.03	174795	9258	         -0.59	          1.03	5.19	5.26	4.99	5.20	    33.07	89660912	  1.17	机场	深圳	 5.19	5.13	107804	66991	  1.61	10	1196	--  	     169169.27	
数据来源:通达信
