代码	名称	涨幅%%	现价	涨跌	买价	卖价	总量	现量	涨速%%	换手%%	今开	最高	最低	昨收	市盈(动)	总金额	量比	细分行业	地区	振幅%%	均价	内盘	外盘	内外比	买量	卖量	未匹配量	流通股本	
="600808"	马钢股份	10.19	2.27	0.21	2.27	--  	1869246	6	          0.00	          3.13	2.08	2.27	2.06	2.06	--  	410561152	  4.87	普钢	安徽	10.19	2.20	1126525	742721	  1.52	519977	0	--  	     596775.13	
="600082"	海泰发展	10.06	6.78	0.62	6.78	--  	488827	10	          0.00	          7.76	6.16	6.78	6.10	6.16	   137.32	318577120	  2.02	园区开发	天津	11.04	6.52	276034	212793	  1.30	83247	0	--  	      62998.89	
="002282"	博深工具	10.04	13.92	1.27	13.92	--  	229926	1	          0.00	         19.19	13.10	13.92	13.10	12.65	    81.39	315731072	  4.15	轻工机械	河北	 6.48	13.73	142168	87758	  1.62	29742	0	--  	      11982.66	
="000601"	韶能股份	10.02	5.93	0.54	5.93	--  	1057327	485	          0.00	         10.64	5.41	5.93	5.41	5.39	    18.09	620621312	  7.25	火力发电	广东	 9.65	5.87	590765	466562	  1.27	19759	0	--  	      99398.67	
="000507"	珠海港	10.02	6.48	0.59	6.48	--  	904203	492	          0.00	         11.71	5.86	6.48	5.77	5.89	--  	563232704	  3.07	港口	广东	12.05	6.23	506009	398194	  1.27	132975	0	--  	      77214.38	
="600676"	交运股份	10.02	7.14	0.65	7.14	--  	226943	27	          0.00	          2.90	6.62	7.14	6.62	6.49	    19.23	160596656	  5.06	汽车配件	上海	 8.01	7.08	183290	43653	  4.20	50790	0	--  	      78214.10	
="600590"	泰豪科技	10.01	10.99	1.00	10.99	--  	64010	2	          0.00	          1.28	10.99	10.99	10.99	9.99	--  	70348000	  0.56	电气设备	江西	 0.00	10.99	53897	10113	  5.33	115910	0	--  	      50032.57	
="600755"	厦门国贸	9.99	7.49	0.68	7.49	--  	1365714	5	          0.00	         10.26	6.75	7.49	6.67	6.81	    13.39	978880000	  1.17	商贸代理	福建	12.04	7.17	726149	639565	  1.14	169229	0	--  	     133083.59	
="600836"	界龙实业	9.98	13.55	1.23	13.55	--  	381779	2	          0.00	         12.18	12.32	13.55	12.22	12.32	   519.37	495398080	  3.33	广告包装	上海	10.80	12.98	182957	198822	  0.92	41023	0	--  	      31356.33	
="600033"	福建高速	9.97	3.20	0.29	3.20	--  	2190809	30	          0.00	          7.98	2.91	3.20	2.88	2.91	    13.57	688673536	  3.99	路桥	福建	11.00	3.14	1397560	793249	  1.76	200359	0	--  	     274440.00	
="600162"	香江控股	9.96	6.07	0.55	6.07	--  	561196	10	          0.00	          7.31	5.54	6.07	5.50	5.52	    16.68	331106304	  5.28	全国地产	深圳	10.33	5.90	331101	230095	  1.44	709594	0	--  	      76781.27	
="600115"	东方航空	9.87	3.45	0.31	3.45	--  	1229362	200	          0.00	          1.58	3.17	3.45	3.15	3.14	  1561.65	417697472	  3.41	空运	上海	 9.55	3.40	702863	526499	  1.33	351719	0	--  	     778221.38	
="000088"	盐 田 港	8.78	7.43	0.60	7.43	7.44	1296219	9319	         -0.13	          6.67	6.83	7.51	6.72	6.83	    31.37	944099968	  2.52	港口	深圳	11.57	7.28	620783	675436	  0.92	1238	10330	--  	     194212.78	
="000791"	甘肃电投	8.36	10.89	0.84	10.89	10.90	177178	2288	         -0.27	         15.44	10.10	11.06	9.76	10.05	    33.55	182597664	  0.98	水力发电	甘肃	12.94	10.31	79671	97507	  0.82	1168	1079	--  	      11477.80	
="600650"	锦江投资	8.13	12.24	0.92	12.24	12.25	280922	110	         -0.48	          7.19	11.20	12.45	11.20	11.32	    32.93	340401600	  6.29	公共交通	上海	11.04	12.12	137714	143208	  0.96	40	145	--  	      39056.01	
="600035"	楚天高速	8.11	3.20	0.24	3.19	3.20	512790	41	          0.31	          4.23	2.96	3.26	2.95	2.96	    14.98	160514416	  6.46	路桥	湖北	10.47	3.13	188481	324309	  0.58	4746	113	--  	     121114.82	
="300239"	东宝生物	7.95	13.30	0.98	13.29	13.30	170398	1273	          0.15	         13.92	12.31	13.55	12.31	12.32	   617.86	223581104	  4.58	生物制药	内蒙	10.06	13.12	77318	93080	  0.83	525	563	--  	      12244.01	
="600153"	建发股份	7.62	7.77	0.55	7.77	7.78	1609387	40	          0.25	          5.68	7.22	7.94	7.15	7.22	    10.98	1234192768	  2.00	商贸代理	福建	10.94	7.67	751983	857404	  0.88	366	1084	--  	     283520.06	
="600004"	白云机场	7.26	9.01	0.61	8.99	9.00	237022	60	          0.00	          2.06	8.44	9.03	8.42	8.40	     9.88	207984240	  3.73	机场	广东	 7.26	8.77	88239	148783	  0.59	300	177	--  	     115000.00	
="600897"	厦门空港	6.97	22.10	1.44	22.07	22.10	136326	1	          0.09	          4.58	20.64	22.59	20.33	20.66	    13.84	296216672	  1.52	机场	福建	10.94	21.73	60674	75652	  0.80	39	258	--  	      29781.00	
="600655"	豫园商城	6.94	9.56	0.62	9.55	9.57	361768	24	          0.10	          2.52	9.00	9.80	9.00	8.94	    20.80	343422272	  4.32	百货	上海	 8.95	9.49	163733	198035	  0.83	290	588	--  	     143732.20	
="002593"	日上集团	6.37	13.20	0.79	13.20	13.21	67479	1105	         -0.22	          5.17	12.45	13.25	12.42	12.41	    66.04	86741104	  2.53	汽车配件	福建	 6.69	12.85	29783	37696	  0.79	194	145	--  	      13042.04	
="002082"	栋梁新材	6.35	10.55	0.63	10.55	10.56	235631	3113	          0.09	         12.66	10.19	10.80	9.97	9.92	    23.19	244796384	  5.88	铝	浙江	 8.37	10.39	111272	124359	  0.89	476	385	--  	      18605.09	
="600077"	宋都股份	6.14	5.53	0.32	5.53	5.54	243174	536	          0.00	          2.23	5.23	5.57	5.18	5.21	   185.48	130151048	  2.07	全国地产	浙江	 7.49	5.35	95472	147702	  0.65	15	539	--  	     109096.45	
="600675"	中华企业	6.06	5.60	0.32	5.58	5.59	767270	189	          0.00	          4.11	5.28	5.65	5.26	5.28	    17.25	423163232	  4.60	区域地产	上海	 7.39	5.52	324361	442909	  0.73	1338	127	--  	     186705.94	
="601008"	连云港	6.01	5.47	0.31	5.47	5.48	665288	14	         -0.18	          8.20	5.18	5.56	5.12	5.16	    53.45	358392192	  3.84	港口	江苏	 8.53	5.39	273576	391712	  0.70	229	2886	--  	      81163.50	
="600287"	江苏舜天	5.84	9.60	0.53	9.60	9.61	235828	2	          0.31	          5.40	9.07	9.80	9.01	9.07	    50.03	221564160	  1.69	商贸代理	江苏	 8.71	9.40	100712	135116	  0.75	370	31	--  	      43679.60	
="000717"	韶钢松山	5.80	2.37	0.13	2.36	2.37	492330	2915	          0.00	          4.36	2.25	2.46	2.25	2.24	--  	116021520	  3.27	钢加工	广东	 9.37	2.36	224938	267392	  0.84	4938	1594	--  	     112803.64	
="002692"	远程电缆	5.77	10.09	0.55	10.09	10.10	114362	972	          0.00	         10.60	9.58	10.32	9.55	9.54	    32.26	114102992	  3.09	电气设备	江苏	 8.07	9.98	45021	69341	  0.65	532	463	--  	      10792.58	
="002598"	山东章鼓	5.70	10.57	0.57	10.57	10.58	196152	2436	          0.00	          7.45	10.09	10.70	9.92	10.00	    41.77	202329440	  2.23	机械基件	山东	 7.80	10.31	91385	104767	  0.87	32	722	--  	      26322.46	
="601919"	中国远洋	5.47	4.05	0.21	4.05	4.06	909525	241	          0.00	          1.19	3.90	4.13	3.87	3.84	--  	364582464	  3.29	水运	天津	 6.77	4.01	402924	506601	  0.80	1704	6365	--  	     763567.44	
="000514"	渝 开 发	5.40	6.83	0.35	6.82	6.83	527086	5326	          0.00	          6.25	6.43	7.10	6.28	6.48	    35.67	350069600	  2.32	区域地产	重庆	12.65	6.64	253624	273462	  0.93	713	1021	--  	      84377.09	
="002673"	西部证券	4.95	14.85	0.70	14.85	14.86	402058	2812	         -0.06	          5.85	14.18	15.22	14.03	14.15	    31.76	588619008	  1.35	证券	陕西	 8.41	14.64	199303	202755	  0.98	1059	916	--  	      68761.11	
="002253"	川大智胜	4.90	35.30	1.65	35.26	35.30	76375	791	          0.05	          6.07	34.31	36.60	34.31	33.65	   200.32	270657664	  1.84	软件服务	四川	 6.81	35.44	34623	41752	  0.83	19	77	--  	      12585.73	
="000677"	恒天海龙	4.82	4.57	0.21	4.57	4.58	239082	3523	         -0.21	          2.77	4.41	4.60	4.35	4.36	--  	107392016	  2.20	化纤	山东	 5.73	4.49	88418	150664	  0.59	1232	5010	--  	      86394.82	
="600483"	福建南纺	4.80	8.96	0.41	8.96	8.97	87250	41	          0.11	          3.02	8.60	9.00	8.60	8.55	   910.18	77050352	  2.60	纺织	福建	 4.68	8.83	34523	52727	  0.65	55	16	--  	      28848.36	
="600708"	海博股份	4.70	9.14	0.41	9.13	9.14	324837	334	          0.00	          6.39	8.73	9.22	8.68	8.73	    30.81	293917056	  5.48	公共交通	上海	 6.19	9.05	148386	176451	  0.84	520	246	--  	      50838.26	
="000089"	深圳机场	4.65	4.73	0.21	4.73	4.74	339543	2986	          0.00	          2.01	4.51	4.89	4.51	4.52	    31.77	160947664	  6.61	机场	深圳	 8.41	4.74	164121	175422	  0.94	961	2355	--  	     169169.27	
="600707"	彩虹股份	4.58	11.64	0.51	11.64	11.66	313316	141	          0.25	          4.26	11.13	11.67	10.89	11.13	--  	354433248	  1.23	元器件	陕西	 7.01	11.31	168316	145000	  1.16	13	333	--  	      73471.77	
="000037"	深南电Ａ	4.54	5.53	0.24	5.53	5.54	93971	1313	          0.00	          2.77	5.29	5.57	5.21	5.29	--  	51011656	  4.30	火力发电	深圳	 6.81	5.43	43250	50721	  0.85	127	661	--  	      33889.39	
="000691"	亚太实业	4.49	7.45	0.32	7.44	7.45	179954	2091	          0.13	          6.19	7.10	7.45	7.04	7.13	  5337.68	130673504	  2.44	区域地产	海南	 5.75	7.26	79632	100322	  0.79	101	881	--  	      29048.63	
="600029"	南方航空	4.41	3.08	0.13	3.08	3.09	1342087	10	          0.00	          1.91	2.96	3.15	2.94	2.95	--  	412854656	  3.45	空运	广东	 7.12	3.08	661579	680508	  0.97	5560	8960	--  	     702265.00	
="600798"	宁波海运	4.35	4.80	0.20	4.79	4.80	320193	15	          0.41	          3.68	4.61	4.95	4.61	4.60	--  	152884192	  3.58	水运	浙江	 7.39	4.77	161092	159101	  1.01	399	3929	--  	      87117.45	
="600260"	凯乐科技	4.28	10.00	0.41	10.00	10.01	279093	14	         -0.09	          5.29	9.65	10.09	9.61	9.59	    43.54	276242496	  1.83	白酒	湖北	 5.01	9.90	121803	157290	  0.77	50	147	--  	      52764.00	
="600800"	天津磁卡	4.23	7.88	0.32	7.88	7.89	528398	34	          0.12	          8.66	7.58	8.10	7.45	7.56	--  	413108544	  2.20	综合类	天津	 8.60	7.82	228024	300374	  0.76	158	2441	--  	      61031.10	
="002168"	深圳惠程	4.09	10.18	0.40	10.18	10.19	416568	2871	          0.19	          7.33	9.78	10.34	9.76	9.78	--  	422289568	  1.47	电气设备	深圳	 5.93	10.14	177586	238982	  0.74	1096	888	--  	      56803.58	
="600078"	澄星股份	3.98	8.89	0.34	8.89	8.90	286060	15	          0.00	          4.32	8.54	8.92	8.49	8.55	   164.06	250619840	  1.21	化工原料	江苏	 5.03	8.76	123316	162744	  0.76	229	994	--  	      66257.28	
="601018"	宁波港	3.96	3.41	0.13	3.40	3.41	1921640	1173	          0.29	          1.50	3.28	3.44	3.28	3.28	    13.33	650311104	  3.29	港口	浙江	 4.88	3.38	983915	937725	  1.05	13275	977	--  	    1280000.00	
="600279"	重庆港九	3.95	11.85	0.45	11.84	11.85	118202	70	         -0.16	          3.46	11.56	12.00	11.41	11.40	    41.70	139354928	  3.16	港口	重庆	 5.18	11.79	57007	61195	  0.93	33	368	--  	      34209.23	
="600221"	海南航空	3.88	2.14	0.08	2.13	2.14	4554618	333	          0.46	          3.86	2.07	2.17	2.06	2.06	    27.00	967916032	  3.77	空运	海南	 5.34	2.13	1988909	2565709	  0.78	39318	99850	--  	    1181206.38	
="300275"	梅安森	3.86	21.80	0.81	21.78	21.80	47886	421	          0.46	          5.45	20.90	22.19	20.90	20.99	    77.84	104303440	  1.56	软件服务	重庆	 6.15	21.78	22290	25596	  0.87	10	14	--  	       8783.59	
="600692"	亚通股份	3.80	11.21	0.41	11.20	11.21	293384	93	          0.00	         11.50	10.81	11.38	10.76	10.80	   147.01	326973664	  2.36	水运	上海	 5.74	11.14	141572	151812	  0.93	339	102	--  	      25501.05	
="600207"	安彩高科	3.80	5.47	0.20	5.46	5.47	136345	30	          0.00	          3.10	5.27	5.55	5.26	5.27	--  	74083960	  2.25	元器件	河南	 5.50	5.43	57952	78393	  0.74	214	80	--  	      44000.00	
="000582"	北部湾港	3.79	14.51	0.53	14.51	14.52	112607	411	         -0.06	          7.95	14.02	14.76	13.87	13.98	    19.88	162267872	  3.78	港口	广西	 6.37	14.41	51478	61129	  0.84	68	325	--  	      14166.61	
="002381"	双箭股份	3.67	13.85	0.49	13.84	13.85	63465	1369	          0.28	          4.39	13.33	13.85	13.33	13.36	    25.41	86238448	  2.13	橡胶	浙江	 3.89	13.59	28369	35096	  0.81	847	349	--  	      14441.16	
="600159"	大龙地产	3.65	3.98	0.14	3.97	3.98	277869	355	          0.00	          3.35	3.86	4.05	3.80	3.84	--  	108733904	  2.46	区域地产	北京	 6.51	3.91	136855	141014	  0.97	1602	469	--  	      83000.32	
="002511"	中顺洁柔	3.52	11.19	0.38	11.18	11.19	131140	1313	          0.26	          3.24	10.81	11.20	10.74	10.81	    66.80	144128480	  1.65	造纸	广东	 4.26	10.99	52356	78784	  0.66	476	588	--  	      40451.92	
="002269"	美邦服饰	3.47	11.33	0.38	11.33	11.34	304911	3496	          0.35	          3.03	10.95	11.42	10.76	10.95	    32.02	338862144	  1.49	服饰	上海	 6.03	11.11	172795	132116	  1.31	800	211	--  	     100500.00	
="600017"	日照港	3.46	3.59	0.12	3.58	3.59	810464	541	          0.00	          3.08	3.47	3.63	3.45	3.47	    13.75	288409472	  4.14	港口	山东	 5.19	3.56	324470	485994	  0.67	1555	10896	--  	     263063.16	
="000899"	赣能股份	3.38	5.81	0.19	5.81	5.82	236701	3221	         -0.17	          4.26	5.66	5.86	5.64	5.62	    10.00	136764192	  4.06	火力发电	江西	 3.91	5.78	106762	129939	  0.82	7824	2179	--  	      55518.16	
="600406"	国电南瑞	3.38	16.83	0.55	16.81	16.82	599229	157	          0.11	          2.72	16.33	17.00	16.15	16.28	    46.90	996135488	  2.15	软件服务	江苏	 5.22	16.62	264987	334242	  0.79	519	342	--  	     220575.34	
="002188"	新 嘉 联	3.30	13.77	0.44	13.77	13.78	43713	427	          0.21	          3.06	13.40	13.89	13.37	13.33	--  	59674304	  1.25	元器件	浙江	 3.90	13.65	18565	25148	  0.74	62	42	--  	      14274.61	
="002243"	通产丽星	3.24	8.61	0.27	8.61	8.62	58344	481	          0.11	          1.88	8.36	8.63	8.31	8.34	--  	49413820	  1.44	塑料	深圳	 3.84	8.47	25465	32879	  0.77	208	162	--  	      30990.90	
="600643"	爱建股份	3.23	11.50	0.36	11.48	11.50	355092	103	          0.08	          4.34	11.18	11.68	11.18	11.14	    27.37	406373888	  2.13	多元金融	上海	 4.49	11.44	161542	193550	  0.83	488	892	--  	      81798.34	
="600795"	国电电力	3.21	2.57	0.08	2.56	2.57	2167817	2423	          0.00	          1.41	2.49	2.59	2.48	2.49	     7.46	551581184	  3.09	火力发电	辽宁	 4.42	2.54	886176	1281641	  0.69	27364	69997	--  	    1539514.88	
="300185"	通裕重工	3.18	6.48	0.20	6.47	6.48	337424	1646	          0.00	          4.81	6.30	6.60	6.27	6.28	    57.85	217119888	  2.07	工程机械	山东	 5.25	6.43	149662	187762	  0.80	2157	2869	--  	      70145.13	
="600038"	哈飞股份	3.18	40.90	1.26	40.99	41.00	123564	1	          0.24	          3.66	39.77	41.19	39.61	39.64	    78.99	500683072	  2.15	航空航天	黑龙江	 3.99	40.52	61481	62083	  0.99	11	101	--  	      33735.00	
="002232"	启明信息	3.13	12.87	0.39	12.87	12.88	345678	4069	          0.15	          8.69	12.49	12.88	12.35	12.48	  1139.88	437434240	  1.77	软件服务	吉林	 4.25	12.65	159151	186527	  0.85	1087	1094	--  	      39797.07	
="002302"	西部建设	3.09	12.68	0.38	12.68	12.69	109410	856	          0.00	          4.04	12.39	12.75	12.25	12.30	    28.78	137008832	  2.85	水泥	新疆	 4.07	12.52	47254	62156	  0.76	2372	112	--  	      27091.33	
="002259"	升达林业	3.09	7.35	0.22	7.35	7.36	420694	6807	          0.13	          6.93	7.14	7.42	7.04	7.13	   332.00	304019328	  1.43	家居用品	四川	 5.33	7.23	183015	237679	  0.77	1225	1497	--  	      60716.10	
="002361"	神剑股份	3.07	8.74	0.26	8.73	8.74	65878	124	          0.00	          3.72	8.52	8.82	8.52	8.48	    32.91	56998308	  1.52	化工原料	安徽	 3.54	8.65	28303	37575	  0.75	399	62	--  	      17698.19	
="600622"	嘉宝集团	3.05	7.76	0.23	7.75	7.76	189412	19	          0.12	          3.68	7.56	7.84	7.56	7.53	     7.22	146392528	  2.40	综合类	上海	 3.72	7.73	81467	107945	  0.75	549	312	--  	      51430.37	
="001896"	豫能控股	3.05	8.78	0.26	8.78	8.79	73448	1200	         -0.11	          1.71	8.51	8.85	8.50	8.52	    13.50	64034368	  2.49	火力发电	河南	 4.11	8.72	33930	39518	  0.86	122	401	--  	      42999.25	
="000429"	粤高速Ａ	3.04	4.07	0.12	4.07	4.08	127031	1589	          0.24	          2.72	3.97	4.09	3.95	3.95	    14.36	51296108	  3.17	路桥	广东	 3.54	4.04	48509	78522	  0.62	354	2969	--  	      46788.23	
="600593"	大连圣亚	3.00	20.24	0.59	20.19	20.25	40024	100	          0.14	          4.35	19.92	20.40	19.80	19.65	--  	80319792	  3.34	旅游景点	辽宁	 3.05	20.07	19787	20237	  0.98	1	5	--  	       9200.00	
="600386"	北巴传媒	2.91	12.01	0.34	12.00	12.01	338469	53	          0.08	          8.39	11.68	12.16	11.60	11.67	    25.10	404706048	  2.44	公共交通	北京	 4.80	11.96	166933	171536	  0.97	1100	253	--  	      40320.00	
="600505"	西昌电力	2.91	10.96	0.31	10.95	10.96	44602	15	         -0.18	          1.22	10.70	11.10	10.50	10.65	  1120.61	48352456	  2.38	水力发电	四川	 5.63	10.84	14137	30465	  0.46	65	104	--  	      36456.75	
="002398"	建研集团	2.90	17.37	0.49	17.35	17.37	117027	862	          0.69	          6.12	16.90	18.00	16.88	16.88	    20.38	202551792	  2.25	建筑施工	福建	 6.64	17.31	57557	59470	  0.97	1	345	--  	      19113.78	
="002093"	国脉科技	2.90	7.09	0.20	7.08	7.09	189048	1577	          0.14	          2.22	6.95	7.14	6.89	6.89	   126.16	133037640	  1.23	电信运营	福建	 3.63	7.04	89800	99248	  0.90	916	4775	--  	      85291.22	
="000403"	*ST生化	2.87	21.83	0.61	21.83	21.84	51813	294	         -0.22	          2.85	21.62	22.28	21.62	21.22	    29.37	113823432	  1.46	生物制药	江西	 3.11	21.97	27173	24640	  1.10	109	35	--  	      18151.84	
="600896"	中海海盛	2.87	4.66	0.13	4.65	4.66	196351	20	          0.21	          3.38	4.59	4.74	4.50	4.53	--  	90875112	  2.62	水运	海南	 5.30	4.63	81126	115225	  0.70	506	636	--  	      58131.57	
="600567"	山鹰纸业	2.85	2.53	0.07	2.52	2.53	532920	50	          0.00	          3.36	2.46	2.55	2.44	2.46	    48.56	132888024	  1.82	造纸	安徽	 4.47	2.49	233956	298964	  0.78	3152	6067	--  	     158601.70	
="300176"	鸿特精密	2.83	17.45	0.48	17.44	17.45	18329	520	         -0.22	          1.71	16.98	17.84	16.97	16.97	   115.87	31748168	  2.06	汽车配件	广东	 5.13	17.32	7973	10356	  0.77	100	79	--  	      10728.00	
="600020"	中原高速	2.82	2.92	0.08	2.91	2.92	300488	32	          0.00	          1.34	2.84	2.94	2.82	2.84	    10.52	87345408	  3.05	路桥	河南	 4.23	2.91	131093	169395	  0.77	4345	2790	--  	     224737.19	
="600225"	天津松江	2.80	7.71	0.21	7.70	7.71	328128	30	          0.12	          5.31	7.45	7.85	7.35	7.50	--  	251034720	  2.65	区域地产	天津	 6.67	7.65	148105	180023	  0.82	626	241	--  	      61814.21	
="600853"	龙建股份	2.79	4.05	0.11	4.04	4.05	117130	20	          0.49	          2.18	4.01	4.09	4.00	3.94	   120.75	47311996	  1.27	建筑施工	黑龙江	 2.28	4.04	59021	58109	  1.02	337	1230	--  	      53680.76	
="000680"	山推股份	2.78	4.06	0.11	4.05	4.06	270285	1976	          0.00	          2.83	3.96	4.07	3.96	3.95	    54.99	109090888	  1.50	工程机械	山东	 2.78	4.04	124920	145365	  0.86	3025	6144	--  	      95481.35	
="600479"	千金药业	2.72	16.61	0.44	16.60	16.61	46641	7	         -0.06	          1.53	16.14	16.65	16.05	16.17	    64.10	75954504	  1.11	中成药	湖南	 3.71	16.28	18284	28357	  0.64	3244	18	--  	      30481.91	
="002661"	克明面业	2.71	42.82	1.13	42.82	42.83	28333	145	          0.02	         13.27	41.78	43.41	41.45	41.69	    43.09	120459704	  1.64	食品	湖南	 4.70	42.51	14296	14037	  1.02	87	464	--  	       2135.75	
="600674"	川投能源	2.70	16.75	0.44	16.74	16.76	142680	78	          0.11	          0.65	16.45	16.92	16.37	16.31	     9.60	237934256	  0.93	火力发电	四川	 3.37	16.68	73844	68836	  1.07	83	483	--  	     220107.03	
="601800"	中国交建	2.59	4.76	0.12	4.75	4.76	1229491	295	          0.00	          9.11	4.65	4.83	4.61	4.64	     6.62	584330240	  3.10	建筑施工	北京	 4.74	4.75	657765	571726	  1.15	4779	1030	--  	     134973.55	
="600635"	大众公用	2.58	5.96	0.15	5.94	5.95	407992	424	          0.33	          2.48	5.83	6.01	5.75	5.81	    39.67	240730400	  2.65	供气供热	上海	 4.48	5.90	201730	206262	  0.98	3272	512	--  	     164486.98	
="600242"	中昌海运	2.54	8.07	0.20	8.06	8.07	65263	2	          0.00	          2.44	7.86	8.19	7.85	7.87	--  	52488804	  1.26	水运	广东	 4.32	8.04	29651	35612	  0.83	20	9	--  	      26696.25	
="600609"	金杯汽车	2.54	4.04	0.10	4.04	4.05	237940	42	          0.49	          2.18	3.97	4.05	3.91	3.94	--  	94978992	  1.46	汽车整车	辽宁	 3.55	3.99	107650	130290	  0.83	4659	5483	--  	     109266.71	
="600167"	联美控股	2.52	14.22	0.35	14.22	14.25	43352	4	          0.00	          2.05	13.97	14.26	13.73	13.87	    13.01	61241164	  2.44	供气供热	辽宁	 3.82	14.13	15850	27502	  0.58	71	13	--  	      21100.00	
="002448"	中原内配	2.48	17.33	0.42	17.32	17.33	193242	970	          0.34	         10.77	17.00	17.39	16.92	16.91	    20.96	332043776	  1.99	运输设备	河南	 2.78	17.18	73191	120051	  0.61	10	40	--  	      17946.90	
="300294"	博雅生物	2.48	68.65	1.66	68.65	68.66	13693	200	          0.21	          4.29	66.50	68.68	66.33	66.99	    54.99	92141432	  1.43	生物制药	江西	 3.51	67.29	6858	6835	  1.00	129	2	--  	       3188.44	
="600540"	新赛股份	2.46	8.33	0.20	8.31	8.32	71395	1	         -0.23	          2.36	8.13	8.40	8.08	8.13	   161.54	58706428	  1.64	种植业	新疆	 3.94	8.22	32034	39361	  0.81	74	10	--  	      30270.84	
="300240"	飞力达	2.45	14.65	0.35	14.65	14.66	32277	322	         -0.13	          1.99	14.43	14.75	14.30	14.30	    55.31	47003676	  1.98	仓储物流	江苏	 3.15	14.56	17147	15130	  1.13	197	50	--  	      16245.00	
="601518"	吉林高速	2.43	2.95	0.07	2.94	2.95	173584	10	          0.34	          1.43	2.87	2.97	2.87	2.88	    12.25	50907688	  2.10	路桥	吉林	 3.47	2.93	74433	99151	  0.75	1324	3688	--  	     121320.00	
="002478"	常宝股份	2.43	12.66	0.30	12.64	12.66	51080	259	          0.23	          1.95	12.42	12.90	12.38	12.36	    20.25	64533152	  1.41	普钢	江苏	 4.21	12.63	26766	24314	  1.10	40	228	--  	      26154.86	
="002202"	金风科技	2.43	12.24	0.29	12.24	12.25	596679	7793	          0.00	          2.79	12.00	12.33	11.75	11.95	    49.87	720101888	  2.54	电气设备	新疆	 4.85	12.07	269923	326756	  0.83	683	4703	--  	     213853.45	
="600784"	鲁银投资	2.41	6.37	0.15	6.36	6.37	158837	30	         -0.15	          3.20	6.21	6.44	6.18	6.22	    63.63	100213032	  1.91	普钢	山东	 4.18	6.31	79330	79507	  1.00	1020	1314	--  	      49661.37	
="601177"	杭齿前进	2.41	9.35	0.22	9.35	9.37	211868	159	          0.64	          5.30	9.20	9.56	9.05	9.13	    91.31	195556928	  4.48	机械基件	浙江	 5.59	9.23	93790	118078	  0.79	332	487	--  	      40006.00	
="002606"	大连电瓷	2.37	15.58	0.36	15.58	15.59	72319	686	          0.00	          6.00	15.22	15.73	15.22	15.22	   202.89	112163944	  1.41	电气设备	辽宁	 3.35	15.51	32407	39912	  0.81	363	80	--  	      12050.00	
="600220"	江苏阳光	2.34	3.93	0.09	3.92	3.93	351713	103	          0.25	          1.97	3.85	3.93	3.84	3.84	   112.65	136869088	  1.36	纺织	江苏	 2.34	3.89	168900	182813	  0.92	1259	9591	--  	     178334.03	
="600895"	张江高科	2.30	8.46	0.19	8.46	8.47	526092	66	         -0.23	          3.40	8.30	8.69	8.24	8.27	    62.43	446174496	  2.89	园区开发	上海	 5.44	8.48	265940	260152	  1.02	1594	1447	--  	     154868.95	
="000606"	青海明胶	2.26	7.24	0.16	7.23	7.24	119446	1481	          0.00	          2.94	7.11	7.28	7.09	7.08	--  	85995544	  1.59	化学制药	青海	 2.68	7.20	54753	64693	  0.85	421	61	--  	      40596.35	
="002677"	浙江美大	2.25	18.60	0.41	18.59	18.60	59305	586	          0.00	         11.86	18.34	18.90	18.07	18.19	    33.86	110016832	  1.45	家用电器	浙江	 4.56	18.55	31271	28034	  1.12	54	57	--  	       5000.00	
="000551"	创元科技	2.25	10.93	0.24	10.92	10.93	193997	3443	          0.00	          4.85	10.74	10.94	10.58	10.69	    93.22	208783248	  1.27	专用机械	江苏	 3.37	10.76	100072	93925	  1.07	1286	1570	--  	      40008.03	
="600598"	*ST大荒	2.23	10.09	0.22	10.08	10.09	156688	25	          0.29	          0.88	9.87	10.16	9.87	9.87	     9.05	157395840	  1.30	种植业	黑龙江	 2.94	10.05	78989	77699	  1.02	43	41	--  	     177767.98	
="600736"	苏州高新	2.23	5.05	0.11	5.04	5.05	498503	334	          0.00	          4.71	4.99	5.17	4.86	4.94	    45.69	249339168	  1.51	园区开发	江苏	 6.28	5.00	245568	252935	  0.97	3572	1932	--  	     105788.15	
="600565"	迪马股份	2.21	4.63	0.10	4.63	4.64	185528	24	          0.21	          2.58	4.58	4.64	4.51	4.53	    51.90	85117984	  1.68	全国地产	重庆	 2.87	4.59	83816	101712	  0.82	356	2461	--  	      72000.00	
="603077"	和邦股份	2.20	10.22	0.22	10.22	10.23	111514	32	          0.19	          3.72	10.15	10.29	10.04	10.00	     7.67	113413472	  1.15	化工原料	四川	 2.50	10.17	51392	60122	  0.85	525	775	--  	      30000.00	
="000931"	中 关 村	2.20	6.51	0.14	6.50	6.51	158456	1840	          0.15	          3.13	6.37	6.53	6.35	6.37	--  	102089024	  2.25	区域地产	北京	 2.83	6.44	61739	96717	  0.64	1515	779	--  	      50651.39	
="000748"	长城信息	2.20	29.33	0.63	29.31	29.33	36600	687	          0.00	          0.97	28.70	29.47	28.60	28.70	   128.87	106489296	  1.07	电脑设备	湖南	 3.03	29.10	15728	20872	  0.75	3	38	--  	      37556.21	
="600138"	中青旅	2.15	16.62	0.35	16.61	16.62	202456	120	          0.06	          3.25	16.35	16.78	16.30	16.27	    31.34	334775680	  1.50	旅游服务	北京	 2.95	16.54	107001	95455	  1.12	18	36	--  	      62302.50	
="600269"	赣粤高速	2.11	3.39	0.07	3.39	3.40	385334	9	         -0.29	          1.65	3.33	3.42	3.31	3.32	     9.72	129908736	  2.43	路桥	江西	 3.31	3.37	160138	225196	  0.71	1330	4510	--  	     233540.70	
="600712"	南宁百货	2.09	5.38	0.11	5.37	5.38	112017	89	          0.00	          2.08	5.30	5.43	5.27	5.27	   192.11	60044804	  0.96	百货	广西	 3.04	5.36	56387	55630	  1.01	3779	984	--  	      53772.91	
="600533"	栖霞建设	2.08	3.93	0.08	3.92	3.93	197575	63	          0.25	          1.88	3.85	3.94	3.82	3.85	    39.98	76784704	  1.32	区域地产	江苏	 3.12	3.89	90384	107191	  0.84	1094	1172	--  	     105000.00	
="002316"	键桥通讯	2.07	12.30	0.25	12.29	12.30	84449	586	          0.08	          2.15	12.09	12.43	11.99	12.05	   158.41	103359952	  1.82	软件服务	深圳	 3.65	12.24	39845	44604	  0.89	204	768	--  	      39267.76	
="002110"	三钢闽光	2.07	6.41	0.13	6.40	6.41	96481	860	         -0.15	          1.80	6.30	6.48	6.22	6.28	--  	61325076	  1.08	普钢	福建	 4.14	6.36	51378	45103	  1.14	910	96	--  	      53470.00	
="600713"	南京医药	2.06	7.91	0.16	7.90	7.91	162078	5	          0.00	          2.34	7.85	7.98	7.80	7.75	   106.35	127882968	  1.49	医药连锁	江苏	 2.32	7.89	74053	88025	  0.84	787	206	--  	      69358.07	
="002402"	和而泰	2.06	19.31	0.39	19.31	19.34	27328	101	          0.00	          2.26	18.98	19.60	18.92	18.92	    57.74	52618592	  1.93	元器件	深圳	 3.59	19.25	10203	17125	  0.60	116	11	--  	      12096.00	
="002687"	乔治白	2.03	12.04	0.24	12.03	12.04	62138	872	         -0.16	          8.93	11.71	12.10	11.69	11.80	    42.85	74008256	  1.90	服饰	浙江	 3.47	11.91	27492	34646	  0.79	54	302	--  	       6961.27	
="601107"	四川成渝	2.03	3.52	0.07	3.51	3.52	200799	100	          0.00	          0.93	3.45	3.59	3.44	3.45	     9.72	70725648	  1.60	路桥	四川	 4.35	3.52	91882	108917	  0.84	2478	228	--  	     216274.00	
="000897"	津滨发展	2.03	6.54	0.13	6.54	6.55	1633674	8901	          0.15	         10.10	6.40	6.73	6.25	6.41	   349.41	1069050176	  2.28	区域地产	天津	 7.49	6.54	782960	850714	  0.92	7229	11906	--  	     161708.06	
="000752"	西藏发展	2.02	13.66	0.27	13.65	13.66	160745	1423	         -0.21	          6.09	13.57	13.82	13.35	13.39	   199.17	218173760	  1.34	啤酒	西藏	 3.51	13.57	81249	79496	  1.02	973	830	--  	      26375.01	
="000725"	京东方Ａ	2.00	2.55	0.05	2.54	2.55	2242699	14909	          0.39	          1.95	2.51	2.56	2.49	2.50	    43.20	566043584	  1.46	元器件	北京	 2.80	2.52	1009682	1233017	  0.82	38749	97055	--  	    1150574.38	
="600657"	信达地产	1.99	4.11	0.08	4.10	4.11	209410	80	          0.24	          1.37	4.05	4.15	4.01	4.03	    13.66	85577584	  2.11	全国地产	北京	 3.47	4.09	104765	104645	  1.00	801	560	--  	     152426.05	
="600491"	龙元建设	1.96	4.16	0.08	4.16	4.17	138035	85	         -0.23	          1.46	4.10	4.20	4.09	4.08	    22.92	57231832	  1.51	建筑施工	浙江	 2.70	4.15	61117	76918	  0.79	319	653	--  	      94760.00	
="000652"	泰达股份	1.95	5.74	0.11	5.74	5.75	428277	1275	         -0.17	          2.92	5.65	5.86	5.57	5.63	--  	245977344	  1.32	综合类	天津	 5.15	5.74	206691	221586	  0.93	3177	658	--  	     146567.00	
="002208"	合肥城建	1.95	8.89	0.17	8.88	8.89	46336	1454	          0.11	          1.46	8.72	8.89	8.62	8.72	    38.26	40567144	  1.50	区域地产	安徽	 3.10	8.75	21124	25212	  0.84	209	790	--  	      31671.60	
="600745"	中茵股份	1.93	14.79	0.28	14.78	14.79	47908	6	         -0.06	          1.46	14.55	15.00	14.40	14.51	   465.46	70833864	  1.96	区域地产	湖北	 4.14	14.79	24723	23185	  1.07	96	8	--  	      32737.49	
="002667"	鞍重股份	1.93	33.28	0.63	33.28	33.29	62975	480	          0.72	         22.51	34.20	34.28	31.78	32.65	    49.31	206763408	  1.99	工程机械	辽宁	 7.66	32.83	35227	27748	  1.27	13	15	--  	       2798.00	
="000543"	皖能电力	1.93	7.94	0.15	7.94	7.95	181721	1309	          0.00	          1.77	7.78	8.00	7.75	7.79	     8.84	143499104	  1.33	火力发电	安徽	 3.21	7.90	77928	103793	  0.75	1189	1532	--  	     102515.75	
="000833"	贵糖股份	1.93	9.00	0.17	8.99	9.00	42883	1738	          0.22	          1.45	8.89	9.05	8.84	8.83	--  	38340076	  0.88	造纸	广西	 2.38	8.94	21823	21060	  1.04	339	664	--  	      29606.53	
="600683"	京投银泰	1.92	6.37	0.12	6.37	6.38	100376	150	          0.00	          1.36	6.25	6.42	6.16	6.25	--  	63185660	  0.88	区域地产	浙江	 4.16	6.29	56807	43569	  1.30	15	694	--  	      74077.75	
="000882"	华联股份	1.89	3.77	0.07	3.76	3.77	430651	2026	          0.00	          4.02	3.72	3.78	3.68	3.70	   113.56	160644752	  1.89	百货	北京	 2.70	3.73	195402	235249	  0.83	3577	2079	--  	     107195.31	
="600828"	成商集团	1.88	5.95	0.11	5.94	5.95	79529	382	          0.00	          1.40	5.85	5.99	5.84	5.84	    14.42	47167712	  1.27	百货	四川	 2.57	5.93	39712	39817	  1.00	238	8	--  	      56981.73	
="600116"	三峡水利	1.87	11.98	0.22	11.98	11.99	75815	100	         -0.16	          2.83	11.76	12.00	11.65	11.76	    23.64	89870968	  1.77	水力发电	重庆	 2.98	11.85	33982	41833	  0.81	147	1112	--  	      26753.32	
="002496"	辉丰股份	1.87	17.97	0.33	17.96	17.97	57276	540	          0.11	          3.10	17.71	17.98	17.47	17.64	    27.44	101777360	  1.15	农药化肥	江苏	 2.89	17.77	26111	31165	  0.84	115	499	--  	      18456.77	
="600232"	金鹰股份	1.87	6.55	0.12	6.55	6.56	83496	30	          0.76	          2.29	6.45	6.56	6.37	6.43	   109.28	54154500	  1.51	纺织	浙江	 2.95	6.49	42923	40573	  1.06	97	722	--  	      36471.85	
="002702"	海欣食品	1.87	19.66	0.36	19.66	19.68	28280	391	         -0.10	          4.64	19.26	19.90	19.01	19.30	--  	54798388	  1.19	食品	福建	 4.61	19.38	13570	14710	  0.92	100	55	--  	       6100.00	
="600320"	振华重工	1.86	4.39	0.08	4.39	4.40	303582	204	          0.00	          1.10	4.32	4.45	4.27	4.31	   166.70	132677056	  1.85	工程机械	上海	 4.18	4.37	146357	157225	  0.93	758	4521	--  	     276833.13	
="002318"	久立特材	1.81	27.51	0.49	27.50	27.51	61321	353	         -0.10	          2.06	27.25	27.89	26.89	27.02	    39.31	167406848	  1.19	特钢	浙江	 3.70	27.30	29634	31687	  0.94	57	180	--  	      29783.93	
="000886"	海南高速	1.81	4.51	0.08	4.50	4.51	236123	2628	          0.66	          2.45	4.45	4.53	4.39	4.43	    49.27	105631616	  1.62	路桥	海南	 3.16	4.47	97986	138137	  0.71	3558	1416	--  	      96284.88	
="601369"	陕鼓动力	1.80	6.79	0.12	6.79	6.80	140444	57	          0.14	          0.86	6.65	6.88	6.65	6.67	    29.57	95157392	  1.67	机械基件	陕西	 3.45	6.78	61504	78940	  0.78	79	1382	--  	     163877.02	
="600191"	华资实业	1.80	7.37	0.13	7.37	7.38	49438	19	          0.13	          1.02	7.24	7.48	7.19	7.24	    65.72	36195776	  1.36	食品	内蒙	 4.01	7.32	24479	24959	  0.98	114	219	--  	      48493.19	
="600811"	东方集团	1.78	6.86	0.12	6.86	6.87	353781	446	          0.14	          2.12	6.78	6.93	6.74	6.74	    11.97	242714640	  1.58	综合类	黑龙江	 2.82	6.86	168682	185099	  0.91	360	3601	--  	     166680.53	
="601558"	*ST锐电	1.76	4.05	0.07	4.04	4.05	90652	60	          0.49	          2.16	3.97	4.11	3.96	3.98	--  	36723488	  1.28	电气设备	北京	 3.77	4.05	50587	40065	  1.26	240	922	--  	      42040.00	
="000877"	天山股份	1.74	7.02	0.12	7.02	7.03	330479	2180	         -0.14	          3.76	6.90	7.16	6.86	6.90	    15.08	230783472	  2.53	水泥	新疆	 4.35	6.98	153308	177171	  0.87	765	3318	--  	      88001.99	
="000610"	西安旅游	1.73	8.80	0.15	8.80	8.81	35366	152	          0.00	          1.81	8.69	8.85	8.66	8.65	--  	31050020	  1.06	旅游服务	陕西	 2.20	8.78	15142	20224	  0.75	81	446	--  	      19502.47	
="002031"	巨轮股份	1.72	12.41	0.21	12.41	12.42	156810	3177	          0.97	          3.83	12.12	12.57	11.90	12.20	    35.43	191905104	  1.13	汽车配件	广东	 5.49	12.24	76049	80761	  0.94	1814	165	--  	      40972.19	
="002376"	新北洋	1.70	12.53	0.21	12.52	12.53	194807	1816	          0.15	          3.99	12.36	12.63	12.22	12.32	    20.08	242925312	  1.83	电脑设备	山东	 3.33	12.47	96897	97910	  0.99	969	126	--  	      48809.17	
="600810"	神马股份	1.69	7.80	0.13	7.79	7.80	76471	50	          0.38	          1.73	7.69	7.85	7.69	7.67	    33.06	59502868	  1.45	化纤	河南	 2.09	7.78	36971	39500	  0.94	113	106	--  	      44228.00	
="002096"	南岭民爆	1.69	12.00	0.20	12.00	12.01	32739	289	          0.00	          1.24	11.86	12.06	11.82	11.80	    30.76	39027556	  1.92	化工原料	湖南	 2.03	11.92	14829	17910	  0.83	64	85	--  	      26386.01	
="600613"	神奇制药	1.69	19.26	0.32	19.26	19.27	26228	19	          0.41	          1.78	19.05	19.30	18.83	18.94	    48.84	49759064	  1.40	中成药	上海	 2.48	18.97	14445	11783	  1.23	247	41	--  	      14769.17	
="600283"	钱江水利	1.68	10.30	0.17	10.25	10.29	45693	50	         -0.19	          1.60	10.15	10.36	10.12	10.13	   152.35	46820740	  1.46	水务	浙江	 2.37	10.25	24454	21239	  1.15	78	43	--  	      28533.00	
="600984"	建设机械	1.66	7.96	0.13	7.97	7.98	38300	40	         -0.25	          2.71	7.85	8.13	7.85	7.83	--  	30684288	  1.52	工程机械	陕西	 3.58	8.01	17459	20841	  0.84	3	271	--  	      14155.59	
="002042"	华孚色纺	1.66	4.90	0.08	4.89	4.90	86323	2956	          0.20	          1.04	4.85	4.90	4.81	4.82	    14.42	42014488	  1.15	纺织	安徽	 1.87	4.87	40864	45459	  0.90	1906	1720	--  	      82998.72	
="002637"	赞宇科技	1.65	18.50	0.30	18.49	18.50	39126	213	          0.05	          4.05	18.25	18.65	18.12	18.20	    58.01	72152336	  1.79	日用化工	浙江	 2.91	18.44	18168	20958	  0.87	127	132	--  	       9650.91	
="600415"	小商品城	1.64	6.80	0.11	6.79	6.80	168091	20	          0.14	          0.62	6.70	6.85	6.69	6.69	    43.24	114058480	  1.52	商品城	浙江	 2.39	6.79	75615	92476	  0.82	423	889	--  	     272160.72	
="601618"	中国中冶	1.61	2.53	0.04	2.52	2.53	1888184	733	          0.39	          1.16	2.50	2.57	2.45	2.49	    13.36	474463104	  1.62	建筑施工	北京	 4.82	2.51	963412	924772	  1.04	26623	17097	--  	    1623900.00	
="002439"	启明星辰	1.58	23.73	0.37	23.73	23.75	47997	517	          0.16	          1.84	23.55	24.00	23.38	23.36	--  	114092592	  1.26	软件服务	北京	 2.65	23.77	23558	24439	  0.96	277	70	--  	      26088.46	
="600012"	皖通高速	1.58	5.14	0.08	5.13	5.14	128928	61	          0.19	          1.11	5.07	5.17	5.05	5.06	     9.72	65935920	  2.28	路桥	安徽	 2.37	5.11	71462	57466	  1.24	178	315	--  	     116560.00	
="000545"	金浦钛业	1.57	14.19	0.22	14.18	14.19	100031	1494	          0.14	          6.40	13.90	14.39	13.77	13.97	   101.90	140337904	  1.03	化工原料	吉林	 4.44	14.03	51564	48467	  1.06	25	379	--  	      15637.36	
="600693"	东百集团	1.56	8.47	0.13	8.45	8.46	59093	23	          0.11	          1.73	8.33	8.51	8.33	8.34	     8.55	49989672	  1.95	百货	福建	 2.16	8.46	26707	32386	  0.82	60	5	--  	      34216.55	
="600356"	恒丰纸业	1.53	7.97	0.12	7.96	7.98	33148	195	          0.00	          1.31	7.86	8.01	7.82	7.85	    38.52	26279208	  1.04	造纸	黑龙江	 2.42	7.93	16796	16352	  1.03	184	81	--  	      25233.92	
="601007"	金陵饭店	1.51	11.46	0.17	11.46	11.47	72961	40	          0.00	          2.43	11.29	11.68	11.24	11.29	   110.31	84159240	  1.03	酒店餐饮	江苏	 3.90	11.53	28898	44063	  0.66	157	57	--  	      30000.00	
="002216"	三全食品	1.45	20.30	0.29	20.26	20.30	32592	183	          0.14	          1.17	20.09	20.42	19.92	20.01	    61.39	65645832	  1.26	食品	河南	 2.50	20.14	16108	16484	  0.98	23	85	--  	      27855.56	
="002616"	长青集团	1.44	24.60	0.35	24.60	24.61	28467	85	          0.08	          3.50	24.25	24.95	24.02	24.25	    48.72	69663056	  1.52	环境保护	广东	 3.84	24.47	15510	12957	  1.20	424	12	--  	       8140.00	
="000667"	美好集团	1.44	2.82	0.04	2.81	2.82	1302244	9046	          0.00	          5.09	2.88	2.89	2.80	2.78	   192.53	369782336	  2.14	全国地产	云南	 3.24	2.84	667753	634491	  1.05	8529	11062	--  	     255959.23	
="600293"	三峡新材	1.41	7.17	0.10	7.17	7.18	75392	4	          0.13	          2.19	7.07	7.22	7.05	7.07	   219.58	53868496	  1.30	玻璃	湖北	 2.40	7.15	34844	40548	  0.86	25	1149	--  	      34450.26	
="002701"	奥瑞金	1.41	23.06	0.32	23.05	23.06	100581	1586	          0.21	          3.10	22.87	23.09	22.57	22.74	    16.71	230310992	  1.26	广告包装	北京	 2.29	22.90	52455	48126	  1.09	960	698	--  	      32411.50	
="600257"	大湖股份	1.40	7.97	0.11	7.97	7.98	158076	49	         -0.12	          3.70	7.86	8.06	7.80	7.86	   153.86	125350744	  2.01	渔业	湖南	 3.31	7.93	70959	87117	  0.81	167	616	--  	      42705.00	
="002085"	万丰奥威	1.40	29.05	0.40	29.05	29.06	28382	310	         -0.17	          0.77	28.69	29.30	28.03	28.65	    28.08	81774000	  1.69	汽车配件	浙江	 4.43	28.81	13335	15047	  0.89	28	93	--  	      36813.28	
="002533"	金杯电工	1.39	6.55	0.09	6.55	6.56	102831	939	         -0.15	          2.11	6.49	6.64	6.42	6.46	    30.99	67445336	  1.15	电气设备	湖南	 3.41	6.56	53889	48942	  1.10	134	333	--  	      48824.39	
="000822"	*ST海化	1.37	4.43	0.06	4.42	4.43	115036	565	          0.22	          1.29	4.42	4.48	4.36	4.37	    79.08	50862084	  1.08	化工原料	山东	 2.75	4.42	60592	54444	  1.11	1775	386	--  	      89508.31	
="600774"	汉商集团	1.36	11.94	0.16	11.85	11.90	15893	1252	          1.01	          0.92	11.86	11.99	11.72	11.78	   798.67	18784500	  0.73	百货	湖北	 2.29	11.82	7449	8444	  0.88	28	35	--  	      17289.15	
="000981"	银亿股份	1.35	11.27	0.15	11.27	11.28	49433	123	          0.08	          0.58	11.13	11.50	11.12	11.12	    20.65	55958036	  1.86	区域地产	甘肃	 3.42	11.32	32107	17326	  1.85	414	195	--  	      85810.52	
="600439"	瑞贝卡	1.34	4.54	0.06	4.53	4.54	149417	41	          0.44	          1.58	4.50	4.55	4.48	4.48	    24.71	67427256	  1.25	服饰	河南	 1.56	4.51	74051	75366	  0.98	1437	2362	--  	      94332.11	
="000860"	顺鑫农业	1.33	17.47	0.23	17.46	17.47	78100	2180	          0.17	          1.78	17.29	17.48	17.13	17.24	    26.47	135039968	  1.43	农业综合	北京	 2.03	17.29	41473	36627	  1.13	41	180	--  	      43852.50	
="002370"	亚太药业	1.32	16.90	0.22	16.90	16.92	24643	812	          0.59	          1.71	16.69	16.98	16.56	16.68	    92.41	41343756	  1.30	化学制药	浙江	 2.52	16.78	12246	12397	  0.99	8	10	--  	      14417.91	
="000100"	TCL 集团	1.32	3.08	0.04	3.08	3.09	3767397	24959	          0.00	          4.63	3.05	3.09	3.01	3.04	     9.84	1150726272	  1.82	家用电器	广东	 2.63	3.05	1767307	2000090	  0.88	60402	141874	--  	     813618.25	
="600068"	葛洲坝	1.31	4.64	0.06	4.64	4.65	485213	50	          0.21	          1.39	4.60	4.66	4.55	4.58	     8.48	223972464	  1.41	建筑施工	湖北	 2.40	4.62	256079	229134	  1.12	171	20228	--  	     348745.91	
="000828"	东莞控股	1.30	6.24	0.08	6.23	6.24	144530	5416	          0.48	          1.39	6.15	6.26	6.09	6.16	    11.42	89459472	  2.43	路桥	广东	 2.76	6.19	70772	73758	  0.96	605	1328	--  	     103951.70	
="002620"	瑞和股份	1.29	18.11	0.23	18.11	18.12	22410	261	          0.11	          2.46	17.89	18.38	17.87	17.88	    36.20	40611648	  1.64	装修装饰	深圳	 2.85	18.12	11440	10970	  1.04	43	86	--  	       9100.98	
="600098"	广州发展	1.28	5.54	0.07	5.54	5.55	130695	55	          0.00	          0.54	5.50	5.59	5.48	5.47	    11.71	72331968	  1.87	火力发电	广东	 2.01	5.53	61070	69625	  0.88	139	1997	--  	     243737.45	
="600530"	交大昂立	1.27	10.36	0.13	10.36	10.37	49861	60	          0.19	          1.60	10.25	10.46	10.21	10.23	    70.07	51503312	  1.32	生物制药	上海	 2.44	10.33	26057	23804	  1.09	99	121	--  	      31200.00	
="300106"	西部牧业	1.27	14.38	0.18	14.38	14.39	30131	554	          0.20	          1.88	14.30	14.41	14.19	14.20	    56.59	43154908	  1.57	农业综合	新疆	 1.55	14.32	15406	14725	  1.05	54	203	--  	      16038.95	
="002087"	新野纺织	1.27	4.80	0.06	4.80	4.81	101244	1412	          0.00	          1.95	4.76	4.85	4.72	4.74	    35.47	48506464	  1.17	纺织	河南	 2.74	4.79	50138	51106	  0.98	104	1612	--  	      51961.51	
="600083"	博信股份	1.26	10.42	0.13	10.40	10.42	37881	50	          0.48	          1.68	10.35	10.45	10.25	10.29	   591.87	39224248	  1.64	元器件	广东	 1.94	10.35	19269	18612	  1.04	289	1	--  	      22598.08	
="002469"	三维工程	1.26	13.63	0.17	13.62	13.63	50341	132	          0.29	          2.00	13.47	13.66	13.42	13.46	    35.91	68153144	  1.46	建筑施工	山东	 1.78	13.54	23086	27255	  0.85	172	214	--  	      25195.47	
="601179"	中国西电	1.26	4.82	0.06	4.81	4.82	482608	30	          0.00	          1.11	4.79	4.85	4.73	4.76	    37.72	231655536	  1.66	电气设备	陕西	 2.52	4.80	282852	199756	  1.42	3928	2766	--  	     435700.00	
="600302"	标准股份	1.25	6.48	0.08	6.48	6.49	57069	4	          0.30	          1.65	6.38	6.64	6.38	6.40	--  	37070712	  1.21	纺织机械	陕西	 4.06	6.50	34420	22649	  1.52	85	1149	--  	      34600.98	
="002054"	德美化工	1.24	8.96	0.11	8.95	8.96	51484	476	         -0.44	          2.14	8.89	9.07	8.85	8.85	    30.95	46246808	  1.45	化工原料	广东	 2.49	8.98	26791	24693	  1.08	169	51	--  	      24029.83	
="600238"	海南椰岛	1.23	9.05	0.11	9.05	9.06	170041	248	          0.55	          3.85	8.84	9.09	8.82	8.94	    72.53	152209040	  1.00	红黄药酒	海南	 3.02	8.95	88476	81565	  1.08	3590	217	--  	      44203.16	
="600573"	惠泉啤酒	1.20	9.29	0.11	9.29	9.30	35395	3	          0.10	          1.42	9.18	9.39	9.18	9.18	    42.33	32870504	  1.49	啤酒	福建	 2.29	9.29	11305	24090	  0.47	107	262	--  	      25000.00	
="600543"	莫高股份	1.19	9.34	0.11	9.34	9.35	76761	124	          0.97	          2.39	9.28	9.35	9.13	9.23	    93.22	70967280	  1.13	红黄药酒	甘肃	 2.38	9.25	40315	36446	  1.11	114	1050	--  	      32112.00	
="600985"	雷鸣科化	1.18	16.31	0.19	16.31	16.33	17757	3	          0.18	          1.37	16.19	16.48	16.14	16.12	    23.27	28918752	  0.96	化工原料	安徽	 2.11	16.29	9152	8605	  1.06	32	34	--  	      12960.00	
="000025"	特  力Ａ	1.17	12.13	0.14	12.13	12.14	16478	388	          0.08	          0.92	11.99	12.24	11.99	11.99	   482.02	20027482	  1.81	汽车服务	深圳	 2.09	12.15	7547	8931	  0.85	197	65	--  	      17929.46	
="600719"	大连热电	1.17	8.67	0.10	8.66	8.67	40472	26	          0.11	          2.00	8.58	8.72	8.55	8.57	--  	34983824	  1.55	供气供热	辽宁	 1.98	8.64	22176	18296	  1.21	205	173	--  	      20229.98	
="600738"	兰州民百	1.17	6.94	0.08	6.93	6.94	62923	26	          0.14	          2.40	6.86	6.97	6.84	6.86	    21.72	43599784	  1.14	百货	甘肃	 1.90	6.93	29497	33426	  0.88	68	250	--  	      26210.72	
="002003"	伟星股份	1.14	9.73	0.11	9.72	9.73	53261	349	          0.00	          1.82	9.65	9.77	9.60	9.62	    12.83	51670516	  1.64	服饰	浙江	 1.77	9.70	26035	27226	  0.96	659	234	--  	      29320.38	
="600272"	开开实业	1.12	14.40	0.16	14.38	14.40	30186	6	          0.48	          1.89	14.29	14.50	14.17	14.24	    59.98	43274680	  1.45	服饰	上海	 2.32	14.34	13241	16945	  0.78	25	58	--  	      16000.00	
="000026"	飞亚达Ａ	1.10	10.11	0.11	10.10	10.11	85732	508	          0.09	          2.76	10.04	10.21	9.91	10.00	    23.44	86536808	  1.92	其他连锁	深圳	 3.00	10.09	42665	43067	  0.99	120	209	--  	      31107.00	
="600791"	京能置业	1.10	6.46	0.07	6.45	6.46	181213	20	          0.15	          4.01	6.40	6.53	6.28	6.39	    32.98	116194928	  1.23	全国地产	北京	 3.91	6.41	93797	87416	  1.07	1157	50	--  	      45231.37	
="601588"	北辰实业	1.09	3.72	0.04	3.71	3.72	560427	397	          0.54	          2.11	3.68	3.76	3.62	3.68	    29.27	206588896	  1.33	区域地产	北京	 3.80	3.69	287727	272700	  1.06	1410	2859	--  	     266000.00	
="601137"	博威合金	1.08	18.75	0.20	18.74	18.75	16604	28	         -0.05	          0.77	18.56	18.88	18.40	18.55	    59.59	30951916	  1.87	铜	浙江	 2.59	18.64	9105	7499	  1.21	200	42	--  	      21500.00	
="300229"	拓尔思	1.08	27.22	0.29	27.22	27.23	73086	488	         -0.07	          3.57	27.08	28.15	27.08	26.93	   134.89	201153648	  2.16	软件服务	北京	 3.97	27.52	36534	36552	  1.00	152	72	--  	      20488.22	
="002020"	京新药业	1.06	20.92	0.22	20.92	20.94	25107	163	         -0.14	          1.30	20.75	21.18	20.61	20.70	    48.31	52729800	  1.45	化学制药	浙江	 2.75	21.00	13186	11921	  1.11	61	12	--  	      19382.21	
="300346"	南大光电	1.05	39.30	0.41	39.29	39.30	19407	130	          0.05	          5.41	38.99	39.94	38.64	38.89	    83.09	76351168	  1.30	半导体	江苏	 3.34	39.34	9983	9424	  1.06	10	27	--  	       3584.05	
="600165"	新日恒力	1.05	9.62	0.10	9.61	9.62	49559	7	          0.00	          2.56	9.51	9.70	9.46	9.52	    80.94	47557504	  1.13	钢加工	宁夏	 2.52	9.60	27068	22491	  1.20	53	9	--  	      19395.34	
="600496"	精工钢构	1.05	9.65	0.10	9.63	9.64	102837	10	          0.10	          1.75	9.70	9.80	9.53	9.55	    19.96	99363040	  1.45	钢加工	安徽	 2.83	9.66	49133	53704	  0.91	235	11	--  	      58656.60	
="000863"	三湘股份	1.02	6.91	0.07	6.91	6.92	63730	2472	          0.14	          3.65	6.83	6.94	6.82	6.84	    66.62	43852516	  1.47	区域地产	上海	 1.75	6.88	31549	32181	  0.98	58	271	--  	      17462.02	
="600075"	*ST新业	1.01	6.99	0.07	6.98	6.99	43480	212	          0.00	          0.99	6.96	7.09	6.95	6.92	    48.59	30502646	  1.10	化工原料	新疆	 2.02	7.02	25293	18187	  1.39	175	168	--  	      43859.19	
="002244"	滨江集团	1.00	7.08	0.07	7.07	7.08	153068	3759	          0.99	          1.33	7.00	7.14	6.92	7.01	    10.63	107441008	  2.12	区域地产	浙江	 3.14	7.02	74537	78531	  0.95	30	966	--  	     114773.00	
="002043"	兔 宝 宝	0.99	6.13	0.06	6.12	6.13	177387	2148	          0.16	          3.81	6.09	6.19	5.99	6.07	    72.36	108164200	  1.56	其他建材	浙江	 3.29	6.10	97801	79586	  1.23	1595	373	--  	      46568.10	
="600728"	佳都科技	0.98	16.50	0.16	16.50	16.51	175438	80	          0.18	          4.84	16.55	16.93	16.33	16.34	   245.31	291292640	  1.84	软件服务	广东	 3.67	16.60	88618	86820	  1.02	27	41	--  	      36280.03	
="000900"	现代投资	0.98	6.20	0.06	6.19	6.20	560813	10610	          0.00	          5.55	6.10	6.24	6.01	6.14	    18.04	344113216	  0.93	路桥	湖南	 3.75	6.14	311022	249791	  1.25	3428	3368	--  	     101128.75	
="000893"	东凌粮油	0.95	13.80	0.13	13.79	13.80	51612	422	          0.00	          1.33	13.67	13.99	13.61	13.67	--  	71310984	  1.10	食品	广东	 2.78	13.82	31125	20487	  1.52	140	418	--  	      38782.60	
="300308"	中际装备	0.94	9.62	0.09	9.62	9.63	41930	298	         -0.20	          3.72	9.55	9.79	9.55	9.53	   454.30	40571816	  1.43	工程机械	山东	 2.52	9.68	21749	20181	  1.08	158	80	--  	      11263.04	
="300099"	尤洛卡	0.94	13.99	0.13	13.99	14.00	23772	857	         -0.07	          2.19	13.92	14.10	13.85	13.86	   176.25	33252676	  1.29	电器仪表	山东	 1.80	13.99	11874	11898	  1.00	22	17	--  	      10838.75	
="600469"	风神股份	0.93	13.00	0.12	12.99	13.00	70138	2	          0.23	          1.87	13.00	13.15	12.81	12.88	    11.93	91002000	  1.41	汽车配件	河南	 2.64	12.97	32663	37475	  0.87	50	470	--  	      37494.21	
="600086"	东方金钰	0.92	24.06	0.22	24.08	24.09	38866	20	          0.20	          1.10	24.00	24.40	23.86	23.84	    74.41	93604808	  1.08	服饰	湖北	 2.27	24.08	19131	19735	  0.97	5	109	--  	      35228.17	
="002275"	桂林三金	0.92	19.70	0.18	19.70	19.71	28135	259	         -0.15	          0.54	19.62	19.81	19.33	19.52	    26.72	55215840	  1.33	中成药	广西	 2.46	19.62	14096	14039	  1.00	78	118	--  	      52434.82	
="002012"	凯恩股份	0.92	6.58	0.06	6.57	6.58	115294	797	          0.61	          2.47	6.55	6.68	6.48	6.52	    63.73	75634024	  0.98	造纸	浙江	 3.07	6.56	64331	50963	  1.26	496	1344	--  	      46762.55	
="000620"	新华联	0.92	6.61	0.06	6.61	6.62	89405	2105	          0.45	          0.56	6.60	6.63	6.48	6.55	    27.30	58713328	  0.95	区域地产	北京	 2.29	6.57	47721	41684	  1.14	2316	1277	--  	     159797.06	
="002457"	青龙管业	0.90	10.04	0.09	10.04	10.05	79394	1951	          0.00	          3.13	9.99	10.07	9.91	9.95	    43.84	79390960	  1.33	塑料	宁夏	 1.61	10.00	40682	38712	  1.05	557	81	--  	      25365.41	
="002187"	广百股份	0.89	11.32	0.10	11.32	11.33	54935	282	          0.26	          1.64	11.28	11.44	11.13	11.22	    17.67	62191880	  1.48	百货	广东	 2.76	11.32	25317	29618	  0.85	5	79	--  	      33572.48	
="600993"	马应龙	0.89	21.61	0.19	21.60	21.64	72097	100	          0.37	          2.18	21.45	21.95	21.37	21.42	    29.87	155975776	  1.16	中成药	湖北	 2.71	21.63	36059	36038	  1.00	223	73	--  	      33087.71	
="600851"	海欣股份	0.87	8.12	0.07	8.11	8.12	159562	141	          0.12	          2.16	8.06	8.22	8.02	8.05	    59.83	129632704	  1.54	纺织	上海	 2.48	8.12	78938	80624	  0.98	51	1161	--  	      73820.60	
="002079"	苏州固锝	0.87	8.12	0.07	8.12	8.13	153348	1882	          0.12	          2.13	8.05	8.13	8.00	8.05	   133.40	123877016	  1.12	半导体	江苏	 1.61	8.08	82095	71253	  1.15	2567	1454	--  	      72077.09	
="002534"	杭锅股份	0.86	18.80	0.16	18.80	18.81	52395	213	         -0.05	          1.34	18.74	19.20	18.56	18.64	    57.78	98320320	  1.73	专用机械	浙江	 3.43	18.77	25917	26478	  0.98	2547	187	--  	      39168.26	
="600380"	健康元	0.86	7.07	0.06	7.06	7.07	192530	17	          0.14	          1.25	7.05	7.14	7.01	7.01	    27.29	136276240	  1.35	化学制药	深圳	 1.85	7.08	103990	88540	  1.17	559	45	--  	     154583.59	
="300313"	天山生物	0.85	22.43	0.19	22.40	22.43	12758	196	          0.44	          3.05	22.38	22.75	22.25	22.24	   244.87	28647354	  1.13	农业综合	新疆	 2.25	22.45	6489	6269	  1.04	46	56	--  	       4177.81	
="300260"	新莱应材	0.84	19.17	0.16	19.13	19.17	10220	56	          0.00	          2.16	19.09	19.25	19.02	19.01	   188.13	19574932	  1.29	机械基件	江苏	 1.21	19.15	4994	5226	  0.96	184	12	--  	       4724.25	
="300117"	嘉寓股份	0.84	7.24	0.06	7.24	7.25	53353	348	          0.00	          1.64	7.18	7.30	7.12	7.18	    40.36	38568416	  1.46	装修装饰	北京	 2.51	7.23	25553	27800	  0.92	275	798	--  	      32580.00	
="002393"	力生制药	0.82	34.24	0.28	34.24	34.26	22528	178	          0.05	          1.24	33.83	34.40	33.80	33.96	    32.92	76928432	  1.65	化学制药	天津	 1.77	34.15	9704	12824	  0.76	101	76	--  	      18165.82	
="300138"	晨光生物	0.81	12.46	0.10	12.45	12.46	176946	1357	          0.40	         13.83	12.36	12.98	12.05	12.36	   131.07	222909360	  3.78	食品	河北	 7.52	12.60	83635	93311	  0.90	514	155	--  	      12796.33	
="600419"	天润乳业	0.81	22.49	0.18	22.44	22.49	14995	61	          0.00	          1.87	22.49	22.60	22.21	22.31	   105.79	33570324	  1.60	乳制品	新疆	 1.75	22.39	6306	8689	  0.73	5	58	--  	       8016.00	
="600792"	XR云煤能	0.79	6.34	0.05	6.34	6.35	79084	46	         -0.31	          1.98	6.34	6.50	6.31	6.29	   288.14	50582720	  1.97	焦炭加工	云南	 3.02	6.40	40886	38198	  1.07	1	235	--  	      40022.50	
="000589"	黔轮胎Ａ	0.79	6.35	0.05	6.34	6.35	109506	1014	          0.31	          2.24	6.31	6.39	6.24	6.30	    28.46	69135176	  1.81	汽车配件	贵州	 2.38	6.31	58979	50527	  1.17	267	2154	--  	      48884.73	
="300105"	龙源技术	0.79	13.97	0.11	13.97	13.98	80796	834	          0.21	          1.57	13.90	14.06	13.70	13.86	    72.58	112089528	  1.49	电器仪表	山东	 2.60	13.87	44863	35933	  1.25	432	523	--  	      51321.60	
="601313"	江南嘉捷	0.77	10.49	0.08	10.48	10.49	92672	10	          0.09	          3.45	10.31	10.56	10.30	10.41	    23.87	96675544	  2.13	运输设备	江苏	 2.50	10.43	46433	46239	  1.00	1	43	--  	      26852.53	
="002035"	华帝股份	0.76	13.20	0.10	13.19	13.20	80386	683	          0.07	          2.71	13.09	13.41	12.88	13.10	    17.59	105999832	  1.13	家用电器	广东	 4.05	13.19	41302	39084	  1.06	10	701	--  	      29677.21	
="002406"	远东传动	0.76	11.92	0.09	11.91	11.92	66281	406	         -0.16	          3.75	11.88	12.05	11.76	11.83	    21.87	78810648	  1.66	汽车配件	河南	 2.45	11.89	31984	34297	  0.93	218	48	--  	      17661.66	
="600215"	长春经开	0.76	5.30	0.04	5.30	5.31	64936	50	          0.00	          1.40	5.27	5.35	5.23	5.26	--  	34382784	  1.65	园区开发	吉林	 2.28	5.29	30045	34891	  0.86	37	817	--  	      46503.28	
="600209"	罗顿发展	0.76	10.60	0.08	10.59	10.60	228106	358	          0.37	          6.08	10.50	10.70	10.42	10.52	   709.53	241043712	  1.50	综合类	海南	 2.66	10.57	114773	113333	  1.01	364	8	--  	      37529.76	
="002494"	华斯股份	0.75	16.21	0.12	16.20	16.21	38373	419	          0.06	          3.95	16.15	16.24	15.98	16.09	    31.16	61891084	  1.44	服饰	河北	 1.62	16.13	21667	16706	  1.30	128	334	--  	       9726.16	
="002339"	积成电子	0.74	10.86	0.08	10.85	10.86	126355	594	         -0.09	          4.45	10.93	10.99	10.70	10.78	   121.48	136910992	  1.64	软件服务	山东	 2.69	10.84	68118	58237	  1.17	653	100	--  	      28414.25	
="002676"	顺威股份	0.73	16.49	0.12	16.49	16.50	16281	104	          0.18	          3.81	16.47	16.68	16.34	16.37	    39.88	26905296	  1.17	塑料	广东	 2.08	16.52	8659	7622	  1.14	160	638	--  	       4275.22	
="600535"	天士力	0.73	41.65	0.30	41.62	41.63	68937	5	          0.00	          0.67	41.45	41.67	40.91	41.35	    28.30	284883744	  1.20	中成药	天津	 1.84	41.32	30454	38483	  0.79	10	30	--  	     103284.27	
="600097"	开创国际	0.72	14.01	0.10	14.02	14.03	31151	38	          0.07	          2.70	13.95	14.23	13.77	13.91	    37.44	43633568	  1.46	渔业	上海	 3.31	14.01	14768	16383	  0.90	12	13	--  	      11544.99	
="601113"	华鼎股份	0.72	5.62	0.04	5.61	5.62	86738	18	          0.17	          1.36	5.63	5.65	5.55	5.58	  1441.03	48602220	  1.32	化纤	浙江	 1.79	5.60	46281	40457	  1.14	251	81	--  	      64000.00	
="002177"	御银股份	0.71	7.14	0.05	7.13	7.14	615207	9203	          0.14	         11.32	7.02	7.19	6.98	7.09	    37.25	436470336	  2.31	电脑设备	广东	 2.96	7.09	311032	304175	  1.02	1988	471	--  	      54339.60	
="002599"	盛通股份	0.70	17.20	0.12	17.18	17.20	9353	129	          0.17	          1.07	17.24	17.40	17.09	17.08	   128.60	16090920	  1.00	广告包装	北京	 1.81	17.20	4551	4802	  0.95	137	319	--  	       8756.25	
="600248"	延长化建	0.70	8.63	0.06	8.62	8.63	43429	40	          0.00	          1.03	8.60	8.66	8.53	8.57	    18.46	37362052	  1.22	建筑施工	陕西	 1.52	8.60	20074	23355	  0.86	3	283	--  	      41968.92	
="601116"	三江购物	0.70	8.65	0.06	8.64	8.65	39069	55	          0.11	          0.97	8.59	8.67	8.55	8.59	    28.18	33657568	  1.38	超市连锁	浙江	 1.40	8.61	20183	18886	  1.07	1015	798	--  	      40189.30	
="601727"	上海电气	0.70	5.79	0.04	5.78	5.79	1280216	161	          0.00	          1.30	5.90	6.03	5.68	5.75	    31.13	748592384	  2.80	电气设备	上海	 6.09	5.85	631254	648962	  0.97	485	150	--  	     985071.44	
="000786"	北新建材	0.69	18.88	0.13	18.87	18.88	55708	773	         -0.05	          0.97	18.80	19.01	18.60	18.75	    14.04	104971232	  1.80	其他建材	北京	 2.19	18.84	28077	27631	  1.02	80	115	--  	      57509.30	
="300091"	金通灵	0.69	23.40	0.16	23.39	23.40	16404	100	          0.00	          1.30	23.48	23.76	23.16	23.24	   407.32	38240660	  1.49	机械基件	江苏	 2.58	23.31	6320	10084	  0.63	20	78	--  	      12639.70	
="600359"	新农开发	0.68	10.41	0.07	10.40	10.41	90808	7	          0.09	          2.83	10.38	10.48	10.20	10.34	   331.44	93896696	  1.56	农业综合	新疆	 2.71	10.34	48719	42089	  1.16	220	7	--  	      32100.00	
="002671"	龙泉股份	0.68	10.41	0.07	10.40	10.41	66023	1530	          0.28	          3.60	10.38	10.46	10.26	10.34	    29.19	68512552	  1.04	其他建材	山东	 1.93	10.38	36228	29795	  1.22	381	106	--  	      18332.99	
="600218"	全柴动力	0.68	13.40	0.09	13.41	13.43	68378	301	         -0.37	          2.41	13.50	13.61	13.33	13.31	    83.63	92113520	  1.39	农用机械	安徽	 2.10	13.47	36358	32020	  1.14	25	154	--  	      28340.00	
="000650"	仁和药业	0.68	7.45	0.05	7.45	7.46	186595	4282	          0.26	          1.88	7.46	7.50	7.32	7.40	    27.65	138589712	  1.28	中成药	江西	 2.43	7.43	88394	98201	  0.90	2056	797	--  	      99040.99	
="002350"	北京科锐	0.67	13.59	0.09	13.58	13.59	53421	157	          0.07	          2.45	13.51	13.73	13.41	13.50	    53.60	72577400	  1.85	电气设备	北京	 2.37	13.59	26454	26967	  0.98	145	83	--  	      21821.63	
="002422"	科伦药业	0.63	31.73	0.20	31.72	31.73	83429	624	         -0.15	          2.35	31.44	32.00	31.10	31.53	    20.75	263101072	  1.85	化学制药	四川	 2.85	31.54	42844	40585	  1.06	57	900	--  	      35488.73	
="002293"	罗莱家纺	0.63	24.08	0.15	24.08	24.09	30418	261	          0.04	          1.08	23.89	24.34	23.88	23.93	    18.32	73140080	  1.55	服饰	江苏	 1.92	24.04	15055	15363	  0.98	4	30	--  	      28072.61	
="000978"	桂林旅游	0.63	8.03	0.05	8.03	8.04	108043	451	          0.00	          3.00	8.05	8.16	7.87	7.98	--  	86604232	  1.30	旅游景点	广西	 3.63	8.02	54922	53121	  1.03	860	941	--  	      36010.00	
="601908"	京运通	0.62	11.36	0.07	11.35	11.36	186210	200	          0.17	          6.54	11.42	11.43	11.10	11.29	    57.96	209879584	  1.42	半导体	北京	 2.92	11.27	105508	80702	  1.31	60	145	--  	      28451.52	
="300259"	新天科技	0.60	15.17	0.09	15.12	15.17	40947	229	          0.00	          2.88	15.18	15.40	15.01	15.08	    44.83	62187144	  1.47	电器仪表	河南	 2.59	15.19	21147	19800	  1.07	173	954	--  	      14223.29	
="600329"	中新药业	0.59	15.35	0.09	15.34	15.35	62560	50	          0.13	          1.17	15.31	15.35	15.08	15.26	    28.61	95250176	  1.62	中成药	天津	 1.77	15.23	32906	29654	  1.11	120	173	--  	      53343.37	
="601311"	骆驼股份	0.59	15.42	0.09	15.42	15.43	167388	44	         -0.06	          1.98	15.34	15.45	15.08	15.33	    21.07	255202256	  1.83	电气设备	湖北	 2.41	15.25	92153	75235	  1.22	256	255	--  	      84461.57	
="300225"	金力泰	0.59	10.30	0.06	10.29	10.30	51154	358	          0.19	          2.85	10.25	10.35	10.17	10.24	    31.59	52492372	  1.45	染料涂料	上海	 1.76	10.26	28501	22653	  1.26	169	667	--  	      17954.08	
="002061"	江山化工	0.58	5.17	0.03	5.17	5.18	124072	1204	          0.19	          3.03	5.12	5.23	5.06	5.14	--  	63884720	  1.45	化工原料	浙江	 3.31	5.15	61102	62970	  0.97	942	1540	--  	      40887.76	
="300142"	沃森生物	0.58	43.40	0.25	43.39	43.40	10878	15	         -0.22	          0.66	43.16	43.99	43.15	43.15	--  	47317712	  0.86	生物制药	云南	 1.95	43.50	6437	4441	  1.45	34	25	--  	      16605.85	
="000501"	鄂武商Ａ	0.57	14.22	0.08	14.21	14.22	109162	2269	          0.07	          2.15	14.09	14.30	13.85	14.14	     9.77	153436064	  0.92	百货	湖北	 3.18	14.06	56060	53102	  1.06	194	137	--  	      50718.42	
="600076"	青鸟华光	0.55	7.25	0.04	7.24	7.25	119872	44	          0.00	          3.28	7.22	7.36	7.14	7.21	--  	87084848	  1.32	通信设备	山东	 3.05	7.26	63147	56725	  1.11	842	159	--  	      36553.60	
="600867"	通化东宝	0.54	16.64	0.09	16.63	16.64	220229	4	         -0.06	          2.15	16.56	16.70	16.31	16.55	    58.61	364592288	  0.84	生物制药	吉林	 2.36	16.56	103101	117128	  0.88	25	229	--  	     102460.04	
="000836"	鑫茂科技	0.54	7.48	0.04	7.48	7.49	95049	721	         -0.26	          3.25	7.48	7.61	7.36	7.44	--  	71282120	  1.35	软件服务	天津	 3.36	7.50	46798	48251	  0.97	450	323	--  	      29248.98	
="601886"	江河创建	0.53	7.58	0.04	7.57	7.58	149036	10	          0.00	          1.64	7.55	7.60	7.45	7.54	    24.70	112405584	  1.95	装修装饰	北京	 1.99	7.54	67051	81985	  0.82	49	439	--  	      90723.52	
="300031"	宝通带业	0.53	9.55	0.05	9.55	9.56	139343	1275	          0.00	          6.52	9.53	9.62	9.40	9.50	    40.50	132596104	  1.16	橡胶	江苏	 2.32	9.52	67823	71520	  0.95	606	1547	--  	      21383.36	
="600502"	安徽水利	0.53	9.56	0.05	9.55	9.56	246185	50	          0.00	          4.90	9.51	9.60	9.36	9.51	    19.51	234042944	  1.92	建筑施工	安徽	 2.52	9.51	117741	128444	  0.92	437	106	--  	      50193.00	
="600806"	昆明机床	0.52	5.77	0.03	5.76	5.78	84892	15	          0.17	          2.18	5.74	5.85	5.70	5.74	--  	49101900	  0.86	机床制造	云南	 2.61	5.78	42828	42064	  1.02	541	30	--  	      39018.62	
="300195"	长荣股份	0.52	32.95	0.17	32.94	32.95	15073	116	          0.03	          2.34	32.79	33.15	32.60	32.78	    35.82	49532088	  1.16	轻工机械	天津	 1.68	32.86	6956	8117	  0.86	51	125	--  	       6444.72	
="600062"	华润双鹤	0.51	21.50	0.11	21.52	21.53	180925	83	          0.37	          3.16	21.37	21.55	20.90	21.39	    21.46	383814816	  1.56	化学制药	北京	 3.04	21.21	103508	77417	  1.34	43	86	--  	      57169.58	
="002281"	光迅科技	0.51	39.39	0.20	39.30	39.39	29809	284	         -0.02	          1.83	39.17	39.88	39.03	39.19	    46.14	117680040	  1.24	通信设备	湖北	 2.17	39.48	14616	15193	  0.96	33	93	--  	      16283.01	
="601258"	庞大集团	0.51	5.92	0.03	5.92	5.93	257268	127	          0.33	          0.98	5.91	5.99	5.86	5.89	   177.31	152435952	  0.91	汽车服务	河北	 2.21	5.93	153809	103459	  1.49	9	1483	--  	     262150.00	
="002369"	卓翼科技	0.51	11.89	0.06	11.89	11.90	196412	1795	          0.50	          5.60	11.84	11.96	11.74	11.83	    88.13	232687232	  1.50	通信设备	深圳	 1.86	11.85	103874	92538	  1.12	717	820	--  	      35093.60	
="300204"	舒泰神	0.50	30.05	0.15	30.04	30.05	18503	244	          0.03	          0.78	29.91	30.48	29.50	29.90	    43.79	55506096	  0.91	生物制药	北京	 3.28	30.00	9994	8509	  1.17	452	110	--  	      23575.42	
="000875"	吉电股份	0.49	4.09	0.02	4.08	4.09	310239	3631	          0.24	          4.70	4.07	4.10	4.00	4.07	--  	125793816	  2.39	火力发电	吉林	 2.46	4.05	154385	155854	  0.99	989	5743	--  	      66003.21	
="600336"	澳柯玛	0.49	6.14	0.03	6.13	6.14	232042	13	          0.16	          3.41	6.12	6.20	6.06	6.11	    27.55	142104512	  1.28	家用电器	山东	 2.29	6.12	119490	112552	  1.06	434	303	--  	      68007.20	
="002470"	金正大	0.49	26.64	0.13	26.64	26.65	50795	844	          0.03	          0.86	26.57	26.90	26.16	26.51	    17.16	134309584	  0.99	农药化肥	山东	 2.79	26.44	29392	21403	  1.37	54	101	--  	      59254.00	
="000078"	海王生物	0.49	10.35	0.05	10.35	10.36	330605	6009	          0.19	          4.52	10.33	10.40	10.20	10.30	   104.95	340270304	  1.29	生物制药	深圳	 1.94	10.29	184734	145871	  1.27	3778	1187	--  	      73076.79	
="000902"	新洋丰	0.48	14.67	0.07	14.66	14.67	82795	701	          0.00	          3.21	14.63	14.84	14.46	14.60	    15.39	120951688	  0.90	农药化肥	湖北	 2.60	14.61	45414	37381	  1.21	53	95	--  	      25800.00	
="600160"	巨化股份	0.48	6.32	0.03	6.31	6.32	443781	40	          0.47	          2.45	6.30	6.33	6.14	6.29	    85.30	277241024	  2.25	化工原料	浙江	 3.02	6.25	233582	210199	  1.11	307	1443	--  	     181091.59	
="601989"	中国重工	0.47	6.38	0.03	6.37	6.38	2602963	566	          0.15	          1.67	6.36	6.43	6.26	6.35	    42.01	1651950464	  1.17	船舶	北京	 2.68	6.35	1179080	1423883	  0.83	3803	11526	--  	    1561259.25	
="000731"	四川美丰	0.47	8.51	0.04	8.50	8.51	217907	2644	          0.11	          3.68	8.44	8.52	8.38	8.47	--  	184085392	  1.84	农药化肥	四川	 1.65	8.45	106430	111477	  0.95	1468	874	--  	      59134.76	
="600375"	华菱星马	0.47	12.79	0.06	12.77	12.78	225481	111	          0.15	          4.53	12.73	12.87	12.55	12.73	    39.24	287193056	  1.54	汽车整车	安徽	 2.51	12.74	110536	114945	  0.96	198	1561	--  	      49788.89	
="000912"	泸 天 化	0.47	6.48	0.03	6.48	6.49	128112	2869	          0.15	          4.80	6.44	6.50	6.20	6.45	--  	81713504	  0.68	农药化肥	四川	 4.65	6.38	68823	59289	  1.16	804	1353	--  	      26715.00	
="002165"	红 宝 丽	0.45	6.65	0.03	6.64	6.65	167748	918	          0.00	          3.18	6.62	6.68	6.55	6.62	    32.34	111043632	  2.09	化工原料	江苏	 1.96	6.62	84017	83731	  1.00	286	896	--  	      52725.80	
="600731"	湖南海利	0.45	8.87	0.04	8.87	8.88	66459	40	          0.22	          2.60	8.87	8.94	8.75	8.83	   553.03	58814872	  0.84	农药化肥	湖南	 2.15	8.85	34460	31999	  1.08	226	279	--  	      25557.66	
="600466"	迪康药业	0.45	6.67	0.03	6.67	6.68	161237	5	          0.00	          3.67	6.70	6.79	6.60	6.64	   154.07	107844696	  1.37	中成药	四川	 2.86	6.69	95380	65857	  1.45	399	937	--  	      43900.58	
="002615"	哈尔斯	0.44	29.50	0.13	29.50	29.52	22792	211	          0.03	          4.46	29.33	29.73	29.00	29.37	    35.60	67112744	  0.83	家居用品	浙江	 2.49	29.44	12130	10662	  1.14	235	5	--  	       5106.25	
="600095"	哈高科	0.43	6.94	0.03	6.94	6.95	73654	87	          0.00	          2.04	6.91	7.03	6.89	6.91	--  	51344756	  1.01	食品	黑龙江	 2.03	6.97	43213	30441	  1.42	8	85	--  	      36126.35	
="002680"	黄海机械	0.43	34.77	0.15	34.71	34.77	8987	47	         -0.08	          3.75	34.60	35.99	34.20	34.62	   150.76	31542742	  0.87	工程机械	江苏	 5.17	35.10	4693	4294	  1.09	10	185	--  	       2399.22	
="000735"	罗 牛 山	0.41	7.35	0.03	7.35	7.36	337557	2219	         -0.13	          3.84	7.33	7.40	7.24	7.32	    88.01	247485904	  1.16	农业综合	海南	 2.19	7.33	170959	166598	  1.03	5583	5592	--  	      88008.24	
="002230"	科大讯飞	0.39	30.76	0.12	30.75	30.76	163442	1677	          0.00	          2.83	31.00	31.30	30.03	30.64	    93.35	502675168	  0.99	软件服务	安徽	 4.14	30.76	87873	75569	  1.16	385	332	--  	      57848.67	
="000929"	兰州黄河	0.39	10.29	0.04	10.29	10.30	32444	69	         -0.09	          1.75	10.30	10.45	10.25	10.25	    31.79	33593336	  1.03	啤酒	甘肃	 1.95	10.35	18875	13569	  1.39	769	957	--  	      18558.80	
="002007"	华兰生物	0.38	31.40	0.12	31.39	31.40	88845	1015	          0.03	          1.54	31.48	31.87	31.22	31.28	    31.96	279582880	  1.20	生物制药	河南	 2.08	31.47	47892	40953	  1.17	55	572	--  	      57686.69	
="002026"	山东威达	0.38	10.60	0.04	10.59	10.60	57811	466	         -0.09	          2.53	10.60	10.68	10.45	10.56	    33.85	61148676	  1.72	机械基件	山东	 2.18	10.58	28531	29280	  0.97	350	62	--  	      22815.00	
="600881"	亚泰集团	0.37	5.38	0.02	5.38	5.39	395119	1	          0.56	          2.09	5.39	5.42	5.24	5.36	    42.95	211293408	  0.88	水泥	吉林	 3.36	5.35	186514	208605	  0.89	616	809	--  	     189473.20	
="002220"	天宝股份	0.37	8.20	0.03	8.19	8.20	69740	507	          0.12	          1.79	8.19	8.26	8.13	8.17	    25.60	57127168	  1.41	食品	辽宁	 1.59	8.19	33552	36188	  0.93	326	136	--  	      38948.12	
="300082"	奥克股份	0.33	15.28	0.05	15.27	15.28	38687	369	          0.06	          1.15	15.37	15.44	15.17	15.23	    42.11	59209964	  1.16	化工原料	辽宁	 1.77	15.30	22565	16122	  1.40	195	170	--  	      33692.10	
="300193"	佳士科技	0.29	17.12	0.05	17.12	17.13	39596	580	          0.29	          2.60	17.05	17.29	17.00	17.07	    47.80	67732928	  1.24	专用机械	深圳	 1.70	17.11	21289	18307	  1.16	22	12	--  	      15209.28	
="600812"	华北制药	0.29	6.98	0.02	6.98	6.99	197377	10	          0.43	          1.92	6.95	7.17	6.94	6.96	   379.28	139159984	  1.15	化学制药	河北	 3.30	7.05	109352	88025	  1.24	995	20	--  	     102857.75	
="002622"	永大集团	0.29	17.50	0.05	17.50	17.51	19567	444	         -0.05	          2.03	17.48	17.88	17.36	17.45	    89.43	34511020	  0.88	电气设备	吉林	 2.98	17.64	9637	9930	  0.97	457	1738	--  	       9653.75	
="300118"	东方日升	0.28	10.56	0.03	10.56	10.57	192247	1058	          0.00	          5.06	10.48	10.73	10.42	10.53	   155.87	203416272	  1.18	半导体	浙江	 2.94	10.58	108355	83892	  1.29	806	1129	--  	      37982.94	
="600694"	大商股份	0.28	32.07	0.09	32.06	32.07	112247	3	          0.21	          3.82	32.30	32.78	31.85	31.98	     6.86	362782592	  1.44	百货	辽宁	 2.91	32.32	59837	52410	  1.14	178	8	--  	      29371.86	
="000528"	柳    工	0.28	7.15	0.02	7.15	7.16	250948	1919	         -0.13	          2.23	7.12	7.24	7.09	7.13	    25.11	179704560	  2.10	工程机械	广西	 2.10	7.16	131145	119803	  1.09	1354	1534	--  	     112508.84	
="002690"	美亚光电	0.28	46.85	0.13	46.84	46.85	11429	140	         -0.10	          1.03	46.49	47.61	45.97	46.72	    61.38	53629832	  0.77	专用机械	安徽	 3.51	46.92	5921	5508	  1.07	4	78	--  	      11095.95	
="600354"	敦煌种业	0.26	7.72	0.02	7.71	7.72	128725	150	          0.12	          2.87	7.71	7.79	7.65	7.70	--  	99223592	  1.48	种植业	甘肃	 1.82	7.71	70067	58658	  1.19	1148	203	--  	      44780.21	
="002481"	双塔食品	0.26	15.49	0.04	15.48	15.49	48196	242	          0.00	          1.29	15.53	15.67	15.36	15.45	    55.07	74589960	  1.91	食品	山东	 2.01	15.48	26070	22126	  1.18	60	77	--  	      37455.17	
="002550"	千红制药	0.23	26.24	0.06	26.24	26.25	60809	433	          0.11	          2.96	26.33	26.62	26.00	26.18	    35.25	160278000	  1.47	生物制药	江苏	 2.37	26.36	38622	22187	  1.74	301	31	--  	      20513.41	
="002650"	加加食品	0.23	13.13	0.03	13.12	13.13	105755	701	          0.30	          4.71	13.08	13.32	13.00	13.10	    39.95	139138400	  1.24	食品	湖南	 2.44	13.16	54418	51337	  1.06	213	101	--  	      22439.23	
="000035"	中国天楹	0.22	13.47	0.03	13.46	13.47	50972	951	          0.07	          2.70	13.50	13.55	13.26	13.44	    63.00	68330608	  1.39	通信设备	深圳	 2.16	13.41	30360	20612	  1.47	215	58	--  	      18895.36	
="600118"	中国卫星	0.21	23.67	0.05	23.67	23.68	304749	71	          0.04	          2.58	23.95	23.96	23.42	23.62	    87.73	722165696	  1.55	航空航天	北京	 2.29	23.70	164608	140141	  1.17	99	457	--  	     118248.90	
="000936"	华西股份	0.20	5.08	0.01	5.08	5.09	227652	2169	          0.00	          3.04	5.05	5.09	4.93	5.07	    96.76	113846464	  1.04	化纤	江苏	 3.16	5.00	117336	110316	  1.06	158	2077	--  	      74768.59	
="002133"	广宇集团	0.20	5.11	0.01	5.11	5.12	111161	551	         -0.38	          2.44	5.11	5.15	5.08	5.10	   109.88	56929272	  1.48	全国地产	浙江	 1.37	5.12	51024	60137	  0.85	1325	886	--  	      45524.98	
="600120"	浙江东方	0.19	15.60	0.03	15.59	15.60	289545	949	         -0.12	          5.73	15.58	15.93	15.39	15.57	    13.49	452766560	  1.23	商贸代理	浙江	 3.47	15.64	151981	137564	  1.10	607	143	--  	      50547.33	
="002294"	信立泰	0.19	36.55	0.07	36.55	36.56	51524	737	          0.13	          1.80	36.47	36.65	35.96	36.48	    23.85	187057456	  0.99	化学制药	深圳	 1.89	36.30	27494	24030	  1.14	872	182	--  	      28698.46	
="000837"	秦川发展	0.19	10.51	0.02	10.51	10.52	113403	756	          0.00	          4.44	10.52	10.79	10.48	10.49	--  	120390624	  1.15	机床制造	陕西	 2.96	10.62	66350	47053	  1.41	206	163	--  	      25558.96	
="600300"	维维股份	0.18	5.48	0.01	5.47	5.48	304302	24	          0.18	          1.82	5.47	5.55	5.41	5.47	    76.00	166721568	  1.58	软饮料	江苏	 2.56	5.48	154423	149879	  1.03	1072	2109	--  	     167200.00	
="300270"	中威电子	0.18	22.35	0.04	22.34	22.35	16241	126	          0.17	          2.56	22.32	22.92	22.21	22.31	    86.79	36506628	  0.97	通信设备	浙江	 3.18	22.48	9178	7063	  1.30	49	71	--  	       6343.12	
="600671"	天目药业	0.18	17.03	0.03	17.03	17.04	27616	2	          0.17	          2.27	17.09	17.10	16.83	17.00	--  	46915896	  1.35	中成药	浙江	 1.59	16.99	13232	14384	  0.92	18	86	--  	      12172.04	
="000816"	江淮动力	0.16	6.29	0.01	6.29	6.30	319423	2738	          0.15	          2.93	6.28	6.35	6.23	6.28	   158.88	201088640	  1.08	机械基件	江苏	 1.91	6.30	163194	156229	  1.04	734	3512	--  	     108877.75	
="000785"	武汉中商	0.12	8.46	0.01	8.46	8.49	58170	227	         -0.23	          2.32	8.45	8.65	8.44	8.45	    35.86	49547216	  1.56	百货	湖北	 2.49	8.52	30990	27180	  1.14	3838	33	--  	      25109.36	
="002400"	省广股份	0.12	25.63	0.03	25.62	25.63	80116	552	          0.07	          1.55	25.40	25.96	25.35	25.60	    44.00	205923568	  1.08	广告包装	广东	 2.38	25.70	43929	36187	  1.21	35	11	--  	      51663.73	
="002117"	东港股份	0.10	19.48	0.02	19.47	19.48	54108	656	          0.56	          1.50	19.62	19.62	19.20	19.46	    44.44	104649824	  1.22	广告包装	山东	 2.16	19.34	29307	24801	  1.18	23	305	--  	      36067.89	
="002046"	轴研科技	0.09	10.55	0.01	10.55	10.56	236454	1499	          0.09	          6.94	10.58	10.85	10.45	10.54	   125.30	251174640	  2.32	机械基件	河南	 3.80	10.62	117209	119245	  0.98	688	596	--  	      34056.60	
="600481"	双良节能	0.09	10.83	0.01	10.82	10.83	156450	114	         -0.09	          1.93	10.85	10.89	10.70	10.82	    27.57	169032176	  1.53	化工原料	江苏	 1.76	10.80	86046	70404	  1.22	662	40	--  	      81010.45	
="600306"	*ST商城	0.09	11.10	0.01	11.08	11.09	14347	111	          0.00	          0.81	11.24	11.24	10.96	11.09	--  	15916910	  0.66	百货	辽宁	 2.52	11.09	7140	7207	  0.99	20	21	--  	      17727.78	
="600276"	恒瑞医药	0.08	39.45	0.03	39.41	39.46	73518	2	         -0.12	          0.49	39.48	39.61	38.95	39.42	    39.84	288608320	  1.89	化学制药	江苏	 1.67	39.26	36761	36757	  1.00	17	5	--  	     149624.31	
="600372"	中航电子	0.07	28.99	0.02	28.99	29.00	160348	99	          0.38	          0.91	29.11	29.28	28.60	28.97	    94.22	463883488	  1.39	航空航天	江西	 2.35	28.93	83139	77209	  1.08	76	953	--  	     175916.30	
="300177"	中海达	0.06	17.76	0.01	17.76	17.77	92897	608	         -0.05	          3.94	17.80	18.07	17.72	17.75	    80.90	166330880	  1.39	通信设备	广东	 1.97	17.90	47032	45865	  1.03	504	134	--  	      23558.48	
="000998"	隆平高科	0.06	17.97	0.01	17.97	17.98	196286	790	          0.00	          2.36	18.10	18.15	17.79	17.96	   115.68	352491616	  1.44	种植业	湖南	 2.00	17.96	102832	93454	  1.10	1065	348	--  	      83123.59	
="601928"	凤凰传媒	0.00	10.71	0.00	--  	--  	0	0	          0.00	          0.00	--  	--  	--  	10.71	    23.65	0	  0.00	出版业	江苏	 0.00	10.71	0	0	--  	0	0	--  	      65788.35	
="600986"	科达股份	0.00	7.05	0.00	--  	--  	0	0	          0.00	          0.00	--  	--  	--  	7.05	    95.92	0	  0.00	建筑施工	山东	 0.00	7.05	0	0	--  	0	0	--  	      33526.96	
="600981"	汇鸿股份	0.00	4.21	0.00	--  	--  	0	0	          0.00	          0.00	--  	--  	--  	4.21	    91.20	0	  0.00	商贸代理	江苏	 0.00	4.21	0	0	--  	0	0	--  	      51610.64	
="600876"	洛阳玻璃	0.00	7.24	0.00	--  	--  	0	0	          0.00	          0.00	--  	--  	--  	7.24	    56.10	0	  0.00	玻璃	河南	 0.00	7.24	0	0	--  	0	0	--  	      25001.82	
="600847"	万里股份	0.00	18.19	0.00	--  	--  	0	0	          0.00	          0.00	--  	--  	--  	18.19	   644.02	0	  0.00	电气设备	重庆	 0.00	18.19	0	0	--  	0	0	--  	      13316.49	
="600749"	西藏旅游	0.00	12.18	0.00	--  	--  	0	0	          0.00	          0.00	--  	--  	--  	12.18	--  	0	  0.00	旅游景点	西藏	 0.00	12.18	0	0	--  	0	0	--  	      18913.78	
="600615"	丰华股份	0.00	13.30	0.00	13.30	13.31	55088	10	          0.15	          2.94	13.29	13.60	13.18	13.30	   177.64	73796576	  1.56	区域地产	上海	 3.16	13.40	28079	27009	  1.04	612	72	--  	      18762.44	
="600575"	皖江物流	0.00	4.11	0.00	--  	--  	0	0	          0.00	          0.00	--  	--  	--  	4.11	    69.90	0	  0.00	港口	安徽	 0.00	4.11	0	0	--  	0	0	--  	     142320.00	
="600569"	安阳钢铁	0.00	2.32	0.00	--  	--  	0	0	          0.00	          0.00	--  	--  	--  	2.32	    58.76	0	  0.00	普钢	河南	 0.00	2.32	0	0	--  	0	0	--  	     239368.45	
="600532"	宏达矿业	0.00	9.75	0.00	--  	--  	0	0	          0.00	          0.00	--  	--  	--  	9.75	    31.26	0	  0.00	普钢	山东	 0.00	9.75	0	0	--  	0	0	--  	      16510.25	
="600517"	置信电气	0.00	12.45	0.00	--  	--  	0	0	          0.00	          0.00	--  	--  	--  	12.45	    80.24	0	  0.00	电气设备	上海	 0.00	12.45	0	0	--  	0	0	--  	     111366.89	
="600497"	驰宏锌锗	0.00	10.39	0.00	--  	--  	0	0	          0.00	          0.00	--  	--  	--  	10.39	    84.98	0	  0.00	铅锌	云南	 0.00	10.39	0	0	--  	0	0	--  	     166756.09	
="600400"	红豆股份	0.00	5.69	0.00	--  	--  	0	0	          0.00	          0.00	--  	--  	--  	5.69	   103.21	0	  0.00	服饰	江苏	 0.00	5.69	0	0	--  	0	0	--  	      56039.96	
="600369"	西南证券	0.00	10.54	0.00	--  	--  	0	0	          0.00	          0.00	--  	--  	--  	10.54	    25.05	0	  0.00	证券	重庆	 0.00	10.54	0	0	--  	0	0	--  	     232255.45	
="600365"	通葡股份	0.00	11.38	0.00	--  	--  	0	0	          0.00	          0.00	--  	--  	--  	11.38	  5686.21	0	  0.00	红黄药酒	吉林	 0.00	11.38	0	0	--  	0	0	--  	      14000.00	
="600337"	美克家居	0.00	8.75	0.00	8.75	8.76	71749	8	         -0.22	          1.12	8.82	8.84	8.64	8.75	    30.19	62611848	  1.06	家居用品	新疆	 2.29	8.73	50281	21468	  2.34	24	30	--  	      63833.23	
="600318"	巢东股份	0.00	11.20	0.00	--  	--  	0	0	          0.00	          0.00	--  	--  	--  	11.20	    17.93	0	  0.00	水泥	安徽	 0.00	11.20	0	0	--  	0	0	--  	      24200.00	
="600241"	时代万恒	0.00	8.28	0.00	--  	--  	0	0	          0.00	          0.00	--  	--  	--  	8.28	--  	0	  0.00	商贸代理	辽宁	 0.00	8.28	0	0	--  	0	0	--  	      18020.00	
="600239"	云南城投	0.00	5.78	0.00	5.78	5.79	230254	78	          0.00	          2.80	5.70	5.87	5.66	5.78	--  	132312208	  0.80	区域地产	云南	 3.63	5.75	117980	112274	  1.05	238	784	--  	      82342.92	
="600105"	永鼎股份	0.00	9.86	0.00	--  	--  	0	0	          0.00	          0.00	--  	--  	--  	9.86	    17.13	0	  0.00	通信设备	江苏	 0.00	9.86	0	0	--  	0	0	--  	      38095.46	
="600103"	青山纸业	0.00	3.66	0.00	--  	--  	0	0	          0.00	          0.00	--  	--  	--  	3.66	   601.14	0	  0.00	造纸	福建	 0.00	3.66	0	0	--  	0	0	--  	     106184.15	
="600091"	ST明科	0.00	7.02	0.00	--  	--  	0	0	          0.00	          0.00	--  	--  	--  	7.02	--  	0	  0.00	化工原料	内蒙	 0.00	7.02	0	0	--  	0	0	--  	      33652.60	
="600090"	啤酒花	0.00	8.13	0.00	--  	--  	0	0	          0.00	          0.00	--  	--  	--  	8.13	    50.77	0	  0.00	啤酒	新疆	 0.00	8.13	0	0	--  	0	0	--  	      36791.66	
="300332"	天壕节能	--  	0.00	--  	--  	--  	0	0	--  	          0.00	--  	--  	--  	14.06	    40.57	0	  0.00	环境保护	北京	 0.00	14.06	0	0	--  	0	0	--  	      22666.75	
="300303"	聚飞光电	0.00	19.86	0.00	19.86	19.87	38436	213	          0.00	          2.69	19.91	20.00	19.66	19.86	    32.11	76293928	  1.43	半导体	深圳	 1.71	19.85	19506	18930	  1.03	248	50	--  	      14272.04	
="300230"	永利带业	--  	0.00	--  	--  	--  	0	0	--  	          0.00	--  	--  	--  	9.63	    29.42	0	  0.00	塑料	上海	 0.00	9.63	0	0	--  	0	0	--  	      10127.07	
="300194"	福安药业	--  	0.00	--  	--  	--  	0	0	--  	          0.00	--  	--  	--  	21.58	   106.56	0	  0.00	化学制药	重庆	 0.00	21.58	0	0	--  	0	0	--  	      12880.26	
="300189"	神农大丰	--  	0.00	--  	--  	--  	0	0	--  	          0.00	--  	--  	--  	7.86	--  	0	  0.00	种植业	海南	 0.00	7.86	0	0	--  	0	0	--  	      33498.87	
="300072"	三聚环保	--  	0.00	--  	--  	--  	0	0	--  	          0.00	--  	--  	--  	27.13	    36.92	0	  0.00	化工原料	北京	 0.00	27.13	0	0	--  	0	0	--  	      45855.16	
="300013"	新宁物流	--  	0.00	--  	--  	--  	0	0	--  	          0.00	--  	--  	--  	9.26	   131.57	0	  0.00	仓储物流	江苏	 0.00	9.26	0	0	--  	0	0	--  	      18000.00	
="002691"	石中装备	0.00	15.02	0.00	15.02	15.03	49490	513	          0.00	          7.50	15.10	15.35	14.95	15.02	    86.85	74972456	  1.40	专用机械	河北	 2.66	15.15	28582	20908	  1.37	27	273	--  	       6596.93	
="002632"	道明光学	--  	0.00	--  	--  	--  	0	0	--  	          0.00	--  	--  	--  	20.42	    94.89	0	  0.00	化工原料	浙江	 0.00	20.42	0	0	--  	0	0	--  	       5040.75	
="002608"	舜天船舶	--  	0.00	--  	--  	--  	0	0	--  	          0.00	--  	--  	--  	12.79	    86.27	0	  0.00	船舶	江苏	 0.00	12.79	0	0	--  	0	0	--  	      32855.16	
="002558"	世纪游轮	--  	0.00	--  	--  	--  	0	0	--  	          0.00	--  	--  	--  	31.65	   796.05	0	  0.00	旅游服务	重庆	 0.00	31.65	0	0	--  	0	0	--  	       3244.39	
="002537"	海立美达	--  	0.00	--  	--  	--  	0	0	--  	          0.00	--  	--  	--  	19.19	    89.02	0	  0.00	机械基件	山东	 0.00	19.19	0	0	--  	0	0	--  	      15000.00	
="002529"	海源机械	--  	0.00	--  	--  	--  	0	0	--  	          0.00	--  	--  	--  	15.03	--  	0	  0.00	专用机械	福建	 0.00	15.03	0	0	--  	0	0	--  	      15608.25	
="002521"	齐峰新材	0.00	11.82	0.00	11.82	11.83	109069	682	          0.08	          3.55	11.88	11.95	11.69	11.82	    18.77	128968240	  1.26	造纸	山东	 2.20	11.82	58091	50978	  1.14	1255	392	--  	      30760.26	
="002509"	天广消防	--  	0.00	--  	--  	--  	0	0	--  	          0.00	--  	--  	--  	12.27	    51.77	0	  0.00	专用机械	福建	 0.00	12.27	0	0	--  	0	0	--  	      23109.89	
="002501"	利源精制	0.00	18.48	0.00	18.48	18.49	181569	2800	         -0.21	          5.41	18.54	18.66	18.24	18.48	    22.21	335007936	  1.33	铝	吉林	 2.27	18.45	87588	93981	  0.93	696	557	--  	      33565.53	
="002485"	希努尔	--  	0.00	--  	--  	--  	0	0	--  	          0.00	--  	--  	--  	10.13	--  	0	  0.00	服饰	山东	 0.00	10.13	0	0	--  	0	0	--  	      32000.00	
="002483"	润邦股份	--  	0.00	--  	--  	--  	0	0	--  	          0.00	--  	--  	--  	12.22	    36.85	0	  0.00	工程机械	江苏	 0.00	12.22	0	0	--  	0	0	--  	      29250.00	
="002450"	康得新	--  	0.00	--  	--  	--  	0	0	--  	          0.00	--  	--  	--  	32.67	    33.05	0	  0.00	化工原料	江苏	 0.00	32.67	0	0	--  	0	0	--  	      94531.45	
="002444"	巨星科技	0.00	13.20	0.00	13.19	13.20	68294	540	          0.00	          0.78	13.27	13.34	13.11	13.20	    30.53	90324840	  1.12	轻工机械	浙江	 1.74	13.23	29543	38751	  0.76	718	100	--  	      87460.32	
="002426"	胜利精密	--  	0.00	--  	--  	--  	0	0	--  	          0.00	--  	--  	--  	11.26	    68.41	0	  0.00	元器件	江苏	 0.00	11.26	0	0	--  	0	0	--  	      35306.58	
="002324"	普利特	--  	0.00	--  	--  	--  	0	0	--  	          0.00	--  	--  	--  	19.90	    26.33	0	  0.00	塑料	上海	 0.00	19.90	0	0	--  	0	0	--  	      15582.66	
="002323"	中联电气	--  	0.00	--  	--  	--  	0	0	--  	          0.00	--  	--  	--  	21.95	   122.80	0	  0.00	电气设备	江苏	 0.00	21.95	0	0	--  	0	0	--  	       8350.16	
="002161"	远 望 谷	0.00	8.63	0.00	8.63	8.64	333110	4486	          0.23	          4.79	8.60	8.79	8.56	8.63	--  	288774752	  1.89	通信设备	深圳	 2.67	8.67	163147	169963	  0.96	1267	793	--  	      69472.39	
="002103"	广博股份	--  	0.00	--  	--  	--  	0	0	--  	          0.00	--  	--  	--  	10.18	   196.01	0	  0.00	文教休闲	浙江	 0.00	10.18	0	0	--  	0	0	--  	      17095.44	
="002086"	东方海洋	0.00	11.03	0.00	11.03	11.04	74666	935	          0.27	          3.14	11.08	11.09	10.92	11.03	    39.04	82154016	  1.29	渔业	山东	 1.54	11.00	44304	30362	  1.46	267	437	--  	      23780.85	
="002084"	海鸥卫浴	--  	0.00	--  	--  	--  	0	0	--  	          0.00	--  	--  	--  	7.60	    89.04	0	  0.00	家居用品	广东	 0.00	7.60	0	0	--  	0	0	--  	      40605.57	
="002044"	江苏三友	--  	0.00	--  	--  	--  	0	0	--  	          0.00	--  	--  	--  	10.04	    43.13	0	  0.00	服饰	江苏	 0.00	10.04	0	0	--  	0	0	--  	      22410.00	
="002036"	宜科科技	--  	0.00	--  	--  	--  	0	0	--  	          0.00	--  	--  	--  	10.86	   153.77	0	  0.00	服饰	浙江	 0.00	10.86	0	0	--  	0	0	--  	      19791.78	
="002013"	中航机电	--  	0.00	--  	--  	--  	0	0	--  	          0.00	--  	--  	--  	22.15	    43.52	0	  0.00	汽车配件	湖北	 0.00	22.15	0	0	--  	0	0	--  	      29285.81	
="002009"	天奇股份	--  	0.00	--  	--  	--  	0	0	--  	          0.00	--  	--  	--  	16.30	    47.89	0	  0.00	工程机械	江苏	 0.00	16.30	0	0	--  	0	0	--  	      25991.22	
="002006"	*ST精功	--  	0.00	--  	--  	--  	0	0	--  	          0.00	--  	--  	--  	8.75	   155.21	0	  0.00	工程机械	浙江	 0.00	8.75	0	0	--  	0	0	--  	      43677.89	
="000928"	中钢国际	0.00	11.38	0.00	11.37	11.38	62373	337	          0.17	          2.20	11.41	11.51	11.25	11.38	--  	70843992	  1.83	建筑施工	吉林	 2.28	11.36	37356	25017	  1.49	283	203	--  	      28289.90	
="000920"	南方汇通	--  	0.00	--  	--  	--  	0	0	--  	          0.00	--  	--  	--  	13.23	    31.50	0	  0.00	运输设备	贵州	 0.00	13.23	0	0	--  	0	0	--  	      42200.00	
="000796"	易食股份	--  	0.00	--  	--  	--  	0	0	--  	          0.00	--  	--  	--  	7.23	    95.94	0	  0.00	食品	陕西	 0.00	7.23	0	0	--  	0	0	--  	      24652.30	
="000795"	太原刚玉	--  	0.00	--  	--  	--  	0	0	--  	          0.00	--  	--  	--  	10.92	--  	0	  0.00	矿物制品	山西	 0.00	10.92	0	0	--  	0	0	--  	      27679.44	
="000710"	天兴仪表	--  	0.00	--  	--  	--  	0	0	--  	          0.00	--  	--  	--  	13.60	--  	0	  0.00	汽车配件	四川	 0.00	13.60	0	0	--  	0	0	--  	      15120.00	
="000627"	天茂集团	--  	0.00	--  	--  	--  	0	0	--  	          0.00	--  	--  	--  	4.10	    15.68	0	  0.00	化工原料	湖北	 0.00	4.10	0	0	--  	0	0	--  	     135358.98	
="000613"	大东海A	0.00	7.56	0.00	7.55	7.56	73435	1059	         -0.13	          2.82	7.64	7.67	7.44	7.56	--  	55304800	  0.98	旅游服务	海南	 3.04	7.53	38525	34910	  1.10	256	81	--  	      26056.48	
="000563"	陕国投Ａ	--  	0.00	--  	--  	--  	0	0	--  	          0.00	--  	--  	--  	8.18	    22.63	0	  0.00	多元金融	陕西	 0.00	8.18	0	0	--  	0	0	--  	      75266.72	
="000533"	万 家 乐	--  	0.00	--  	--  	--  	0	0	--  	          0.00	--  	--  	--  	5.97	    35.25	0	  0.00	家用电器	广东	 0.00	5.97	0	0	--  	0	0	--  	      68487.71	
="000498"	山东路桥	--  	0.00	--  	--  	--  	0	0	--  	          0.00	--  	--  	--  	4.64	    28.22	0	  0.00	建筑施工	山东	 0.00	4.64	0	0	--  	0	0	--  	      35417.01	
="000415"	渤海租赁	--  	0.00	--  	--  	--  	0	0	--  	          0.00	--  	--  	--  	10.28	    19.57	0	  0.00	多元金融	新疆	 0.00	10.28	0	0	--  	0	0	--  	     126917.42	
="000090"	天健集团	--  	0.00	--  	--  	--  	0	0	--  	          0.00	--  	--  	--  	8.44	    25.79	0	  0.00	建筑施工	深圳	 0.00	8.44	0	0	--  	0	0	--  	      55253.07	
="002479"	富春环保	-0.10	9.73	-0.01	9.73	9.74	147108	1750	          0.00	          2.01	9.74	9.83	9.64	9.74	    39.36	143136480	  1.15	火力发电	浙江	 1.95	9.73	83938	63170	  1.33	1278	293	--  	      73141.99	
="002399"	海普瑞	-0.11	27.47	-0.03	27.46	27.47	52689	336	          0.03	          0.66	27.54	27.71	27.17	27.50	    99.89	144383136	  1.09	化学制药	深圳	 1.96	27.40	28875	23814	  1.21	88	10	--  	      80020.00	
="300042"	朗科科技	-0.11	17.71	-0.02	17.70	17.71	35299	388	          0.00	          4.82	17.60	18.03	17.55	17.73	    86.37	62771660	  1.27	电脑设备	深圳	 2.71	17.78	18811	16488	  1.14	349	72	--  	       7327.91	
="000593"	大通燃气	-0.12	8.45	-0.01	8.44	8.45	63140	710	          0.23	          2.83	8.46	8.47	8.35	8.46	   228.17	53102144	  1.65	供气供热	四川	 1.42	8.41	35681	27459	  1.30	368	465	--  	      22317.48	
="300022"	吉峰农机	-0.12	8.01	-0.01	8.01	8.02	141879	1023	          0.25	          4.49	8.04	8.10	7.94	8.02	--  	113822352	  1.57	其他连锁	四川	 2.00	8.02	80996	60883	  1.33	1204	273	--  	      31565.72	
="300231"	银信科技	-0.14	14.65	-0.02	14.65	14.66	78549	893	          0.06	          5.05	14.76	14.88	14.56	14.67	    57.63	115470456	  1.44	软件服务	北京	 2.18	14.70	42636	35913	  1.19	290	104	--  	      15562.79	
="300211"	亿通科技	-0.26	23.46	-0.06	23.46	23.47	17875	261	          0.21	          3.77	23.70	23.89	23.36	23.52	    98.47	42017128	  1.16	通信设备	江苏	 2.25	23.50	11162	6713	  1.66	117	3	--  	       4739.52	
="000989"	九 芝 堂	-0.26	15.32	-0.04	15.31	15.32	71611	620	          0.00	          2.41	15.35	15.62	15.28	15.36	    29.35	110349144	  0.71	中成药	湖南	 2.21	15.41	39825	31786	  1.25	305	1613	--  	      29760.52	
="300180"	华峰超纤	-0.27	21.78	-0.06	21.76	21.78	20407	425	          0.36	          1.77	21.70	21.89	21.52	21.84	    31.30	44286852	  0.90	化纤	上海	 1.69	21.70	12395	8012	  1.55	5	18	--  	      11531.30	
="300179"	四方达	-0.29	10.44	-0.03	10.44	10.45	33160	243	          0.09	          2.49	10.45	10.66	10.38	10.47	    57.38	34898740	  1.30	矿物制品	河南	 2.67	10.52	16879	16281	  1.04	122	128	--  	      13301.12	
="002215"	诺 普 信	-0.30	10.10	-0.03	10.10	10.11	99729	1360	          0.49	          1.93	10.13	10.29	10.00	10.13	    29.94	101381264	  1.32	农药化肥	深圳	 2.86	10.17	55873	43856	  1.27	784	143	--  	      51575.60	
="002231"	奥维通信	-0.39	10.21	-0.04	10.20	10.21	134835	1107	          0.29	          6.62	10.25	10.35	10.10	10.25	--  	137669360	  1.56	通信设备	辽宁	 2.44	10.21	76737	58098	  1.32	656	380	--  	      20369.00	
="002536"	西泵股份	-0.39	27.95	-0.11	27.95	27.96	27959	345	          0.21	          6.30	28.40	28.40	27.71	28.06	    58.30	78305760	  1.40	汽车配件	河南	 2.46	28.01	16688	11271	  1.48	523	10	--  	       4438.20	
="002513"	蓝丰生化	-0.39	12.70	-0.05	12.70	12.74	41063	1726	         -0.23	          1.93	12.72	12.95	12.65	12.75	--  	52548420	  1.53	农药化肥	江苏	 2.35	12.80	24787	16276	  1.52	16	10	--  	      21312.00	
="002623"	亚玛顿	-0.42	25.83	-0.11	25.80	25.83	19254	111	          0.07	          1.20	25.95	26.35	25.70	25.94	   132.05	49913256	  1.16	玻璃	江苏	 2.51	25.92	11152	8102	  1.38	72	94	--  	      16000.00	
="002703"	浙江世宝	-0.43	25.69	-0.11	25.68	25.69	11149	112	          0.15	          7.43	25.61	26.40	25.41	25.80	   145.11	28730974	  1.94	汽车配件	浙江	 3.84	25.77	6860	4289	  1.60	13	260	--  	       1500.00	
="600589"	广东榕泰	-0.45	6.58	-0.03	6.57	6.58	210325	15	          0.45	          3.50	6.61	6.63	6.45	6.61	    66.01	137612624	  1.80	塑料	广东	 2.72	6.54	124786	85539	  1.46	378	354	--  	      60173.00	
="002154"	报 喜 鸟	-0.47	8.40	-0.04	8.39	8.40	190739	1436	          0.11	          3.58	8.43	8.70	8.27	8.44	    36.68	161045344	  2.74	服饰	浙江	 5.09	8.44	114316	76423	  1.50	1518	202	--  	      53315.05	
="002384"	东山精密	-0.48	14.48	-0.07	14.47	14.48	56859	169	          0.13	          1.26	14.60	14.71	14.33	14.55	   208.71	82697112	  1.39	通信设备	江苏	 2.61	14.54	36971	19888	  1.86	14	661	--  	      45272.80	
="600727"	鲁北化工	-0.48	6.18	-0.03	6.17	6.18	165854	265	          0.48	          4.73	6.28	6.29	6.10	6.21	   167.84	102555696	  1.05	农药化肥	山东	 3.06	6.18	101490	64364	  1.58	17	955	--  	      35092.66	
="002333"	罗普斯金	-0.49	14.22	-0.07	14.21	14.22	39881	242	          0.07	          1.64	14.31	14.45	14.02	14.29	    58.44	56669612	  1.37	铝	江苏	 3.01	14.21	22709	17172	  1.32	35	2	--  	      24248.49	
="002144"	宏达高科	-0.50	21.79	-0.11	21.78	21.79	60027	406	          0.22	          4.39	21.84	22.07	21.65	21.90	    30.38	131089232	  1.00	纺织	浙江	 1.92	21.84	34472	25555	  1.35	208	20	--  	      13679.36	
="600781"	辅仁药业	-0.51	21.64	-0.11	21.63	21.65	24640	19	         -0.18	          1.39	21.62	21.78	21.23	21.75	   138.68	53184572	  0.68	中成药	河南	 2.53	21.58	14144	10496	  1.35	33	339	--  	      17759.28	
="300203"	聚光科技	-0.73	21.70	-0.16	21.70	21.72	80558	791	          0.00	          1.81	21.67	22.06	21.50	21.86	    65.86	175226208	  0.72	电器仪表	浙江	 2.56	21.75	43447	37111	  1.17	250	240	--  	      44500.00	
="601100"	恒立油缸	-0.77	11.55	-0.09	11.54	11.55	26339	3	          0.08	          1.07	11.67	11.67	11.47	11.64	    72.63	30429456	  1.28	工程机械	江苏	 1.72	11.55	13031	13308	  0.98	194	558	--  	      24727.50	
="000623"	吉林敖东	-0.80	21.18	-0.17	21.18	21.19	384208	3494	          0.04	          4.98	21.46	21.85	21.02	21.35	    17.52	819632832	  1.95	中成药	吉林	 3.89	21.33	202989	181219	  1.12	242	216	--  	      77115.20	
="600125"	铁龙物流	-0.80	7.46	-0.06	7.46	7.47	582644	325	          0.00	          4.46	7.52	7.77	7.44	7.52	    27.51	442437568	  1.54	铁路	辽宁	 4.39	7.59	310785	271859	  1.14	30	790	--  	     130552.18	
="300045"	华力创通	-0.81	23.20	-0.19	23.19	23.20	63763	1384	          0.04	          4.11	23.55	23.68	23.05	23.39	   178.31	148829312	  1.67	电脑设备	北京	 2.69	23.34	38305	25458	  1.50	686	1084	--  	      15512.53	
="002291"	星期六	-0.85	8.19	-0.07	8.18	8.19	60806	906	          0.12	          1.67	8.26	8.29	8.11	8.26	    77.44	49745100	  1.49	服饰	广东	 2.18	8.18	34747	26059	  1.33	457	246	--  	      36335.00	
="300196"	长海股份	-0.87	20.50	-0.18	20.50	20.52	34468	424	         -0.04	          3.16	20.78	20.96	20.26	20.68	    27.66	71074400	  0.91	玻璃	江苏	 3.38	20.62	17742	16726	  1.06	9	72	--  	      10918.94	
="002073"	软控股份	-0.95	13.62	-0.13	13.62	13.63	573499	4886	         -0.14	          9.27	13.66	14.10	13.46	13.75	    46.45	786294976	  1.08	软件服务	山东	 4.65	13.71	332674	240825	  1.38	521	859	--  	      61879.48	
="300039"	上海凯宝	-0.97	15.30	-0.15	15.30	15.32	126986	1842	          0.00	          2.72	15.45	15.54	15.25	15.45	    26.39	195389856	  1.41	中成药	上海	 1.88	15.39	68429	58557	  1.17	1974	21	--  	      46743.32	
="002002"	鸿达兴业	-1.03	11.48	-0.12	11.48	11.49	45086	272	         -0.26	          1.93	11.68	11.70	11.40	11.60	    28.98	51834624	  1.32	塑料	广东	 2.59	11.50	26363	18723	  1.41	207	603	--  	      23365.13	
="002224"	三 力 士	-1.05	8.50	-0.09	8.49	8.50	184116	1650	         -0.11	          4.17	8.60	8.62	8.43	8.59	    31.07	156502032	  1.53	橡胶	浙江	 2.21	8.50	112976	71140	  1.59	430	524	--  	      44120.33	
="002172"	澳洋科技	-1.10	7.21	-0.08	7.21	7.22	86503	791	          0.13	          1.61	7.23	7.40	7.16	7.29	--  	62471512	  1.29	化纤	江苏	 3.29	7.22	47888	38615	  1.24	226	607	--  	      53754.96	
="002656"	卡奴迪路	-1.19	17.51	-0.21	17.50	17.51	81431	494	          0.11	         13.63	17.75	17.80	17.32	17.72	   212.38	142293152	  1.44	服饰	广东	 2.71	17.47	41723	39708	  1.05	305	126	--  	       5975.00	
="600179"	黑化股份	-1.21	7.37	-0.09	7.37	7.39	145854	37	         -0.13	          3.74	7.37	7.60	7.32	7.46	--  	108487736	  1.15	焦炭加工	黑龙江	 3.75	7.44	71333	74521	  0.96	427	347	--  	      39000.00	
="600478"	科力远	-1.28	25.55	-0.33	25.55	25.56	71694	23	          0.35	          1.52	26.01	26.10	25.37	25.88	  1362.85	183645360	  1.13	元器件	湖南	 2.82	25.61	44453	27241	  1.63	5	250	--  	      47223.51	
="600865"	百大集团	-1.29	8.42	-0.11	8.41	8.42	67590	61	          0.35	          1.80	8.54	8.56	8.37	8.53	    17.11	57196216	  1.77	百货	浙江	 2.23	8.46	45204	22386	  2.02	200	352	--  	      37624.03	
="000513"	丽珠集团	-1.57	55.90	-0.89	55.89	55.90	6855	127	          0.01	          0.39	56.50	56.50	55.28	56.79	    29.29	38357952	  0.92	中成药	广东	 2.15	55.95	4077	2778	  1.47	38	431	--  	      17766.91	
="600758"	红阳能源	-2.09	10.33	-0.22	10.33	10.34	136151	10	         -0.09	         11.83	10.50	10.50	10.14	10.55	   108.31	140290000	  1.64	供气供热	辽宁	 3.41	10.30	65614	70537	  0.93	113	304	--  	      11505.03	
="002409"	雅克科技	-2.21	21.69	-0.49	21.68	21.69	57089	568	         -0.04	          6.92	21.86	22.17	21.53	22.18	    55.82	123981688	  1.01	化工原料	江苏	 2.89	21.72	21291	35798	  0.59	3	28	--  	       8253.00	
="002375"	亚厦股份	-2.96	21.67	-0.66	21.67	21.68	287032	2056	         -0.04	          4.21	22.23	22.44	21.42	22.33	    19.82	622104896	  2.22	装修装饰	浙江	 4.57	21.67	169969	117063	  1.45	965	301	--  	      68105.28	
="000685"	中山公用	-3.12	13.95	-0.45	13.93	13.95	448445	10496	          0.21	          6.85	14.32	14.75	13.77	14.40	    19.19	631211904	  4.51	水务	广东	 6.81	14.08	322985	125460	  2.57	771	667	--  	      65505.55	
="000668"	荣丰控股	-3.15	13.54	-0.44	13.54	13.55	119994	1306	          0.22	          8.18	13.26	13.79	12.62	13.98	--  	156523936	  8.20	区域地产	上海	 8.37	13.04	60966	59028	  1.03	98	551	--  	      14668.41	
数据来源:通达信
