代码	名称	涨幅%%	现价	涨跌	买价	卖价	总量	现量	涨速%%	换手%%	今开	最高	最低	昨收	市盈(动)	总金额	量比	细分行业	
="600792"	云煤能源	10.06	6.89	0.63	6.89	--  	5713	1	0.00	          0.06	6.89	6.89	6.89	6.26	   955.41	3936030	  0.09	焦炭加工	
="600016"	民生银行	10.01	7.91	0.72	7.91	--  	14449643	40	0.00	          5.33	7.45	7.91	7.33	7.19	     5.49	11050961920	  1.92	银行	
="000001"	平安银行	7.63	13.12	0.93	13.11	13.12	3490412	23972	0.00	          3.55	12.14	13.40	12.08	12.19	     7.16	4436545024	  1.15	银行	
="000750"	国海证券	7.20	15.64	1.05	15.63	15.64	2182826	22035	0.32	         10.82	14.33	15.99	14.33	14.59	    58.22	3305372928	  1.17	证券	
="601318"	中国平安	6.98	54.29	3.54	54.30	54.33	2129764	116	-0.14	          4.45	50.50	55.38	50.36	50.75	    10.17	11223116800	  1.25	保险	
="601998"	中信银行	6.04	6.67	0.38	6.68	6.69	3722886	92	-0.89	          1.17	6.19	6.89	6.15	6.29	     7.25	2411000320	  1.31	银行	
="601939"	建设银行	5.85	5.07	0.28	5.08	5.09	4227102	2799	0.19	          4.41	4.73	5.18	4.70	4.79	     5.00	2077574784	  1.38	银行	
="600000"	浦发银行	5.84	12.87	0.71	12.87	12.88	5893711	10353	0.00	          3.95	12.03	13.08	12.03	12.16	     5.17	7404591104	  1.12	银行	
="000563"	陕国投Ａ	5.77	11.36	0.62	11.36	11.37	824646	11444	0.00	         10.96	10.56	11.55	10.53	10.74	    42.38	916017728	  1.03	多元金融	
="601166"	兴业银行	5.62	12.59	0.67	12.60	12.61	6682871	1253	-0.23	          4.13	11.82	12.90	11.75	11.92	     4.70	8204710912	  1.32	银行	
="002142"	宁波银行	5.53	13.94	0.73	13.94	13.95	1076895	6190	0.21	          3.75	13.12	14.28	13.01	13.21	     7.41	1473200640	  1.06	银行	
="601988"	中国银行	5.33	3.56	0.18	3.55	3.56	17256650	1597	0.28	          0.88	3.28	3.64	3.25	3.38	     6.50	5855948288	  2.82	银行	
="600802"	福建水泥	5.26	8.61	0.43	8.60	8.61	227917	120	0.81	          5.97	8.23	8.62	8.23	8.18	--  	192942928	  1.76	水泥	
="601601"	中国太保	5.07	24.89	1.20	24.90	24.91	1018604	51	0.12	          1.62	23.42	25.68	23.33	23.69	    18.88	2495870976	  1.09	保险	
="002220"	天宝股份	5.01	9.43	0.45	9.43	9.44	140091	793	-0.10	          3.60	8.97	9.71	8.97	8.98	    25.45	131773184	  1.30	食品	
="601288"	农业银行	4.96	2.96	0.14	2.96	2.97	11003451	1098	0.33	          0.39	2.80	3.01	2.78	2.82	     4.73	3168654848	  1.36	银行	
="002011"	盾安环境	4.88	10.97	0.51	10.97	10.98	505054	5371	-0.18	          6.03	10.49	11.17	10.49	10.46	    60.65	546250880	  1.07	工程机械	
="600335"	国机汽车	4.75	20.93	0.95	20.93	20.95	87190	299	0.19	          1.56	19.98	21.10	19.84	19.98	    15.75	181097136	  0.98	汽车配件	
="601668"	中国建筑	4.74	4.42	0.20	4.42	4.43	7778548	7703	0.22	          2.61	4.19	4.47	4.17	4.22	     5.88	3390560256	  1.30	建筑施工	
="002162"	斯米克	4.40	9.49	0.40	9.48	9.49	150964	1588	0.00	          3.61	9.12	9.60	9.12	9.09	   409.19	142659440	  0.96	陶瓷	
="000605"	渤海股份	4.33	19.26	0.80	19.26	19.27	35932	278	0.15	          4.06	18.22	19.56	18.22	18.46	    95.76	69138056	  2.38	水务	
="601398"	工商银行	4.24	4.18	0.17	4.17	4.18	6677991	725	0.48	          0.25	3.98	4.22	3.96	4.01	     5.00	2730542592	  1.50	银行	
="600875"	东方电气	4.14	16.87	0.67	16.87	16.88	365516	136	0.05	          2.20	16.32	16.88	16.32	16.20	    23.27	609296384	  1.25	电气设备	
="600170"	上海建工	4.05	6.42	0.25	6.42	6.43	1124491	109	0.00	         10.23	6.25	6.68	6.25	6.17	    16.46	726450432	  0.91	建筑施工	
="000898"	鞍钢股份	3.85	4.85	0.18	4.85	4.86	1584835	9785	0.00	          2.58	4.68	4.98	4.53	4.67	    28.51	746394944	  1.68	普钢	
="600873"	梅花生物	3.61	6.61	0.23	6.60	6.61	355873	3	0.30	          1.14	6.40	6.63	6.36	6.38	    56.81	232718560	  0.75	食品	
="300094"	国联水产	3.41	10.30	0.34	10.30	10.31	153827	660	-0.57	          4.39	9.90	10.70	9.50	9.96	    91.64	154196080	  2.44	渔业	
="600019"	宝钢股份	3.36	5.53	0.18	5.53	5.54	2315181	1740	0.18	          1.41	5.30	5.62	5.14	5.35	    13.64	1241983616	  1.62	普钢	
="000024"	招商地产	3.35	17.27	0.56	17.26	17.27	1049576	9149	0.00	         10.23	16.40	17.65	16.23	16.71	    14.89	1785056512	  0.93	全国地产	
="300345"	红宇新材	3.19	22.99	0.71	22.98	22.99	33517	935	0.13	          5.42	22.20	23.00	21.76	22.28	   938.31	75702440	  0.95	钢加工	
="300196"	长海股份	3.19	20.41	0.63	20.36	20.41	15160	253	0.04	          1.39	19.69	20.50	19.69	19.78	    27.54	30617146	  0.99	玻璃	
="002063"	远光软件	3.13	22.77	0.69	22.76	22.77	132601	452	0.13	          3.39	21.83	23.08	21.83	22.08	    55.39	301268544	  0.86	软件服务	
="600048"	保利地产	2.86	7.20	0.20	7.20	7.21	3935775	365	-0.41	          3.67	6.96	7.39	6.86	7.00	     9.53	2792928256	  0.98	全国地产	
="000625"	长安汽车	2.59	15.42	0.39	15.41	15.42	480884	2310	0.00	          1.42	14.98	15.65	14.91	15.03	     9.89	735779008	  1.12	汽车整车	
="600635"	大众公用	2.53	8.09	0.20	8.09	8.10	1341346	592	0.12	          8.15	7.66	8.15	7.61	7.89	    49.47	1061835456	  0.93	供气供热	
="000545"	金浦钛业	2.16	14.20	0.30	14.19	14.20	59999	84	0.14	          3.84	13.85	14.34	13.60	13.90	   118.07	84665472	  0.76	化工原料	
="601669"	中国电建	2.15	4.27	0.09	4.27	4.28	2462929	235	0.00	          7.46	4.16	4.29	4.14	4.18	     9.24	1042421696	  1.18	建筑施工	
="002007"	华兰生物	2.14	37.67	0.79	37.67	37.68	91002	500	-0.02	          1.58	36.80	38.26	36.33	36.88	    38.86	342862464	  0.60	生物制药	
="600058"	五矿发展	2.08	14.69	0.30	14.68	14.69	236683	102	0.13	          2.21	14.49	14.85	14.38	14.39	    66.84	346254144	  0.96	商贸代理	
="600068"	葛洲坝	2.05	5.98	0.12	5.98	5.99	1108249	591	0.16	          3.18	5.83	6.00	5.79	5.86	    11.85	657511936	  0.86	建筑施工	
="600731"	湖南海利	1.85	9.38	0.17	9.37	9.38	44113	70	0.21	          1.73	9.18	9.42	9.12	9.21	   584.83	41154256	  0.97	农药化肥	
="600783"	鲁信创投	1.76	23.73	0.41	23.70	23.71	330406	81	0.89	          4.44	22.66	23.96	22.40	23.32	    41.52	765481024	  0.93	矿物制品	
="000926"	福星股份	1.76	9.27	0.16	9.27	9.28	268695	3281	-0.10	          5.08	9.11	9.32	9.07	9.11	     8.54	247981440	  0.80	区域地产	
="600007"	中国国贸	1.72	14.19	0.24	14.18	14.19	92362	6	0.07	          0.92	13.83	14.48	13.79	13.95	    24.98	130733232	  0.82	园区开发	
="600532"	宏达矿业	1.70	10.74	0.18	10.72	10.73	63991	4	0.37	          3.88	10.58	10.91	10.58	10.56	    27.28	68897128	  1.05	普钢	
="000966"	长源电力	1.69	10.22	0.17	10.21	10.22	114866	1992	0.00	          2.07	10.05	10.25	10.04	10.05	     6.83	116322480	  0.83	火力发电	
="002688"	金河生物	1.67	17.03	0.28	17.03	17.04	39562	573	-0.05	          3.65	16.70	17.27	16.63	16.75	    44.80	67461840	  0.54	化学制药	
="600795"	国电电力	1.66	3.06	0.05	3.06	3.07	4200572	2596	0.32	          2.73	3.00	3.08	2.98	3.01	     7.73	1270971264	  1.37	火力发电	
="002563"	森马服饰	1.62	37.69	0.60	37.66	37.69	12466	352	0.29	          1.78	36.91	37.70	36.80	37.09	    28.21	46568248	  1.37	服饰	
="300138"	晨光生物	1.60	12.07	0.19	12.06	12.07	26945	157	-0.08	          2.14	11.86	12.17	11.85	11.88	   126.96	32480132	  0.87	食品	
="600801"	华新水泥	1.52	8.70	0.13	8.70	8.71	297325	117	0.23	          3.06	8.56	8.74	8.48	8.57	    11.98	256534048	  1.05	水泥	
="300083"	劲胜精密	1.52	25.45	0.38	25.44	25.45	33441	139	0.23	          3.81	25.07	25.54	24.88	25.07	   123.91	84824448	  0.59	元器件	
="000088"	盐 田 港	1.44	8.48	0.12	8.47	8.48	403081	3741	-0.11	          2.08	8.36	8.68	8.34	8.36	    35.80	343206592	  0.88	港口	
="600082"	海泰发展	1.41	7.20	0.10	7.20	7.21	333446	49	0.27	          5.29	7.13	7.38	7.00	7.10	    63.69	240019744	  1.13	园区开发	
="000528"	柳    工	1.40	8.67	0.12	8.66	8.67	496192	2794	0.11	          4.41	8.51	8.79	8.47	8.55	    40.78	428378336	  1.23	工程机械	
="600655"	豫园商城	1.37	11.81	0.16	11.80	11.82	200950	121	0.00	          1.40	11.65	12.07	11.65	11.65	    21.81	238510096	  0.73	百货	
="000539"	粤电力Ａ	1.32	6.13	0.08	6.13	6.14	244550	2809	-0.16	          1.15	6.05	6.18	6.02	6.05	     7.97	149086864	  0.86	火力发电	
="000601"	韶能股份	1.27	6.38	0.08	6.38	6.39	326455	1826	0.15	          3.28	6.34	6.55	6.30	6.30	    19.46	209118880	  1.17	火力发电	
="600098"	广州发展	1.18	6.86	0.08	6.86	6.87	274418	10	0.14	          1.13	6.80	6.96	6.70	6.78	    13.90	188069264	  0.91	火力发电	
="600269"	赣粤高速	1.09	4.65	0.05	4.64	4.65	1297845	245	0.64	          5.56	4.64	4.70	4.48	4.60	    13.33	596048832	  2.77	路桥	
="600375"	华菱星马	1.02	12.82	0.13	12.81	12.82	125533	13	0.07	          2.52	12.69	12.83	12.66	12.69	    50.77	160182160	  0.83	汽车整车	
="002508"	老板电器	1.01	33.93	0.34	33.93	33.95	34490	296	0.23	          1.11	33.73	34.34	33.59	33.59	    23.54	116826496	  0.92	家用电器	
="002302"	西部建设	0.93	15.25	0.14	15.24	15.25	69492	1547	0.32	          2.57	15.11	15.28	15.05	15.11	    34.61	105352472	  0.49	水泥	
="600720"	祁连山	0.91	8.83	0.08	8.82	8.83	340040	181	0.11	          4.38	8.75	8.86	8.73	8.75	     8.09	299382176	  0.99	水泥	
="000993"	闽东电力	0.91	9.99	0.09	9.98	9.99	35675	262	-0.10	          0.96	9.90	10.13	9.87	9.90	    31.69	35680844	  0.57	水力发电	
="002588"	史丹利	0.87	34.60	0.30	34.60	34.61	15250	141	0.20	          0.93	34.00	34.80	33.88	34.30	    17.94	52574924	  0.70	农药化肥	
="600834"	申通地铁	0.87	10.46	0.09	10.46	10.47	56770	10	0.09	          1.19	10.37	10.52	10.36	10.37	    44.99	59319796	  0.57	公共交通	
="601333"	广深铁路	0.84	3.59	0.03	3.58	3.59	1366045	254	0.27	          2.42	3.53	3.60	3.50	3.56	    29.35	486233280	  1.02	铁路	
="600676"	交运股份	0.81	8.69	0.07	8.69	8.70	140392	7	-0.11	          1.79	8.61	8.74	8.57	8.62	    23.56	121734136	  0.63	汽车配件	
="600483"	福能股份	0.79	10.24	0.08	10.24	10.25	77045	30	0.00	          2.67	10.37	10.37	10.20	10.16	    17.96	79086336	  0.92	火力发电	
="600750"	江中药业	0.73	20.79	0.15	20.78	20.79	55724	10	0.33	          1.86	20.57	21.28	20.48	20.64	    30.14	116320480	  0.88	中成药	
="600005"	武钢股份	0.68	2.95	0.02	2.95	2.96	2084643	242	0.34	          2.07	2.92	3.00	2.86	2.93	    28.99	607900672	  1.37	普钢	
="002534"	杭锅股份	0.58	19.11	0.11	19.10	19.11	77288	584	-0.10	          1.97	19.00	19.29	17.69	19.00	    58.73	144766544	  3.70	专用机械	
="600018"	上港集团	0.52	5.80	0.03	5.80	5.81	1028448	205	0.17	          0.45	5.71	5.82	5.70	5.77	    21.15	592711808	  0.86	港口	
="000564"	西安民生	0.50	6.02	0.03	6.01	6.02	79078	624	0.00	          2.36	5.99	6.05	5.95	5.99	    39.34	47549816	  0.42	百货	
="000877"	天山股份	0.49	8.18	0.04	8.17	8.18	285246	2772	0.12	          3.24	8.12	8.21	8.08	8.14	    17.58	232971456	  0.82	水泥	
="600970"	中材国际	0.49	10.29	0.05	10.27	10.30	259507	95	0.19	          2.37	10.23	10.34	10.17	10.24	    17.09	266641392	  0.60	建筑施工	
="000900"	现代投资	0.44	6.80	0.03	6.79	6.80	281757	3031	0.00	          2.79	6.77	6.81	6.60	6.77	    17.69	189137008	  1.08	路桥	
="600673"	东阳光科	0.43	16.23	0.07	16.26	16.33	123502	1	-0.49	          1.50	16.16	16.72	15.97	16.16	   103.15	202680704	  0.95	铝	
="300289"	利德曼	0.42	35.79	0.15	35.72	35.79	28502	140	0.42	          5.11	36.10	36.45	35.33	35.64	    64.14	102025152	  1.47	生物制药	
="600153"	建发股份	0.37	8.17	0.03	8.17	8.18	655206	172	-0.12	          2.31	8.10	8.31	8.02	8.14	    11.04	537239744	  0.80	商贸代理	
="601313"	江南嘉捷	0.36	11.10	0.04	11.10	11.11	44280	5	0.18	          1.65	11.10	11.21	10.95	11.06	    20.44	49257924	  0.71	运输设备	
="600223"	鲁商置业	0.35	5.66	0.02	5.66	5.67	141473	90	-0.17	          1.41	5.61	5.74	5.55	5.64	    34.31	79879376	  0.75	区域地产	
="600497"	驰宏锌锗	0.35	11.42	0.04	11.41	11.42	307798	170	0.08	          1.85	11.35	11.57	11.35	11.38	    93.41	352007584	  0.62	铅锌	
="600400"	红豆股份	0.32	6.24	0.02	6.23	6.24	115424	202	0.32	          2.06	6.22	6.32	6.18	6.22	   113.18	71894992	  0.75	服饰	
="002160"	*ST常铝	0.32	6.30	0.02	6.30	6.31	82852	635	0.15	          2.55	6.25	6.39	6.22	6.28	   106.97	52388088	  0.81	铝	
="600196"	复星医药	0.19	20.73	0.04	20.73	20.74	327444	22	0.14	          1.72	20.60	20.84	20.51	20.69	    22.82	677701696	  0.79	化学制药	
="000916"	华北高速	0.18	5.58	0.01	5.57	5.58	132183	1225	0.35	          1.21	5.54	5.58	5.49	5.57	    20.76	73145144	  0.99	路桥	
="600331"	宏达股份	0.16	6.41	0.01	6.41	6.42	362610	120	0.15	          3.51	6.40	6.48	6.25	6.40	--  	230580400	  0.79	铅锌	
="600162"	香江控股	0.15	6.70	0.01	6.72	6.75	179470	26	-0.59	          2.34	6.68	6.86	6.61	6.69	    15.69	121345184	  0.63	全国地产	
="601137"	博威合金	0.14	21.88	0.03	21.86	21.87	27369	3	0.13	          1.27	21.60	22.10	21.60	21.85	    69.53	59930632	  0.42	铜	
="600201"	金宇集团	0.06	36.25	0.02	36.22	36.24	20684	3	-0.11	          0.74	36.16	36.49	36.03	36.23	    25.10	75027560	  0.75	生物制药	
="002013"	中航机电	0.05	20.99	0.01	20.98	20.99	156545	2315	0.09	          5.35	21.18	21.45	20.86	20.98	    48.40	328564032	  0.75	汽车配件	
="002271"	东方雨虹	0.03	32.95	0.01	32.94	32.95	67457	897	-0.09	          3.09	32.61	33.01	31.82	32.94	    23.99	218079056	  1.12	其他建材	
="601928"	凤凰传媒	0.00	10.61	0.00	--  	--  	0	0	0.00	          0.00	--  	--  	--  	10.61	    27.58	0	  0.00	出版业	
="600986"	科达股份	0.00	7.05	0.00	--  	--  	0	0	0.00	          0.00	--  	--  	--  	7.05	    36.88	0	  0.00	建筑施工	
="600981"	汇鸿股份	0.00	4.21	0.00	--  	--  	0	0	0.00	          0.00	--  	--  	--  	4.21	    92.48	0	  0.00	商贸代理	
="600876"	洛阳玻璃	0.00	7.24	0.00	--  	--  	0	0	0.00	          0.00	--  	--  	--  	7.24	   374.48	0	  0.00	玻璃	
="600749"	西藏旅游	0.00	12.18	0.00	--  	--  	0	0	0.00	          0.00	--  	--  	--  	12.18	  1161.76	0	  0.00	旅游景点	
="600617"	国新能源	0.00	30.09	0.00	--  	--  	0	0	0.00	          0.00	--  	--  	--  	30.09	    42.79	0	  0.00	供气供热	
="600575"	皖江物流	0.00	4.11	0.00	--  	--  	0	0	0.00	          0.00	--  	--  	--  	4.11	--  	0	  0.00	港口	
="600569"	安阳钢铁	0.00	2.32	0.00	--  	--  	0	0	0.00	          0.00	--  	--  	--  	2.32	    78.40	0	  0.00	普钢	
="600517"	置信电气	0.00	12.45	0.00	--  	--  	0	0	0.00	          0.00	--  	--  	--  	12.45	    84.39	0	  0.00	电气设备	
="600369"	西南证券	0.00	10.54	0.00	--  	--  	0	0	0.00	          0.00	--  	--  	--  	10.54	    25.05	0	  0.00	证券	
="600365"	通葡股份	0.00	11.38	0.00	--  	--  	0	0	0.00	          0.00	--  	--  	--  	11.38	  5686.21	0	  0.00	红黄药酒	
="600318"	巢东股份	0.00	11.20	0.00	--  	--  	0	0	0.00	          0.00	--  	--  	--  	11.20	    17.93	0	  0.00	水泥	
="600275"	武昌鱼	0.00	5.64	0.00	5.64	5.65	115843	6	0.17	          2.28	5.61	5.69	5.60	5.64	--  	65454420	  0.81	农业综合	
="600241"	时代万恒	0.00	8.28	0.00	--  	--  	0	0	0.00	          0.00	--  	--  	--  	8.28	--  	0	  0.00	商贸代理	
="600105"	永鼎股份	0.00	9.86	0.00	--  	--  	0	0	0.00	          0.00	--  	--  	--  	9.86	    22.23	0	  0.00	通信设备	
="600103"	青山纸业	0.00	3.66	0.00	--  	--  	0	0	0.00	          0.00	--  	--  	--  	3.66	   601.14	0	  0.00	造纸	
="600091"	ST明科	0.00	7.02	0.00	--  	--  	0	0	0.00	          0.00	--  	--  	--  	7.02	--  	0	  0.00	化工原料	
="600090"	啤酒花	0.00	8.13	0.00	--  	--  	0	0	0.00	          0.00	--  	--  	--  	8.13	    36.46	0	  0.00	啤酒	
="300332"	天壕节能	--  	14.06	--  	--  	--  	0	0	--  	          0.00	--  	--  	--  	14.06	    40.57	0	  0.00	环境保护	
="300313"	天山生物	--  	23.69	--  	--  	--  	0	0	--  	          0.00	--  	--  	--  	23.69	   258.62	0	  0.00	农业综合	
="300189"	神农大丰	0.00	7.65	0.00	7.64	7.65	232161	1621	0.13	          6.90	7.63	7.78	7.61	7.65	--  	178666400	  0.82	种植业	
="300013"	新宁物流	--  	9.26	--  	--  	--  	0	0	--  	          0.00	--  	--  	--  	9.26	   131.57	0	  0.00	仓储物流	
="002700"	新疆浩源	--  	25.29	--  	--  	--  	0	0	--  	          0.00	--  	--  	--  	25.29	    56.88	0	  0.00	供气供热	
="002608"	舜天船舶	--  	12.79	--  	--  	--  	0	0	--  	          0.00	--  	--  	--  	12.79	    86.27	0	  0.00	船舶	
="002558"	世纪游轮	--  	31.65	--  	--  	--  	0	0	--  	          0.00	--  	--  	--  	31.65	   271.60	0	  0.00	旅游服务	
="002529"	海源机械	--  	15.03	--  	--  	--  	0	0	--  	          0.00	--  	--  	--  	15.03	--  	0	  0.00	专用机械	
="002509"	天广消防	--  	12.27	--  	--  	--  	0	0	--  	          0.00	--  	--  	--  	12.27	    51.77	0	  0.00	专用机械	
="002426"	胜利精密	--  	11.26	--  	--  	--  	0	0	--  	          0.00	--  	--  	--  	11.26	    68.41	0	  0.00	元器件	
="002333"	罗普斯金	--  	14.36	--  	--  	--  	0	0	--  	          0.00	--  	--  	--  	14.36	    59.02	0	  0.00	铝	
="002324"	普利特	--  	19.90	--  	--  	--  	0	0	--  	          0.00	--  	--  	--  	19.90	    26.33	0	  0.00	塑料	
="002323"	中联电气	--  	21.95	--  	--  	--  	0	0	--  	          0.00	--  	--  	--  	21.95	   130.92	0	  0.00	电气设备	
="002168"	深圳惠程	--  	10.13	--  	--  	--  	0	0	--  	          0.00	--  	--  	--  	10.13	--  	0	  0.00	电气设备	
="002103"	广博股份	--  	10.18	--  	--  	--  	0	0	--  	          0.00	--  	--  	--  	10.18	   172.72	0	  0.00	文教休闲	
="002044"	江苏三友	--  	10.04	--  	--  	--  	0	0	--  	          0.00	--  	--  	--  	10.04	    43.13	0	  0.00	服饰	
="002009"	天奇股份	--  	16.30	--  	--  	--  	0	0	--  	          0.00	--  	--  	--  	16.30	    47.89	0	  0.00	工程机械	
="002006"	*ST精功	--  	8.75	--  	--  	--  	0	0	--  	          0.00	--  	--  	--  	8.75	--  	0	  0.00	工程机械	
="000920"	南方汇通	--  	13.23	--  	--  	--  	0	0	--  	          0.00	--  	--  	--  	13.23	    31.50	0	  0.00	运输设备	
="000796"	易食股份	--  	7.23	--  	--  	--  	0	0	--  	          0.00	--  	--  	--  	7.23	    95.94	0	  0.00	食品	
="000795"	太原刚玉	--  	10.92	--  	--  	--  	0	0	--  	          0.00	--  	--  	--  	10.92	--  	0	  0.00	矿物制品	
="000710"	天兴仪表	--  	13.60	--  	--  	--  	0	0	--  	          0.00	--  	--  	--  	13.60	--  	0	  0.00	汽车配件	
="000627"	天茂集团	--  	4.10	--  	--  	--  	0	0	--  	          0.00	--  	--  	--  	4.10	    28.37	0	  0.00	化工原料	
="000533"	万 家 乐	--  	5.97	--  	--  	--  	0	0	--  	          0.00	--  	--  	--  	5.97	    35.25	0	  0.00	家用电器	
="000516"	开元投资	--  	9.85	--  	--  	--  	0	0	--  	          0.00	--  	--  	--  	9.85	    26.71	0	  0.00	百货	
="000514"	渝 开 发	--  	7.08	--  	--  	--  	0	0	--  	          0.00	--  	--  	--  	7.08	    36.98	0	  0.00	区域地产	
="000498"	山东路桥	--  	4.64	--  	--  	--  	0	0	--  	          0.00	--  	--  	--  	4.64	    27.67	0	  0.00	建筑施工	
="002557"	洽洽食品	-0.05	21.41	-0.01	21.41	21.42	58146	722	0.23	          1.72	21.42	21.69	21.30	21.42	    26.28	124809168	  0.45	食品	
="002685"	华东重机	-0.28	14.10	-0.04	14.10	14.11	77212	1030	0.14	          7.76	14.14	14.25	13.87	14.14	   450.38	108785072	  0.60	工程机械	
="600033"	福建高速	-0.30	3.30	-0.01	3.30	3.31	630844	111	0.00	          2.30	3.30	3.31	3.25	3.31	    13.61	207066128	  0.89	路桥	
="600897"	厦门空港	-0.52	21.22	-0.11	21.20	21.21	72468	52	0.09	          2.43	21.21	21.38	21.06	21.33	    13.11	153829040	  1.15	机场	
="002315"	焦点科技	-0.54	65.00	-0.35	65.00	65.21	49834	273	-0.36	          8.28	64.50	66.55	63.00	65.35	    61.07	322789120	  1.17	互联网	
="002461"	珠江啤酒	-0.55	16.19	-0.09	16.18	16.19	46988	591	0.30	          0.69	16.25	16.48	16.02	16.28	   137.64	76042272	  0.85	啤酒	
="601058"	赛轮股份	-0.60	18.31	-0.11	18.28	18.30	45464	10	0.05	          1.20	18.10	18.49	18.09	18.42	    24.14	83214416	  1.04	汽车配件	
="002567"	唐人神	-0.79	10.03	-0.08	10.03	10.04	54228	312	0.19	          1.29	10.00	10.17	9.95	10.11	    55.02	54669884	  0.53	饲料	
="000089"	深圳机场	-0.85	5.81	-0.05	5.81	5.82	252370	2037	0.34	          1.49	5.75	5.98	5.64	5.86	    38.42	145914768	  1.01	机场	
="600300"	维维股份	-0.86	5.74	-0.05	5.73	5.74	330981	43	0.34	          1.98	5.81	5.82	5.67	5.79	    85.12	189669648	  0.59	软饮料	
="000021"	长城开发	-0.97	8.19	-0.08	8.19	8.20	317650	3449	-0.12	          2.16	8.18	8.29	8.08	8.27	    65.89	259958448	  0.66	电脑设备	
="601007"	金陵饭店	-1.00	11.85	-0.12	11.86	11.90	44529	13	0.08	          1.48	11.84	12.14	11.78	11.97	   135.57	53346556	  1.01	酒店餐饮	
="300072"	三聚环保	-1.36	26.76	-0.37	26.75	26.76	406302	2288	0.22	          8.86	27.50	28.15	24.42	27.13	    36.41	1061552768	  6.41	化工原料	
="300145"	南方泵业	-1.37	25.88	-0.36	25.88	25.90	25642	215	-0.03	          1.47	25.93	27.35	25.78	26.24	    37.33	67632496	  1.10	专用机械	
="000525"	红 太 阳	-4.74	16.68	-0.83	16.68	16.69	263647	3120	0.00	          5.20	17.50	17.50	15.76	17.51	    15.94	439909280	  4.15	农药化肥	
数据来源:通达信
