代码	名称	涨幅%%	现价	涨跌	买价	卖价	总量	现量	涨速%%	换手%%	今开	最高	最低	昨收	市盈(动)	总金额	量比	细分行业	地区	振幅%%	
="002323"	中联电气	10.03	21.95	2.00	21.95	--  	41227	172	          0.00	          4.94	19.67	21.95	19.00	19.95	   122.80	86447632	  3.30	电气设备	江苏	14.79	
="000627"	天茂集团	8.47	4.10	0.32	4.09	4.10	1290531	9040	         -0.24	          9.53	3.81	4.16	3.81	3.78	    15.68	523753568	  3.75	化工原料	湖北	 9.26	
="600088"	中视传媒	6.24	22.29	1.31	22.29	22.30	253997	51	          0.00	          7.66	21.05	22.82	20.60	20.98	   139.46	552648064	  2.03	影视音像	上海	10.58	
="000638"	万方发展	5.74	7.18	0.39	7.14	7.18	202260	5634	          1.55	          6.54	6.73	7.32	6.73	6.79	   272.66	145187776	  2.63	批发业	辽宁	 8.69	
="000514"	渝 开 发	5.67	6.15	0.33	6.14	6.15	241974	11400	         -0.48	          2.87	5.80	6.35	5.71	5.82	    32.12	145168144	  1.74	区域地产	重庆	11.00	
="002470"	金正大	5.49	26.90	1.40	26.89	26.90	115178	1042	         -0.18	          1.94	25.70	27.15	25.70	25.50	    17.33	306337920	  2.33	农药化肥	山东	 5.69	
="002036"	宜科科技	5.13	10.86	0.53	10.86	10.87	130647	3079	          0.64	          6.60	10.33	10.93	10.23	10.33	   153.77	139448256	  1.34	服饰	浙江	 6.78	
="002677"	浙江美大	4.98	18.13	0.86	18.12	18.13	69021	1115	         -0.38	         13.80	17.34	18.34	17.20	17.27	    37.65	123348256	  2.18	家用电器	浙江	 6.60	
="600774"	汉商集团	4.94	12.33	0.58	12.31	12.32	33023	53	          1.14	          1.91	11.79	12.35	11.63	11.75	   192.94	39687108	  2.37	百货	湖北	 6.13	
="603123"	翠微股份	4.80	12.02	0.55	12.02	12.04	182298	361	          0.00	         16.21	11.55	12.14	11.45	11.47	    30.21	215365184	  1.91	百货	北京	 6.02	
="600806"	昆明机床	4.73	6.20	0.28	6.19	6.20	196741	23	         -0.16	          5.04	5.88	6.31	5.85	5.92	--  	120093024	  2.22	机床制造	云南	 7.77	
="002208"	合肥城建	4.57	8.70	0.38	8.69	8.70	50481	2027	          0.23	          1.59	8.32	8.83	8.21	8.32	    34.13	42796096	  1.55	区域地产	安徽	 7.45	
="300203"	聚光科技	4.31	19.59	0.81	19.57	19.59	175224	1227	         -0.65	          3.94	18.85	19.88	18.82	18.78	    73.95	341815776	  2.16	电器仪表	浙江	 5.64	
="002560"	通达股份	4.10	19.80	0.78	19.72	19.80	30989	834	          1.48	          6.78	19.01	19.88	18.93	19.02	    80.78	59927264	  1.74	电气设备	河南	 4.99	
="600478"	科力远	3.79	25.17	0.92	25.16	25.17	97494	9	         -0.15	          2.06	24.25	25.33	24.25	24.25	  1342.58	243989712	  1.43	元器件	湖南	 4.45	
="002215"	诺 普 信	3.78	10.43	0.38	10.42	10.43	158261	795	          0.00	          3.07	10.00	10.83	9.87	10.05	    17.94	163289344	  2.61	农药化肥	深圳	 9.55	
="600727"	鲁北化工	3.70	5.88	0.21	5.88	5.89	193747	1	          0.00	          5.52	5.67	6.12	5.64	5.67	   159.69	114145568	  2.58	农药化肥	山东	 8.47	
="600800"	天津磁卡	3.55	7.59	0.26	7.59	7.60	562474	8	          0.52	          9.22	7.52	8.05	7.52	7.33	--  	433846368	  2.74	综合类	天津	 7.23	
="001896"	豫能控股	3.46	8.68	0.29	8.68	8.69	63492	952	          0.11	          1.48	8.42	8.78	8.36	8.39	    12.96	54950660	  1.96	火力发电	河南	 5.01	
="000153"	丰原药业	3.43	11.47	0.38	11.46	11.47	140884	1034	          0.08	          4.75	11.09	11.64	11.05	11.09	    95.52	161422064	  1.71	化学制药	安徽	 5.32	
="601107"	四川成渝	3.42	3.63	0.12	3.63	3.64	331282	25	          0.27	          1.53	3.51	3.70	3.45	3.51	    10.03	119957072	  1.66	路桥	四川	 7.12	
="600810"	神马股份	3.27	7.90	0.25	7.89	7.90	78524	126	         -0.50	          1.78	7.65	7.97	7.59	7.65	    33.49	60899848	  1.02	化纤	河南	 4.97	
="002318"	久立特材	3.22	26.00	0.81	25.94	26.00	80889	781	          0.38	          2.72	25.23	26.46	25.20	25.19	    38.61	209276512	  1.45	特钢	浙江	 5.00	
="000903"	云内动力	3.20	6.77	0.21	6.76	6.77	132165	2047	         -0.14	          1.94	6.57	6.84	6.52	6.56	    26.80	88634264	  1.36	机械基件	云南	 4.88	
="002598"	山东章鼓	3.05	10.49	0.31	10.49	10.50	162828	4421	          0.00	          6.19	10.18	10.52	10.10	10.18	    44.00	168375040	  1.30	机械基件	山东	 4.13	
="002087"	新野纺织	2.98	4.84	0.14	4.84	4.85	258992	1336	          0.00	          4.98	4.76	5.10	4.74	4.70	    31.22	127098872	  3.20	纺织	河南	 7.66	
="002061"	江山化工	2.96	5.21	0.15	5.21	5.22	240953	2703	          0.38	          5.89	5.06	5.29	5.04	5.06	--  	125364448	  1.94	化工原料	浙江	 4.94	
="600179"	黑化股份	2.85	7.22	0.20	7.21	7.23	156719	464	         -0.13	          4.02	7.00	7.36	6.96	7.02	--  	112304968	  1.23	焦炭加工	黑龙江	 5.70	
="300346"	南大光电	2.79	38.25	1.04	38.24	38.25	17140	305	         -0.13	          4.78	37.21	39.27	37.04	37.21	    95.54	65564964	  1.52	半导体	江苏	 5.99	
="600363"	联创光电	2.69	11.45	0.30	11.45	11.46	281450	887	          0.26	          6.66	11.08	11.47	11.04	11.15	    42.17	318206976	  1.41	元器件	江西	 3.86	
="300180"	华峰超纤	2.67	20.79	0.54	20.78	20.79	19938	175	          0.09	          1.73	20.26	20.98	20.26	20.25	    28.62	41374356	  1.46	化纤	上海	 3.56	
="600448"	华纺股份	2.64	6.21	0.16	6.21	6.22	101407	52	         -0.63	          3.17	6.06	6.30	6.00	6.05	    92.96	62061860	  0.81	纺织	山东	 4.96	
="600236"	桂冠电力	2.56	4.01	0.10	4.01	4.02	166280	64	          0.25	          1.47	3.92	4.02	3.91	3.91	    21.29	66331760	  2.11	水力发电	广西	 2.81	
="300189"	神农大丰	2.43	8.02	0.19	8.01	8.02	212547	2658	          0.25	          6.34	7.79	8.06	7.72	7.83	   224.54	168909472	  1.04	种植业	海南	 4.34	
="600671"	天目药业	2.28	16.60	0.37	16.60	16.61	29437	28	         -0.41	          2.42	16.22	16.79	16.06	16.23	--  	48699748	  0.81	中成药	浙江	 4.50	
="600276"	恒瑞医药	2.23	38.57	0.84	38.53	38.57	54049	3	         -0.15	          0.36	37.97	39.07	37.90	37.73	    38.16	208811888	  1.23	化学制药	江苏	 3.10	
="600694"	大商股份	2.18	31.47	0.67	31.46	31.48	148627	74	         -0.28	          5.06	30.80	32.54	30.71	30.80	     6.16	472591680	  2.14	百货	辽宁	 5.94	
="000543"	皖能电力	2.16	8.05	0.17	8.04	8.05	192850	2296	          0.00	          1.88	7.88	8.21	7.85	7.88	     8.86	155457968	  1.22	火力发电	安徽	 4.57	
="002536"	西泵股份	2.15	26.56	0.56	26.55	26.56	28394	255	          0.07	          6.40	26.10	26.93	26.07	26.00	    46.98	75359552	  1.22	汽车配件	河南	 3.31	
="000613"	大东海A	2.15	7.14	0.15	7.13	7.14	58551	741	          0.14	          2.25	6.99	7.16	6.90	6.99	--  	41330804	  1.28	旅游服务	海南	 3.72	
="601636"	旗滨集团	2.13	8.16	0.17	8.16	8.17	88336	429	          0.00	          1.59	8.00	8.20	7.94	7.99	    29.04	71376976	  1.39	玻璃	湖南	 3.25	
="002471"	中超电缆	2.06	12.41	0.25	12.40	12.41	101142	758	         -0.24	          2.11	12.17	12.60	12.10	12.16	    52.90	125199664	  1.28	电气设备	江苏	 4.11	
="601908"	京运通	2.04	10.00	0.20	9.99	10.00	100366	58	          0.00	          3.53	9.83	10.20	9.77	9.80	   108.29	100710048	  1.44	半导体	北京	 4.39	
="300176"	鸿特精密	1.96	16.66	0.32	16.52	16.66	18591	335	          0.66	          1.73	16.28	16.84	16.28	16.34	    99.18	30871742	  1.34	汽车配件	广东	 3.43	
="600781"	辅仁药业	1.95	20.35	0.39	20.34	20.36	50106	100	         -0.09	          2.82	19.80	20.52	19.75	19.96	   130.42	101031768	  1.48	中成药	河南	 3.86	
="000639"	西王食品	1.87	19.10	0.35	19.09	19.10	23119	627	          0.10	          1.23	18.66	19.11	18.50	18.75	    36.80	43623868	  1.19	食品	山东	 3.25	
="300314"	戴维医疗	1.80	26.54	0.47	26.54	26.55	50666	317	          0.11	         11.66	26.00	27.60	25.95	26.07	    76.49	136502016	  1.74	医疗保健	浙江	 6.33	
="000040"	宝安地产	1.78	5.15	0.09	5.14	5.15	45875	889	         -0.19	          0.99	5.03	5.17	4.99	5.06	   147.01	23303736	  0.99	全国地产	深圳	 3.56	
="000875"	吉电股份	1.77	4.02	0.07	4.01	4.02	259992	4359	          0.00	          3.94	4.00	4.18	3.99	3.95	--  	106023752	  1.33	火力发电	吉林	 4.81	
="002479"	富春环保	1.77	9.19	0.16	9.18	9.19	105480	1505	          0.00	          1.44	9.01	9.35	8.90	9.03	    34.13	96950008	  1.22	火力发电	浙江	 4.98	
="002073"	软控股份	1.72	11.85	0.20	11.85	11.86	275265	4273	          0.00	          4.45	11.64	12.04	11.53	11.65	    40.42	324639264	  0.92	软件服务	山东	 4.38	
="002563"	森马服饰	1.70	32.97	0.55	32.97	33.00	19935	165	          0.06	          2.85	32.44	33.50	32.44	32.42	    32.13	65721180	  1.98	服饰	浙江	 3.27	
="002485"	希努尔	1.68	9.67	0.16	9.66	9.67	44425	270	          0.00	          1.39	9.50	9.75	9.44	9.51	--  	42778720	  1.22	服饰	山东	 3.26	
="300041"	回天新材	1.68	20.63	0.34	20.63	20.64	25282	51	         -0.04	          1.95	20.20	21.08	20.02	20.29	    31.42	52487404	  0.98	化工原料	湖北	 5.22	
="002397"	梦洁家纺	1.67	10.35	0.17	10.35	10.36	40907	502	          0.19	          2.82	10.20	10.47	10.15	10.18	    29.28	42420876	  1.01	服饰	湖南	 3.14	
="002117"	东港股份	1.59	19.80	0.31	19.79	19.80	92141	3491	          0.10	          2.55	19.59	19.93	19.32	19.49	    45.39	181428144	  1.44	广告包装	山东	 3.13	
="600655"	豫园商城	1.58	9.01	0.14	9.01	9.02	80212	24	         -0.11	          0.56	8.88	9.03	8.84	8.87	    19.61	71728320	  0.92	百货	上海	 2.14	
="000014"	沙河股份	1.57	14.26	0.22	14.25	14.26	27804	67	          0.07	          1.38	13.98	14.32	13.98	14.04	    57.51	39476972	  0.73	全国地产	深圳	 2.42	
="002534"	杭锅股份	1.56	18.19	0.28	18.18	18.19	41729	691	         -0.21	          1.07	17.80	18.34	17.73	17.91	    56.71	75358696	  1.45	专用机械	浙江	 3.41	
="000663"	永安林业	1.56	13.68	0.21	13.68	13.69	98955	1646	          0.07	          5.93	13.37	13.74	13.20	13.47	--  	133826864	  1.33	林业	福建	 4.01	
="300313"	天山生物	1.42	22.90	0.32	22.89	22.90	25978	729	          0.26	          6.22	22.12	22.90	22.00	22.58	   225.01	58030364	  1.44	农业综合	新疆	 3.99	
="300270"	中威电子	1.38	22.10	0.30	22.08	22.10	16528	774	          0.45	          2.61	21.80	22.10	21.48	21.80	    69.52	36026188	  0.92	通信设备	浙江	 2.84	
="600758"	红阳能源	1.38	9.58	0.13	9.56	9.57	33022	10	          0.10	          2.87	9.40	9.60	9.40	9.45	   100.45	31318994	  1.04	供气供热	辽宁	 2.12	
="002582"	好想你	1.33	22.11	0.29	22.11	22.12	34981	243	         -0.27	          3.82	21.81	22.52	21.73	21.82	    41.99	77816144	  0.83	食品	河南	 3.62	
="300159"	新研股份	1.32	11.55	0.15	11.55	11.57	122110	1411	         -0.60	          4.34	11.49	11.74	11.32	11.40	   129.20	141184576	  1.28	农用机械	新疆	 3.68	
="600075"	*ST新业	1.31	6.94	0.09	6.93	6.94	37200	147	          0.28	          0.85	6.85	7.00	6.85	6.85	    48.25	25798804	  0.73	化工原料	新疆	 2.19	
="002202"	金风科技	1.31	11.59	0.15	11.58	11.59	297824	2279	         -0.08	          1.39	11.44	11.76	11.28	11.44	    47.22	344460288	  1.28	电气设备	新疆	 4.20	
="002232"	启明信息	1.29	11.79	0.15	11.78	11.79	120040	426	         -0.08	          3.02	11.65	12.15	11.54	11.64	  1872.78	142200864	  1.31	软件服务	吉林	 5.24	
="000601"	韶能股份	1.27	5.58	0.07	5.57	5.58	167207	200	         -0.17	          1.68	5.51	5.63	5.49	5.51	    16.24	93117976	  0.66	火力发电	广东	 2.54	
="600238"	海南椰岛	1.27	8.79	0.11	8.79	8.80	219959	56	         -0.56	          4.98	8.96	9.18	8.78	8.68	    47.35	196546416	  1.04	红黄药酒	海南	 4.61	
="002035"	华帝股份	1.23	12.39	0.15	12.38	12.39	50585	848	         -0.16	          1.70	12.26	12.45	12.11	12.24	    18.29	62224652	  0.74	家用电器	广东	 2.78	
="002690"	美亚光电	1.22	45.65	0.55	45.64	45.65	14883	185	          0.06	          1.34	45.10	45.67	44.47	45.10	    72.24	67489328	  0.83	专用机械	安徽	 2.66	
="002481"	双塔食品	1.17	15.58	0.18	15.56	15.58	44954	175	         -0.06	          1.20	15.41	15.79	15.40	15.40	    55.39	70346248	  0.76	食品	山东	 2.53	
="000822"	*ST海化	1.11	4.54	0.05	4.53	4.54	101028	1653	          0.22	          1.13	4.47	4.63	4.46	4.49	    81.04	46046292	  0.76	化工原料	山东	 3.79	
="600386"	北巴传媒	1.10	11.06	0.12	11.06	11.07	163048	175	         -0.89	          4.04	11.10	11.29	11.00	10.94	    23.12	182144944	  2.08	公共交通	北京	 2.65	
="600235"	民丰特纸	1.08	7.47	0.08	7.46	7.47	54454	15	         -0.13	          1.55	7.43	7.58	7.36	7.39	--  	40647360	  1.04	造纸	浙江	 2.98	
="002702"	海欣食品	1.07	17.92	0.19	17.91	17.92	11678	190	          0.16	          1.91	17.76	18.18	17.72	17.73	--  	20960324	  0.92	食品	福建	 2.59	
="600187"	国中水务	1.05	6.76	0.07	6.75	6.76	447167	200	         -0.29	          3.07	6.70	6.93	6.70	6.69	    95.71	304638240	  1.45	水务	黑龙江	 3.44	
="600736"	苏州高新	0.96	5.24	0.05	5.24	5.25	881900	642	          0.76	          8.34	5.04	5.33	5.00	5.19	    47.41	456063552	  1.21	园区开发	江苏	 6.36	
="600589"	广东榕泰	0.95	6.36	0.06	6.36	6.37	95765	73	          0.15	          1.59	6.31	6.50	6.30	6.30	    53.77	61325176	  0.83	塑料	广东	 3.17	
="002593"	日上集团	0.94	11.83	0.11	11.83	11.84	19300	123	         -0.16	          1.48	11.77	11.90	11.63	11.72	    62.49	22826064	  0.51	汽车配件	福建	 2.30	
="600101"	明星电力	0.93	8.72	0.08	8.72	8.73	85471	10	         -0.11	          2.64	8.67	8.87	8.62	8.64	    26.34	74949880	  1.15	水力发电	四川	 2.89	
="603366"	日出东方	0.89	15.91	0.14	15.91	15.93	48346	57	         -0.12	          3.42	15.79	16.10	15.70	15.77	    18.31	76915536	  1.38	家用电器	江苏	 2.54	
="600565"	迪马股份	0.87	4.63	0.04	4.62	4.63	83988	60	          0.43	          1.17	4.58	4.63	4.54	4.59	    37.62	38481564	  0.55	全国地产	重庆	 1.96	
="300195"	长荣股份	0.86	32.65	0.28	32.62	32.65	12377	42	         -0.15	          1.92	32.47	33.16	32.35	32.37	    42.09	40619116	  0.99	轻工机械	天津	 2.50	
="002294"	信立泰	0.86	34.99	0.30	34.99	35.00	64230	118	         -0.05	          2.24	34.90	35.54	34.44	34.69	    23.09	224735312	  0.90	化学制药	深圳	 3.17	
="000862"	银星能源	0.83	8.47	0.07	8.47	8.48	70590	1126	          0.83	          2.49	8.48	8.65	8.38	8.40	--  	59926708	  1.05	电器仪表	宁夏	 3.21	
="601011"	宝泰隆	0.83	12.19	0.10	12.20	12.21	38209	1	         -0.40	          0.99	12.09	12.36	12.06	12.09	    68.40	46717512	  0.89	焦炭加工	黑龙江	 2.48	
="600593"	大连圣亚	0.78	19.27	0.15	19.26	19.29	12782	1	         -0.41	          1.39	19.14	19.55	19.13	19.12	--  	24772850	  0.79	旅游景点	辽宁	 2.20	
="000978"	桂林旅游	0.77	7.88	0.06	7.87	7.88	68629	440	          0.12	          1.91	7.80	7.95	7.78	7.82	--  	54137404	  1.31	旅游景点	广西	 2.17	
="601007"	金陵饭店	0.75	10.76	0.08	10.75	10.76	48921	135	          0.27	          1.63	10.68	10.82	10.57	10.68	   103.57	52404152	  0.81	酒店餐饮	江苏	 2.34	
="600300"	维维股份	0.74	5.41	0.04	5.41	5.42	307349	20	          0.00	          1.84	5.36	5.62	5.31	5.37	    75.03	168059296	  1.37	软饮料	江苏	 5.77	
="600643"	爱建股份	0.70	11.58	0.08	11.57	11.59	437418	180	          0.00	          5.35	11.45	11.74	11.39	11.50	    27.56	507124672	  1.78	多元金融	上海	 3.04	
="600191"	华资实业	0.68	7.39	0.05	7.40	7.41	42710	40	         -0.13	          0.88	7.34	7.53	7.27	7.34	    65.90	31645172	  0.74	食品	内蒙	 3.54	
="002018"	华星化工	0.68	11.88	0.08	11.88	11.89	120074	1635	          0.42	          2.68	11.84	12.04	11.65	11.80	   148.04	142342912	  0.86	农药化肥	安徽	 3.31	
="002409"	雅克科技	0.62	21.22	0.13	21.20	21.22	13575	188	         -0.14	          1.64	21.00	21.44	20.86	21.09	    54.61	28829060	  1.95	化工原料	江苏	 2.75	
="002469"	三维工程	0.60	13.46	0.08	13.46	13.47	40615	81	         -0.07	          1.61	13.20	13.67	13.20	13.38	    35.47	54976836	  0.92	建筑施工	山东	 3.51	
="002632"	道明光学	0.59	18.81	0.11	18.80	18.81	15727	113	         -0.47	          3.12	18.64	19.48	18.60	18.70	    98.79	29945962	  0.71	化工原料	浙江	 4.71	
="000791"	甘肃电投	0.59	8.57	0.05	8.57	8.58	44115	869	          0.23	          3.84	8.54	8.67	8.44	8.52	   678.52	37706956	  1.00	水力发电	甘肃	 2.70	
="002248"	*ST东数	0.58	8.62	0.05	8.62	8.63	42212	734	          0.11	          2.08	8.61	8.88	8.58	8.57	--  	36605516	  0.55	机床制造	山东	 3.50	
="000037"	深南电Ａ	0.56	5.37	0.03	5.37	5.38	37805	198	          0.18	          1.12	5.34	5.45	5.29	5.34	--  	20368120	  1.18	火力发电	深圳	 3.00	
="000912"	泸 天 化	0.50	6.02	0.03	6.01	6.02	51500	1461	          0.00	          1.93	5.99	6.11	5.92	5.99	--  	31134662	  0.58	农药化肥	四川	 3.17	
="002494"	华斯股份	0.50	16.21	0.08	16.20	16.21	32008	468	         -0.30	          3.29	16.06	16.42	16.03	16.13	    31.53	52169740	  0.91	服饰	河北	 2.42	
="600784"	鲁银投资	0.48	6.29	0.03	6.29	6.30	107619	30	          0.00	          2.17	6.27	6.42	6.23	6.26	    62.83	68189368	  0.70	普钢	山东	 3.04	
="002543"	万和电气	0.45	11.14	0.05	11.14	11.15	28719	114	         -0.17	          0.90	11.10	11.26	11.03	11.09	    14.69	32121446	  1.10	家用电器	广东	 2.07	
="000928"	中钢国际	0.43	11.55	0.05	11.54	11.55	48737	247	         -0.17	          1.72	11.65	11.86	11.45	11.50	--  	56635540	  0.61	建筑施工	吉林	 3.57	
="600272"	开开实业	0.42	14.37	0.06	14.36	14.37	25469	58	         -0.06	          1.59	14.29	14.65	14.28	14.31	    40.83	36781152	  0.84	服饰	上海	 2.59	
="300006"	莱美药业	0.42	35.93	0.15	35.78	35.93	19120	150	          0.50	          1.42	35.85	36.59	35.50	35.78	--  	68823464	  0.80	化学制药	重庆	 3.05	
="600086"	东方金钰	0.42	24.15	0.10	24.15	24.16	31451	124	          0.00	          0.89	24.00	24.24	23.88	24.05	    74.69	75776640	  0.63	服饰	湖北	 1.50	
="600795"	国电电力	0.40	2.52	0.01	2.52	2.53	1026591	685	          0.00	          0.67	2.51	2.56	2.50	2.51	     7.32	259891408	  0.91	火力发电	辽宁	 2.39	
="002668"	奥马电器	0.37	21.95	0.08	21.94	21.95	65140	827	          0.00	          9.00	21.87	22.16	21.68	21.87	    15.52	142902400	  1.27	家用电器	广东	 2.19	
="600306"	*ST商城	0.36	11.20	0.04	11.22	11.23	21300	3	         -0.17	          1.20	11.11	11.34	11.03	11.16	--  	23871468	  0.82	百货	辽宁	 2.78	
="600004"	白云机场	0.36	8.44	0.03	8.43	8.44	66750	1094	          0.35	          0.58	8.41	8.45	8.30	8.41	     9.26	55882848	  0.70	机场	广东	 1.78	
="300218"	安利股份	0.32	12.43	0.04	12.38	12.43	15796	74	         -0.16	          0.97	12.38	12.77	12.36	12.39	    41.18	19723392	  0.72	塑料	安徽	 3.31	
="600868"	梅雁吉祥	0.32	3.12	0.01	3.12	3.13	355731	62	         -0.31	          1.87	3.11	3.16	3.08	3.11	   233.49	111124712	  0.64	水力发电	广东	 2.57	
="600115"	东方航空	0.32	3.15	0.01	3.15	3.16	272419	50	          0.00	          0.35	3.12	3.19	3.10	3.14	  1425.86	85646992	  0.45	空运	上海	 2.87	
="002457"	青龙管业	0.30	10.05	0.03	10.04	10.05	128550	976	         -0.29	          5.07	10.16	10.42	10.04	10.02	    43.88	131453496	  1.34	塑料	宁夏	 3.79	
="600083"	博信股份	0.29	10.24	0.03	10.23	10.24	20768	107	          0.19	          0.92	10.12	10.35	10.02	10.21	   581.65	21097904	  0.52	元器件	广东	 3.23	
="002671"	龙泉股份	0.28	10.67	0.03	10.67	10.68	46728	409	         -0.18	          2.55	10.74	10.85	10.60	10.64	    32.50	50060332	  0.65	其他建材	山东	 2.35	
="000837"	秦川发展	0.28	10.82	0.03	10.82	10.83	99117	1037	          0.00	          3.88	10.77	10.96	10.59	10.79	--  	107185776	  0.56	机床制造	陕西	 3.43	
="002031"	巨轮股份	0.27	11.21	0.03	11.20	11.21	104820	1045	          0.44	          2.56	11.29	11.29	11.09	11.18	    32.00	117282744	  0.82	汽车配件	广东	 1.79	
="002685"	华东重机	0.26	11.71	0.03	11.70	11.71	39425	500	         -0.08	          3.96	11.62	11.87	11.56	11.68	   230.08	46371568	  0.88	工程机械	江苏	 2.65	
="600578"	京能电力	0.25	3.94	0.01	3.94	3.95	309952	30	         -0.25	          1.37	3.93	4.02	3.91	3.93	     6.30	123076528	  0.84	火力发电	北京	 2.80	
="600851"	海欣股份	0.25	8.10	0.02	8.10	8.11	121754	71	          0.00	          1.65	8.11	8.28	8.05	8.08	   240.16	99515632	  0.53	纺织	上海	 2.85	
="000785"	武汉中商	0.24	8.28	0.02	8.28	8.29	30144	231	         -0.24	          1.20	8.26	8.41	8.23	8.26	    35.10	25109904	  0.76	百货	湖北	 2.18	
="002243"	通产丽星	0.23	8.79	0.02	8.78	8.79	32536	100	         -0.11	          1.05	8.74	9.01	8.68	8.77	  1136.75	28847718	  0.50	塑料	深圳	 3.76	
="000677"	恒天海龙	0.23	4.43	0.01	4.42	4.43	166192	1908	          0.22	          1.92	4.39	4.53	4.35	4.42	--  	73809960	  0.76	化纤	山东	 4.07	
="601177"	杭齿前进	0.23	8.89	0.02	8.89	8.90	32835	148	          0.33	          0.82	9.00	9.03	8.74	8.87	    86.82	29191152	  0.78	机械基件	浙江	 3.27	
="600439"	瑞贝卡	0.22	4.53	0.01	4.52	4.53	115542	15	          0.44	          1.22	4.53	4.56	4.48	4.52	    24.66	52274996	  0.74	服饰	河南	 1.77	
="600798"	宁波海运	0.22	4.65	0.01	4.65	4.66	202643	10	          0.00	          2.33	4.62	4.85	4.58	4.64	--  	95759864	  1.49	水运	浙江	 5.82	
="002680"	黄海机械	0.21	33.50	0.07	33.43	33.50	19024	60	          0.20	          7.93	33.08	34.15	32.72	33.43	   139.24	64147048	  1.04	工程机械	江苏	 4.28	
="002406"	远东传动	0.17	11.64	0.02	11.63	11.64	41896	406	          0.00	          2.37	11.62	11.78	11.56	11.62	    21.36	48993716	  0.84	汽车配件	河南	 1.89	
="300320"	海达股份	0.17	17.54	0.03	17.54	17.55	9833	87	         -0.11	          1.42	17.53	17.76	17.35	17.51	    27.05	17314332	  0.53	橡胶	江苏	 2.34	
="000816"	江淮动力	0.16	6.14	0.01	6.14	6.15	216496	2082	          0.00	          1.99	6.13	6.29	6.09	6.13	   107.53	133688456	  0.97	机械基件	江苏	 3.26	
="601989"	中国重工	0.16	6.46	0.01	6.46	6.47	2241869	300	          0.15	          1.44	6.50	6.66	6.45	6.45	    42.54	1467363200	  0.80	船舶	北京	 3.26	
="600993"	马应龙	0.14	21.19	0.03	21.16	21.19	62590	10	         -0.09	          1.89	21.16	21.60	20.80	21.16	    26.90	133275784	  0.67	中成药	湖北	 3.78	
="600356"	恒丰纸业	0.12	8.25	0.01	8.26	8.28	41991	5	         -0.12	          1.66	8.20	8.36	8.15	8.24	    39.87	34825088	  0.87	造纸	黑龙江	 2.55	
="002361"	神剑股份	0.12	8.63	0.01	8.63	8.64	37575	225	          0.00	          2.12	8.64	8.80	8.56	8.62	    36.00	32608314	  0.63	化工原料	安徽	 2.78	
="300120"	经纬电材	0.11	8.90	0.01	8.89	8.90	23121	195	          0.00	          1.54	8.86	9.05	8.86	8.89	   223.55	20710864	  0.77	电气设备	天津	 2.14	
="600496"	精工钢构	0.11	9.25	0.01	9.24	9.25	77988	36	          0.00	          1.33	9.32	9.48	9.20	9.24	    23.55	72646136	  1.01	钢加工	安徽	 3.03	
="600372"	中航电子	0.10	28.89	0.03	28.89	28.90	105050	5	          0.10	          0.60	28.84	29.20	28.40	28.86	    93.89	303207552	  0.54	航空航天	江西	 2.77	
="002369"	卓翼科技	0.08	12.02	0.01	12.02	12.03	149621	842	          0.00	          4.26	12.01	12.29	11.91	12.01	    89.10	181182528	  0.66	通信设备	深圳	 3.16	
="000902"	新洋丰	0.07	13.81	0.01	13.80	13.81	76945	1163	         -0.07	          2.98	13.66	13.99	13.54	13.80	    14.49	105905944	  0.88	农药化肥	湖北	 3.26	
="601928"	凤凰传媒	0.00	10.71	0.00	--  	--  	0	0	          0.00	          0.00	--  	--  	--  	10.71	    23.65	0	  0.00	出版业	江苏	 0.00	
="600986"	科达股份	0.00	7.05	0.00	--  	--  	0	0	          0.00	          0.00	--  	--  	--  	7.05	    95.92	0	  0.00	建筑施工	山东	 0.00	
="600981"	汇鸿股份	0.00	4.21	0.00	--  	--  	0	0	          0.00	          0.00	--  	--  	--  	4.21	    91.20	0	  0.00	商贸代理	江苏	 0.00	
="600881"	亚泰集团	0.00	5.14	0.00	--  	--  	0	0	          0.00	          0.00	--  	--  	--  	5.14	    41.03	0	  0.00	水泥	吉林	 0.00	
="600876"	洛阳玻璃	0.00	7.24	0.00	--  	--  	0	0	          0.00	          0.00	--  	--  	--  	7.24	    56.10	0	  0.00	玻璃	河南	 0.00	
="600853"	龙建股份	0.00	4.04	0.00	4.04	4.05	68384	3	         -0.24	          1.27	4.02	4.13	4.02	4.04	   319.01	27838564	  0.60	建筑施工	黑龙江	 2.72	
="600847"	万里股份	0.00	18.19	0.00	--  	--  	0	0	          0.00	          0.00	--  	--  	--  	18.19	   644.02	0	  0.00	电气设备	重庆	 0.00	
="600822"	上海物贸	0.00	12.64	0.00	12.63	12.64	235849	482	         -0.07	          5.95	12.65	12.77	12.56	12.64	   403.54	298979264	  0.90	商贸代理	上海	 1.66	
="600749"	西藏旅游	0.00	12.18	0.00	--  	--  	0	0	          0.00	          0.00	--  	--  	--  	12.18	--  	0	  0.00	旅游景点	西藏	 0.00	
="600726"	华电能源	0.00	4.07	0.00	--  	--  	0	0	          0.00	          0.00	--  	--  	--  	4.07	    15.11	0	  0.00	火力发电	黑龙江	 0.00	
="600719"	大连热电	0.00	8.56	0.00	8.55	8.56	20250	100	          0.00	          1.00	8.56	8.68	8.52	8.56	    45.58	17412224	  0.58	供气供热	辽宁	 1.87	
="600710"	常林股份	0.00	4.39	0.00	4.39	4.40	61060	39	          0.00	          0.95	4.39	4.44	4.34	4.39	--  	26769100	  0.68	工程机械	江苏	 2.28	
="600704"	物产中大	0.00	10.38	0.00	--  	--  	0	0	          0.00	          0.00	--  	--  	--  	10.38	    20.87	0	  0.00	商贸代理	浙江	 0.00	
="600683"	京投银泰	0.00	6.79	0.00	--  	--  	0	0	          0.00	          0.00	--  	--  	--  	6.79	--  	0	  0.00	区域地产	浙江	 0.00	
="600575"	皖江物流	0.00	4.11	0.00	--  	--  	0	0	          0.00	          0.00	--  	--  	--  	4.11	    69.90	0	  0.00	港口	安徽	 0.00	
="600569"	安阳钢铁	0.00	2.32	0.00	--  	--  	0	0	          0.00	          0.00	--  	--  	--  	2.32	    58.76	0	  0.00	普钢	河南	 0.00	
="600532"	宏达矿业	0.00	9.75	0.00	--  	--  	0	0	          0.00	          0.00	--  	--  	--  	9.75	    31.26	0	  0.00	普钢	山东	 0.00	
="600505"	西昌电力	0.00	10.69	0.00	10.69	10.70	17685	136	          0.00	          0.49	10.69	10.74	10.60	10.69	  1093.01	18901792	  0.66	水力发电	四川	 1.31	
="600497"	驰宏锌锗	0.00	10.39	0.00	--  	--  	0	0	          0.00	          0.00	--  	--  	--  	10.39	    91.83	0	  0.00	铅锌	云南	 0.00	
="600369"	西南证券	0.00	10.54	0.00	--  	--  	0	0	          0.00	          0.00	--  	--  	--  	10.54	    27.45	0	  0.00	证券	重庆	 0.00	
="600365"	通葡股份	0.00	11.38	0.00	--  	--  	0	0	          0.00	          0.00	--  	--  	--  	11.38	   755.95	0	  0.00	红黄药酒	吉林	 0.00	
="600318"	巢东股份	0.00	11.20	0.00	--  	--  	0	0	          0.00	          0.00	--  	--  	--  	11.20	    13.31	0	  0.00	水泥	安徽	 0.00	
="600283"	钱江水利	0.00	10.25	0.00	10.22	10.26	46048	300	          0.29	          1.61	10.25	10.34	10.06	10.25	   151.61	47068528	  0.87	水务	浙江	 2.73	
="600241"	时代万恒	0.00	8.28	0.00	--  	--  	0	0	          0.00	          0.00	--  	--  	--  	8.28	--  	0	  0.00	商贸代理	辽宁	 0.00	
="600239"	云南城投	0.00	6.01	0.00	--  	--  	0	0	          0.00	          0.00	--  	--  	--  	6.01	    27.83	0	  0.00	区域地产	云南	 0.00	
="600105"	永鼎股份	0.00	9.86	0.00	--  	--  	0	0	          0.00	          0.00	--  	--  	--  	9.86	    17.13	0	  0.00	通信设备	江苏	 0.00	
="600103"	青山纸业	0.00	3.66	0.00	--  	--  	0	0	          0.00	          0.00	--  	--  	--  	3.66	    60.41	0	  0.00	造纸	福建	 0.00	
="600091"	ST明科	0.00	7.02	0.00	--  	--  	0	0	          0.00	          0.00	--  	--  	--  	7.02	--  	0	  0.00	化工原料	内蒙	 0.00	
="600090"	啤酒花	0.00	8.13	0.00	--  	--  	0	0	          0.00	          0.00	--  	--  	--  	8.13	    50.77	0	  0.00	啤酒	新疆	 0.00	
="600029"	南方航空	0.00	2.97	0.00	2.97	2.98	376702	343	         -0.33	          0.54	2.97	3.01	2.94	2.97	--  	111899728	  0.36	空运	广东	 2.36	
="600005"	武钢股份	0.00	2.38	0.00	--  	--  	0	0	          0.00	          0.00	--  	--  	--  	2.38	    28.06	0	  0.00	普钢	湖北	 0.00	
="300332"	天壕节能	--  	0.00	--  	--  	--  	0	0	--  	          0.00	--  	--  	--  	14.06	    38.55	0	  0.00	环境保护	北京	 0.00	
="300231"	银信科技	0.00	14.32	0.00	14.31	14.32	55434	302	         -0.13	          3.56	14.46	14.60	14.27	14.32	    55.21	79917928	  0.73	软件服务	北京	 2.30	
="300230"	永利带业	--  	0.00	--  	--  	--  	0	0	--  	          0.00	--  	--  	--  	9.63	    37.74	0	  0.00	塑料	上海	 0.00	
="300194"	福安药业	--  	0.00	--  	--  	--  	0	0	--  	          0.00	--  	--  	--  	21.58	    84.71	0	  0.00	化学制药	重庆	 0.00	
="300138"	晨光生物	--  	0.00	--  	--  	--  	0	0	--  	          0.00	--  	--  	--  	11.24	   155.06	0	  0.00	食品	河北	 0.00	
="300109"	新开源	--  	0.00	--  	--  	--  	0	0	--  	          0.00	--  	--  	--  	14.42	    59.16	0	  0.00	化工原料	河南	 0.00	
="300074"	华平股份	--  	0.00	--  	--  	--  	0	0	--  	          0.00	--  	--  	--  	18.61	    61.30	0	  0.00	通信设备	上海	 0.00	
="300072"	三聚环保	--  	0.00	--  	--  	--  	0	0	--  	          0.00	--  	--  	--  	27.13	    37.91	0	  0.00	化工原料	北京	 0.00	
="300019"	硅宝科技	0.00	16.83	0.00	16.83	16.84	30019	174	         -0.05	          2.79	16.84	17.67	16.65	16.83	    45.34	51532028	  0.87	化工原料	四川	 6.06	
="300013"	新宁物流	--  	0.00	--  	--  	--  	0	0	--  	          0.00	--  	--  	--  	9.26	   315.91	0	  0.00	仓储物流	江苏	 0.00	
="002667"	鞍重股份	--  	0.00	--  	--  	--  	0	0	--  	          0.00	--  	--  	--  	29.58	    42.29	0	  0.00	工程机械	辽宁	 0.00	
="002608"	舜天船舶	--  	0.00	--  	--  	--  	0	0	--  	          0.00	--  	--  	--  	12.79	    57.18	0	  0.00	船舶	江苏	 0.00	
="002537"	海立美达	--  	0.00	--  	--  	--  	0	0	--  	          0.00	--  	--  	--  	19.19	    53.98	0	  0.00	机械基件	山东	 0.00	
="002529"	海源机械	--  	0.00	--  	--  	--  	0	0	--  	          0.00	--  	--  	--  	15.03	--  	0	  0.00	专用机械	福建	 0.00	
="002509"	天广消防	--  	0.00	--  	--  	--  	0	0	--  	          0.00	--  	--  	--  	12.27	    49.43	0	  0.00	专用机械	福建	 0.00	
="002483"	润邦股份	--  	0.00	--  	--  	--  	0	0	--  	          0.00	--  	--  	--  	12.22	    35.76	0	  0.00	工程机械	江苏	 0.00	
="002450"	康得新	--  	0.00	--  	--  	--  	0	0	--  	          0.00	--  	--  	--  	32.67	    34.24	0	  0.00	化工原料	江苏	 0.00	
="002426"	胜利精密	--  	0.00	--  	--  	--  	0	0	--  	          0.00	--  	--  	--  	11.26	    68.93	0	  0.00	元器件	江苏	 0.00	
="002375"	亚厦股份	--  	0.00	--  	--  	--  	0	0	--  	          0.00	--  	--  	--  	23.21	    21.90	0	  0.00	装修装饰	浙江	 0.00	
="002324"	普利特	--  	0.00	--  	--  	--  	0	0	--  	          0.00	--  	--  	--  	19.90	    27.22	0	  0.00	塑料	上海	 0.00	
="002282"	博深工具	--  	0.00	--  	--  	--  	0	0	--  	          0.00	--  	--  	--  	11.50	    69.15	0	  0.00	轻工机械	河北	 0.00	
="002224"	三 力 士	0.00	8.63	0.00	8.62	8.63	109526	1185	          0.11	          2.48	8.74	8.74	8.40	8.63	    37.48	93440608	  0.88	橡胶	浙江	 3.94	
="002133"	广宇集团	0.00	5.03	0.00	5.03	5.04	76144	606	          0.19	          1.67	5.03	5.13	5.02	5.03	   108.16	38586576	  0.97	全国地产	浙江	 2.19	
="002103"	广博股份	--  	0.00	--  	--  	--  	0	0	--  	          0.00	--  	--  	--  	10.18	   196.01	0	  0.00	文教休闲	浙江	 0.00	
="002084"	海鸥卫浴	--  	0.00	--  	--  	--  	0	0	--  	          0.00	--  	--  	--  	7.60	    89.04	0	  0.00	家居用品	广东	 0.00	
="002059"	云南旅游	0.00	10.77	0.00	10.75	10.77	9537	200	          0.18	          0.44	10.90	10.90	10.72	10.77	   522.91	10268646	  0.43	旅游景点	云南	 1.67	
="002044"	江苏三友	--  	0.00	--  	--  	--  	0	0	--  	          0.00	--  	--  	--  	10.04	    99.79	0	  0.00	服饰	江苏	 0.00	
="002013"	中航机电	--  	0.00	--  	--  	--  	0	0	--  	          0.00	--  	--  	--  	22.15	    43.52	0	  0.00	汽车配件	湖北	 0.00	
="002009"	天奇股份	--  	0.00	--  	--  	--  	0	0	--  	          0.00	--  	--  	--  	16.30	    47.89	0	  0.00	工程机械	江苏	 0.00	
="002006"	*ST精功	--  	0.00	--  	--  	--  	0	0	--  	          0.00	--  	--  	--  	8.75	   155.21	0	  0.00	工程机械	浙江	 0.00	
="000936"	华西股份	--  	0.00	--  	--  	--  	0	0	--  	          0.00	--  	--  	--  	5.17	   119.27	0	  0.00	化纤	江苏	 0.00	
="000920"	南方汇通	--  	0.00	--  	--  	--  	0	0	--  	          0.00	--  	--  	--  	13.23	   128.57	0	  0.00	运输设备	贵州	 0.00	
="000796"	易食股份	--  	0.00	--  	--  	--  	0	0	--  	          0.00	--  	--  	--  	7.23	    91.08	0	  0.00	食品	陕西	 0.00	
="000795"	太原刚玉	--  	0.00	--  	--  	--  	0	0	--  	          0.00	--  	--  	--  	10.92	--  	0	  0.00	矿物制品	山西	 0.00	
="000718"	苏宁环球	--  	0.00	--  	--  	--  	0	0	--  	          0.00	--  	--  	--  	5.39	   112.95	0	  0.00	区域地产	吉林	 0.00	
="000717"	韶钢松山	0.00	2.34	0.00	2.34	2.35	245124	3679	         -0.42	          2.17	2.34	2.41	2.33	2.34	--  	58043700	  0.70	钢加工	广东	 3.42	
="000710"	天兴仪表	--  	0.00	--  	--  	--  	0	0	--  	          0.00	--  	--  	--  	13.60	--  	0	  0.00	汽车配件	四川	 0.00	
="000683"	远兴能源	0.00	4.74	0.00	4.74	4.75	101399	2262	          0.63	          1.32	4.75	4.79	4.68	4.74	--  	47953076	  0.66	化工原料	内蒙	 2.32	
="000668"	荣丰控股	--  	0.00	--  	--  	--  	0	0	--  	          0.00	--  	--  	--  	13.98	--  	0	  0.00	区域地产	上海	 0.00	
="000563"	陕国投Ａ	--  	0.00	--  	--  	--  	0	0	--  	          0.00	--  	--  	--  	8.18	    22.63	0	  0.00	多元金融	陕西	 0.00	
="000533"	万 家 乐	--  	0.00	--  	--  	--  	0	0	--  	          0.00	--  	--  	--  	5.97	    33.67	0	  0.00	家用电器	广东	 0.00	
="000498"	山东路桥	--  	0.00	--  	--  	--  	0	0	--  	          0.00	--  	--  	--  	4.64	    28.22	0	  0.00	建筑施工	山东	 0.00	
="000415"	渤海租赁	--  	0.00	--  	--  	--  	0	0	--  	          0.00	--  	--  	--  	10.28	    19.77	0	  0.00	多元金融	新疆	 0.00	
="000090"	天健集团	--  	0.00	--  	--  	--  	0	0	--  	          0.00	--  	--  	--  	8.44	    25.79	0	  0.00	建筑施工	深圳	 0.00	
="002293"	罗莱家纺	-0.04	23.89	-0.01	23.89	23.90	28300	192	          0.00	          1.01	23.85	24.28	23.60	23.90	    18.18	67648280	  1.30	服饰	江苏	 2.85	
="002670"	华声股份	-0.07	14.08	-0.01	14.06	14.08	30198	798	          0.28	          3.67	14.08	14.22	13.95	14.09	    26.56	42553088	  0.76	电气设备	广东	 1.92	
="000099"	中信海直	-0.08	12.31	-0.01	12.31	12.32	268755	2225	          0.40	          4.43	12.31	12.78	12.20	12.32	    44.55	336885312	  1.00	空运	深圳	 4.71	
="002269"	美邦服饰	-0.09	11.11	-0.01	11.11	11.12	267426	3022	         -0.17	          2.66	11.12	11.44	11.05	11.12	    31.40	300263520	  1.46	服饰	上海	 3.51	
="300294"	博雅生物	-0.09	63.75	-0.06	63.73	63.75	8357	45	          0.03	          2.62	63.60	64.79	63.25	63.81	    54.35	53384052	  0.63	生物制药	江西	 2.41	
="600502"	安徽水利	-0.11	9.28	-0.01	9.28	9.29	138598	10	          0.10	          2.76	9.42	9.46	9.23	9.29	    18.94	129558024	  0.85	建筑施工	安徽	 2.48	
="002230"	科大讯飞	-0.13	30.87	-0.04	30.86	30.87	152068	2955	          0.16	          2.63	31.10	31.30	30.39	30.91	   105.92	469059392	  0.94	软件服务	安徽	 2.94	
="002489"	浙江永强	-0.14	14.58	-0.02	14.57	14.58	34977	1028	          0.00	          0.92	14.60	14.79	14.40	14.60	    22.34	51079000	  0.69	家居用品	浙江	 2.67	
="002244"	滨江集团	-0.14	6.96	-0.01	6.95	6.96	51926	214	          0.00	          0.45	6.96	7.03	6.89	6.97	    10.45	36214764	  0.60	区域地产	浙江	 2.01	
="002599"	盛通股份	-0.17	17.38	-0.03	17.36	17.39	7326	118	         -0.22	          0.84	17.40	17.54	17.22	17.41	   106.60	12760195	  0.39	广告包装	北京	 1.84	
="603077"	和邦股份	-0.19	10.46	-0.02	10.45	10.46	114252	17	          0.00	          3.81	10.48	10.64	10.33	10.48	     7.85	119718568	  0.68	化工原料	四川	 2.96	
="600197"	伊力特	-0.19	10.42	-0.02	10.39	10.40	37678	604	          0.38	          0.85	10.41	10.53	10.31	10.44	    15.62	39223208	  0.72	白酒	新疆	 2.11	
="002042"	华孚色纺	-0.20	4.96	-0.01	4.96	4.97	69011	751	         -0.20	          0.83	4.96	5.08	4.94	4.97	    14.60	34489584	  0.59	纺织	安徽	 2.82	
="600170"	上海建工	-0.20	4.95	-0.01	4.94	4.95	133161	100	          0.00	          1.21	4.97	5.02	4.93	4.96	    10.44	66231336	  0.60	建筑施工	上海	 1.81	
="600745"	中茵股份	-0.21	14.21	-0.03	14.20	14.21	19096	8	          0.07	          0.58	14.22	14.36	14.12	14.24	   171.12	27223468	  0.56	区域地产	湖北	 1.69	
="300198"	纳川股份	-0.24	8.45	-0.02	8.44	8.45	46171	600	          0.11	          1.34	8.36	8.55	8.36	8.47	    41.24	39109752	  0.57	塑料	福建	 2.24	
="601558"	*ST锐电	-0.25	3.99	-0.01	3.99	4.00	60992	25	         -0.24	          1.45	3.99	4.09	3.97	4.00	--  	24614048	  0.71	电气设备	北京	 3.00	
="000301"	东方市场	-0.25	3.98	-0.01	3.97	3.98	121933	756	         -0.25	          1.00	3.99	4.04	3.97	3.99	    23.84	48697540	  0.52	综合类	江苏	 1.75	
="600825"	新华传媒	-0.26	11.36	-0.03	11.36	11.37	223377	88	         -0.08	          2.14	11.26	11.49	11.17	11.39	   242.55	252742832	  0.62	出版业	上海	 2.81	
="000981"	银亿股份	-0.27	11.21	-0.03	11.21	11.22	25009	478	         -0.08	          0.29	11.19	11.30	11.10	11.24	    17.84	28024540	  0.46	区域地产	甘肃	 1.78	
="002464"	金利科技	-0.27	18.22	-0.05	18.21	18.22	13978	51	         -0.05	          1.04	18.26	18.60	18.16	18.27	   147.09	25652904	  0.55	塑料	江苏	 2.41	
="600095"	哈高科	-0.28	7.16	-0.02	7.15	7.16	64589	24	          0.00	          1.79	7.17	7.35	7.12	7.18	--  	46835036	  0.47	食品	黑龙江	 3.20	
="601717"	郑煤机	-0.29	6.77	-0.02	6.77	6.78	114205	5	         -0.14	          0.83	6.73	6.80	6.72	6.79	    22.13	77244896	  0.56	工程机械	河南	 1.18	
="000620"	新华联	-0.31	6.53	-0.02	6.52	6.53	77172	364	          0.00	          0.48	6.51	6.62	6.47	6.55	    26.97	50507264	  0.56	区域地产	北京	 2.29	
="002003"	伟星股份	-0.31	9.62	-0.03	9.58	9.62	30794	304	          0.52	          1.05	9.61	9.74	9.57	9.65	    15.60	29740726	  0.69	服饰	浙江	 1.76	
="002041"	登海种业	-0.32	33.89	-0.11	33.88	33.89	23818	66	          0.08	          0.72	34.37	34.99	33.71	34.00	    36.52	81741712	  1.03	种植业	山东	 3.76	
="002695"	煌上煌	-0.34	32.45	-0.11	32.45	32.46	18134	102	          0.03	          4.22	32.70	33.17	32.23	32.56	    36.28	59228460	  0.87	食品	江西	 2.89	
="002673"	西部证券	-0.34	14.62	-0.05	14.61	14.62	262932	3897	         -0.13	          3.82	14.68	15.09	14.56	14.67	    57.60	390174432	  0.88	证券	陕西	 3.61	
="600188"	兖州煤业	-0.34	8.73	-0.03	8.73	8.74	49140	263	          0.00	          0.17	8.77	8.86	8.72	8.76	    25.69	43221100	  0.50	煤炭开采	山东	 1.60	
="600697"	欧亚集团	-0.34	20.37	-0.07	20.36	20.37	18895	3	          0.00	          1.22	20.31	20.65	20.31	20.44	    13.92	38716880	  1.43	百货	吉林	 1.66	
="000593"	大通燃气	-0.36	8.33	-0.03	8.32	8.33	50651	220	          0.00	          2.27	8.37	8.44	8.25	8.36	   550.42	42174332	  0.81	供气供热	四川	 2.27	
="600098"	广州发展	-0.36	5.47	-0.02	5.47	5.48	78448	17	          0.00	          0.32	5.48	5.57	5.46	5.49	    11.57	43272480	  0.86	火力发电	广东	 2.00	
="600540"	新赛股份	-0.37	8.12	-0.03	8.12	8.13	40776	20	         -0.24	          1.35	8.14	8.32	8.10	8.15	   157.47	33458764	  0.66	种植业	新疆	 2.70	
="002144"	宏达高科	-0.37	21.56	-0.08	21.56	21.57	54210	346	         -0.04	          3.96	21.72	21.77	21.37	21.64	    25.49	116818288	  0.61	纺织	浙江	 1.85	
="600724"	宁波富达	-0.39	5.10	-0.02	5.10	5.11	41024	413	          0.19	          0.28	5.12	5.16	5.06	5.12	     6.50	20972184	  0.60	区域地产	浙江	 1.95	
="002275"	桂林三金	-0.40	19.70	-0.08	19.70	19.74	25635	165	         -0.45	          0.49	19.80	20.16	19.32	19.78	    24.79	51023756	  0.68	中成药	广西	 4.25	
="601339"	百隆东方	-0.43	9.21	-0.04	9.20	9.21	20390	6	          0.00	          1.06	9.24	9.37	9.20	9.25	    14.34	18904640	  0.56	纺织	浙江	 1.84	
="000589"	黔轮胎Ａ	-0.48	6.24	-0.03	6.24	6.25	67620	588	         -0.31	          1.38	6.28	6.37	6.23	6.27	    27.16	42633560	  0.70	汽车配件	贵州	 2.23	
="000088"	盐 田 港	-0.48	6.24	-0.03	6.24	6.25	181742	192	         -0.31	          0.94	6.27	6.38	6.24	6.27	    27.09	114488992	  0.85	港口	深圳	 2.23	
="002700"	新疆浩源	-0.48	22.85	-0.11	22.85	22.86	22444	260	         -0.26	          2.35	23.07	23.20	22.80	22.96	    53.62	51612076	  0.53	供气供热	新疆	 1.74	
="600530"	交大昂立	-0.49	10.15	-0.05	10.13	10.15	26280	50	          0.00	          0.84	10.18	10.30	10.13	10.20	    62.98	26796008	  0.53	生物制药	上海	 1.67	
="600828"	成商集团	-0.50	6.01	-0.03	6.00	6.01	44571	228	         -0.33	          0.78	6.04	6.10	6.00	6.04	    10.39	26980816	  0.50	百货	四川	 1.66	
="002316"	键桥通讯	-0.50	11.94	-0.06	11.90	11.94	25215	203	          0.75	          0.64	12.10	12.20	11.82	12.00	   153.78	30087078	  0.38	软件服务	深圳	 3.17	
="601996"	丰林集团	-0.53	9.42	-0.05	9.42	9.43	182757	83	          0.10	          3.90	9.38	9.47	9.20	9.47	    39.07	170585696	  0.94	林业	广西	 2.85	
="600586"	金晶科技	-0.54	3.71	-0.02	3.71	3.72	163624	20	          0.00	          1.69	3.74	3.79	3.70	3.73	    72.36	61263308	  0.56	玻璃	山东	 2.41	
="600231"	凌钢股份	-0.54	3.70	-0.02	3.70	3.71	36473	194	          0.00	          0.45	3.70	3.75	3.70	3.72	--  	13555604	  0.34	普钢	辽宁	 1.34	
="000691"	亚太实业	-0.56	7.04	-0.04	7.03	7.04	52452	267	         -0.42	          1.81	7.09	7.09	6.96	7.08	  5043.93	36903884	  0.68	区域地产	海南	 1.84	
="600985"	雷鸣科化	-0.57	15.76	-0.09	15.75	15.76	11212	2	         -0.25	          0.87	15.95	15.98	15.71	15.85	    22.48	17773006	  0.44	化工原料	安徽	 1.70	
="600078"	澄星股份	-0.57	8.69	-0.05	8.69	8.70	220755	53	          0.81	          3.33	8.75	8.88	8.53	8.74	   151.56	191219024	  0.76	化工原料	江苏	 4.00	
="601116"	三江购物	-0.58	8.58	-0.05	8.57	8.58	28629	1	          0.23	          0.71	8.65	8.69	8.53	8.63	    25.30	24664682	  0.61	超市连锁	浙江	 1.85	
="002616"	长青集团	-0.59	23.74	-0.14	23.73	23.74	15417	126	         -0.21	          1.89	23.90	24.28	23.58	23.88	   109.43	36756012	  0.51	环境保护	广东	 2.93	
="300211"	亿通科技	-0.59	21.95	-0.13	21.94	21.95	9843	78	         -0.27	          2.08	21.96	22.45	21.90	22.08	   100.87	21848884	  0.57	通信设备	江苏	 2.49	
="002430"	杭氧股份	-0.59	8.37	-0.05	8.36	8.37	139023	822	          0.00	          1.72	8.42	8.62	8.23	8.42	    77.64	117192032	  0.89	化工机械	浙江	 4.63	
="600674"	川投能源	-0.62	17.60	-0.11	17.60	17.61	146460	23	         -0.33	          0.67	17.74	18.10	17.57	17.71	    21.63	260768928	  0.85	火力发电	四川	 2.99	
="000089"	深圳机场	-0.66	4.54	-0.03	4.54	4.55	52108	1334	          0.22	          0.31	4.57	4.61	4.52	4.57	    30.49	23760452	  0.33	机场	深圳	 1.97	
="002550"	千红制药	-0.66	25.56	-0.17	25.56	25.58	38069	333	         -0.46	          1.86	25.73	26.19	25.40	25.73	    37.73	98203776	  0.81	生物制药	江苏	 3.07	
="300240"	飞力达	-0.69	14.38	-0.10	14.38	14.40	13726	99	         -0.27	          0.84	14.41	14.68	14.36	14.48	    59.03	19944820	  0.50	仓储物流	江苏	 2.21	
="000537"	广宇发展	-0.70	7.07	-0.05	7.06	7.07	69298	864	          0.14	          1.35	7.12	7.15	7.06	7.12	    10.06	49148256	  0.50	区域地产	天津	 1.26	
="600491"	龙元建设	-0.71	4.22	-0.03	4.23	4.24	107801	40	         -0.23	          1.14	4.25	4.31	4.21	4.25	    23.25	45919384	  0.70	建筑施工	浙江	 2.35	
="002154"	报 喜 鸟	-0.72	8.32	-0.06	8.32	8.33	81113	354	         -0.23	          1.52	8.30	8.42	8.25	8.38	    36.33	67635912	  0.78	服饰	浙江	 2.03	
="600506"	香梨股份	-0.73	13.55	-0.10	13.55	13.56	30230	10	          0.29	          2.05	13.58	13.80	13.48	13.65	--  	41255664	  0.76	种植业	新疆	 2.34	
="002703"	浙江世宝	-0.75	24.98	-0.19	24.95	24.98	6423	59	          0.52	          4.28	25.16	25.22	24.72	25.17	   124.83	16060651	  0.72	汽车配件	浙江	 1.99	
="600712"	南宁百货	-0.76	5.25	-0.04	5.25	5.26	137336	10	          0.00	          2.55	5.30	5.38	5.18	5.29	   187.46	72484592	  1.07	百货	广西	 3.78	
="002533"	金杯电工	-0.77	6.45	-0.05	6.44	6.45	56166	3715	          0.15	          1.15	6.49	6.51	6.38	6.50	    44.82	36227588	  0.55	电气设备	湖南	 2.00	
="600167"	联美控股	-0.79	13.89	-0.11	13.89	13.90	12338	4	          0.14	          0.58	14.00	14.13	13.85	14.00	    12.71	17245152	  0.61	供气供热	辽宁	 2.00	
="002696"	百洋股份	-0.83	13.19	-0.11	13.18	13.19	22429	198	          0.00	          2.81	13.30	13.36	13.04	13.30	    60.01	29635258	  0.76	渔业	广西	 2.41	
="002448"	中原内配	-0.83	16.68	-0.14	16.60	16.68	69777	778	          0.42	          3.89	16.82	16.88	16.42	16.82	    20.17	116352616	  1.08	运输设备	河南	 2.73	
="000998"	隆平高科	-0.83	17.85	-0.15	17.84	17.85	145909	1377	         -0.16	          1.76	18.05	18.12	17.69	18.00	    67.35	260583344	  0.57	种植业	湖南	 2.39	
="600755"	厦门国贸	-0.83	5.95	-0.05	5.95	5.96	694410	58	         -0.16	          5.22	5.95	6.09	5.89	6.00	    10.63	415963616	  1.75	商贸代理	福建	 3.33	
="600483"	福建南纺	-0.84	8.30	-0.07	8.29	8.30	32647	10	          0.36	          1.13	8.38	8.45	8.25	8.37	   843.14	27203700	  0.60	纺织	福建	 2.39	
="300106"	西部牧业	-0.84	14.18	-0.12	14.17	14.18	14663	202	          0.00	          0.91	14.35	14.43	14.15	14.30	    57.13	20949746	  0.54	农业综合	新疆	 1.96	
="600757"	长江传媒	-0.84	9.43	-0.08	9.42	9.43	98661	345	          0.10	          1.88	9.49	9.52	9.37	9.51	    27.40	93245616	  0.61	出版业	湖北	 1.58	
="600293"	三峡新材	-0.85	7.03	-0.06	7.02	7.03	42347	16	          0.00	          1.23	7.10	7.15	7.00	7.09	   559.58	29897416	  0.55	玻璃	湖北	 2.12	
="000786"	北新建材	-0.85	18.70	-0.16	18.70	18.71	32795	984	          0.00	          0.57	18.86	18.99	18.44	18.86	    15.80	61361776	  0.59	其他建材	北京	 2.92	
="002384"	东山精密	-0.85	15.10	-0.13	15.00	15.10	55068	4476	          2.02	          1.22	15.23	15.29	14.67	15.23	   263.84	82205984	  0.73	通信设备	江苏	 4.07	
="002020"	京新药业	-0.86	20.87	-0.18	20.85	20.87	16069	224	          0.09	          0.83	21.00	21.25	20.77	21.05	    50.23	33720572	  0.57	化学制药	浙江	 2.28	
="601800"	中国交建	-0.86	4.59	-0.04	4.59	4.60	264967	2062	         -0.43	          1.96	4.61	4.67	4.59	4.63	     6.39	122389560	  0.48	建筑施工	北京	 1.73	
="002278"	神开股份	-0.90	13.22	-0.12	13.21	13.22	63766	1049	         -0.15	          3.21	13.34	13.54	13.18	13.34	    59.44	85274376	  0.44	化工机械	上海	 2.70	
="002637"	赞宇科技	-0.91	18.43	-0.17	18.42	18.43	20078	96	         -0.05	          2.08	18.49	18.62	18.25	18.60	    45.89	36996596	  0.56	日用化工	浙江	 1.99	
="002620"	瑞和股份	-0.93	18.08	-0.17	18.08	18.12	11812	110	         -0.22	          1.30	18.24	18.29	18.02	18.25	    33.47	21430402	  0.54	装修装饰	深圳	 1.48	
="002333"	罗普斯金	-0.93	13.80	-0.13	13.77	13.80	51190	122	         -0.43	          2.11	14.02	14.13	13.37	13.93	    53.76	70848784	  1.51	铝	江苏	 5.46	
="600038"	哈飞股份	-0.94	38.14	-0.36	38.15	38.18	65297	8	          0.31	          1.94	38.48	39.42	37.98	38.50	    73.66	252456672	  0.78	航空航天	黑龙江	 3.74	
="300239"	东宝生物	-0.94	12.71	-0.12	12.71	12.72	55362	948	         -0.15	          4.52	12.88	12.88	12.42	12.83	   286.45	70201136	  0.76	生物制药	内蒙	 3.59	
="600657"	信达地产	-0.95	4.18	-0.04	4.18	4.19	66372	1	         -0.23	          0.44	4.22	4.27	4.18	4.22	    13.89	28032348	  0.50	全国地产	北京	 2.13	
="002420"	毅昌股份	-0.97	7.17	-0.07	7.17	7.18	38980	211	         -0.13	          1.03	7.25	7.30	7.15	7.24	--  	28145878	  0.26	塑料	广东	 2.07	
="002083"	孚日股份	-0.97	5.12	-0.05	5.12	5.13	122168	1828	         -0.19	          1.48	5.19	5.25	5.11	5.17	    17.13	63424320	  0.76	纺织	山东	 2.71	
="600729"	重庆百货	-0.98	23.21	-0.23	23.21	23.25	63486	12	          0.00	          1.71	23.40	23.76	23.15	23.44	    11.03	148919568	  0.54	百货	重庆	 2.60	
="600728"	佳都科技	-1.01	15.71	-0.16	15.69	15.70	78723	4	          0.06	          2.17	15.89	16.14	15.67	15.87	   233.57	125503744	  0.41	软件服务	广东	 2.96	
="000417"	合肥百货	-1.01	6.83	-0.07	6.83	6.84	147670	836	          0.14	          1.90	6.89	6.92	6.76	6.90	    11.77	101191008	  0.74	百货	安徽	 2.32	
="300344"	太空板业	-1.02	8.70	-0.09	8.70	8.72	43642	1160	         -0.22	          4.19	8.90	8.90	8.68	8.79	   100.98	38303656	  0.58	其他建材	北京	 2.50	
="600975"	新五丰	-1.03	8.69	-0.09	8.68	8.69	25577	12	          0.00	          1.09	8.80	8.80	8.66	8.78	--  	22271490	  0.47	农业综合	湖南	 1.59	
="600639"	浦东金桥	-1.03	12.50	-0.13	12.51	12.52	61919	92	          0.08	          0.94	12.67	12.74	12.41	12.63	    26.73	77823472	  0.61	园区开发	上海	 2.61	
="600162"	香江控股	-1.03	5.75	-0.06	5.75	5.76	157391	413	         -0.51	          2.05	5.79	5.91	5.73	5.81	    15.80	91730520	  0.86	全国地产	深圳	 3.10	
="603333"	明星电缆	-1.06	5.60	-0.06	5.60	5.61	42795	123	         -0.17	          2.20	5.66	5.67	5.58	5.66	--  	24046888	  0.69	电气设备	四川	 1.59	
="300174"	元力股份	-1.07	14.84	-0.16	14.81	14.84	10341	207	         -0.40	          1.57	15.00	15.08	14.71	15.00	   205.24	15382197	  0.71	化工原料	福建	 2.47	
="601179"	中国西电	-1.07	4.63	-0.05	4.62	4.63	212120	20	          0.21	          0.49	4.68	4.72	4.62	4.68	    36.23	98900368	  0.42	电气设备	陕西	 2.14	
="600590"	泰豪科技	-1.08	9.18	-0.10	9.18	9.19	108049	267	         -0.21	          2.16	9.33	9.45	9.12	9.28	--  	100196816	  0.52	电气设备	江西	 3.56	
="300178"	腾邦国际	-1.08	22.90	-0.25	22.90	22.91	48369	942	         -0.08	          3.11	23.25	23.45	22.80	23.15	    47.95	111934968	  0.76	旅游服务	深圳	 2.81	
="600865"	百大集团	-1.09	8.18	-0.09	8.18	8.19	19085	3	         -0.12	          0.51	8.27	8.34	8.14	8.27	    16.62	15699920	  0.42	百货	浙江	 2.42	
="002653"	海思科	-1.10	21.67	-0.24	21.67	21.68	19578	50	         -0.09	          1.10	21.81	22.09	21.61	21.91	    50.53	42733640	  0.42	化学制药	西藏	 2.19	
="002010"	传化股份	-1.11	9.84	-0.11	9.83	9.84	70927	555	          0.00	          1.72	9.88	10.02	9.75	9.95	    29.46	69875416	  1.38	染料涂料	浙江	 2.71	
="600512"	腾达建设	-1.11	3.57	-0.04	3.56	3.57	90037	260	          0.28	          1.22	3.60	3.62	3.54	3.61	    62.15	32219632	  0.55	建筑施工	浙江	 2.22	
="601199"	江南水务	-1.12	17.64	-0.20	17.64	17.68	13685	81	         -0.39	          0.59	17.80	17.91	17.62	17.84	    28.71	24356334	  0.78	水务	江苏	 1.63	
="600207"	安彩高科	-1.13	5.25	-0.06	5.25	5.26	53904	14	         -0.56	          1.23	5.31	5.37	5.23	5.31	--  	28598268	  0.73	元器件	河南	 2.64	
="600820"	隧道股份	-1.14	6.06	-0.07	6.06	6.07	290148	30	          0.00	          1.43	6.14	6.17	6.05	6.13	    13.80	177117904	  0.54	建筑施工	上海	 1.96	
="600785"	新华百货	-1.15	12.95	-0.15	12.94	12.96	42373	204	         -0.07	          2.04	13.07	13.27	12.92	13.10	     7.13	55474256	  0.83	百货	宁夏	 2.67	
="002043"	兔 宝 宝	-1.15	6.00	-0.07	5.99	6.00	79793	981	          0.00	          1.71	6.10	6.11	5.99	6.07	   104.14	48199904	  0.61	其他建材	浙江	 1.98	
="000748"	长城信息	-1.18	29.19	-0.35	29.18	29.19	26286	636	         -0.10	          0.70	29.45	29.45	28.98	29.54	   194.75	76762896	  0.61	电脑设备	湖南	 1.59	
="000836"	鑫茂科技	-1.19	7.50	-0.09	7.49	7.50	62413	1023	         -0.13	          2.13	7.60	7.68	7.47	7.59	--  	47200376	  0.65	软件服务	天津	 2.77	
="002628"	成都路桥	-1.19	4.98	-0.06	4.98	4.99	132040	948	         -0.20	          2.83	5.04	5.04	4.97	5.04	    55.67	66098268	  0.46	建筑施工	四川	 1.39	
="600415"	小商品城	-1.19	6.62	-0.08	6.62	6.63	113320	1011	          0.30	          0.42	6.70	6.77	6.58	6.70	    42.10	75468408	  0.66	商品城	浙江	 2.84	
="601018"	宁波港	-1.20	3.30	-0.04	3.30	3.31	1078201	10	          0.00	          0.84	3.30	3.42	3.29	3.34	    12.90	362402816	  1.14	港口	浙江	 3.89	
="600641"	万业企业	-1.23	4.83	-0.06	4.82	4.83	57857	104	          0.20	          0.72	4.89	4.90	4.81	4.89	     8.04	28047708	  0.63	区域地产	上海	 1.84	
="002538"	司尔特	-1.24	12.79	-0.16	12.79	12.80	12747	230	         -0.15	          0.45	12.95	12.96	12.79	12.95	    26.70	16383323	  0.47	农药化肥	安徽	 1.31	
="600120"	浙江东方	-1.25	15.82	-0.20	15.76	15.83	288492	70	          0.70	          5.71	16.02	16.35	15.66	16.02	    13.68	460745248	  0.55	商贸代理	浙江	 4.31	
="600875"	东方电气	-1.26	14.16	-0.18	14.16	14.17	89180	14	         -0.07	          0.54	14.39	14.48	14.14	14.34	    16.90	127561152	  0.48	电气设备	四川	 2.37	
="000429"	粤高速Ａ	-1.26	3.92	-0.05	3.92	3.93	50577	221	         -0.25	          1.08	3.97	4.01	3.90	3.97	    13.83	20007330	  0.67	路桥	广东	 2.77	
="600481"	双良节能	-1.27	10.85	-0.14	10.84	10.85	146047	769	         -0.09	          1.80	11.07	11.20	10.84	10.99	    29.27	160901056	  0.65	化工原料	江苏	 3.28	
="000900"	现代投资	-1.28	5.40	-0.07	5.39	5.40	78972	1302	          0.00	          0.78	5.46	5.47	5.39	5.47	    15.72	42871208	  0.60	路桥	湖南	 1.46	
="002288"	超华科技	-1.29	10.68	-0.14	10.68	10.69	60150	334	         -0.09	          2.04	10.81	10.95	10.68	10.82	    80.36	65016672	  0.62	元器件	广东	 2.50	
="601886"	江河创建	-1.31	7.53	-0.10	7.52	7.53	85625	5	         -0.26	          0.94	7.63	7.67	7.50	7.63	    24.53	64953924	  0.73	装修装饰	北京	 2.23	
="600792"	云煤能源	-1.31	12.80	-0.17	12.79	12.80	22813	7	          0.00	          0.57	12.98	13.14	12.79	12.97	   581.74	29581558	  0.77	焦炭加工	云南	 2.70	
="600970"	中材国际	-1.32	8.24	-0.11	8.23	8.24	100839	404	         -0.12	          0.92	8.33	8.42	8.21	8.35	    14.36	83698224	  0.94	建筑施工	江苏	 2.51	
="002096"	南岭民爆	-1.32	11.97	-0.16	11.97	12.00	29619	49	         -0.24	          1.12	12.12	12.37	11.92	12.13	    30.69	35959864	  0.66	化工原料	湖南	 3.71	
="601518"	吉林高速	-1.34	2.94	-0.04	2.93	2.94	103023	29	         -0.33	          0.85	2.97	3.00	2.93	2.98	    12.21	30594832	  0.69	路桥	吉林	 2.35	
="600796"	钱江生化	-1.37	7.93	-0.11	7.94	7.95	40645	10	          0.12	          1.35	8.10	8.15	7.90	8.04	    40.21	32404758	  0.77	农药化肥	浙江	 3.11	
="600160"	巨化股份	-1.38	6.44	-0.09	6.43	6.44	254763	24	          0.31	          1.41	6.50	6.60	6.35	6.53	    86.92	164455296	  0.41	化工原料	浙江	 3.83	
="600020"	中原高速	-1.38	2.86	-0.04	2.86	2.87	148272	2	         -0.34	          0.66	2.89	2.90	2.85	2.90	    10.30	42616252	  0.76	路桥	河南	 1.72	
="000650"	仁和药业	-1.38	7.13	-0.10	7.13	7.14	113123	1145	          0.00	          1.14	7.27	7.29	7.12	7.23	    28.23	81184544	  0.39	中成药	江西	 2.35	
="002429"	兆驰股份	-1.39	8.51	-0.12	8.51	8.52	68618	1578	         -0.11	          0.43	8.65	8.69	8.50	8.63	    24.11	58882188	  0.48	家用电器	深圳	 2.20	
="601100"	恒立油缸	-1.39	11.34	-0.16	11.34	11.35	14686	2	         -0.35	          0.93	11.46	11.56	11.32	11.50	    55.99	16719002	  0.70	工程机械	江苏	 2.09	
="600829"	三精制药	-1.40	9.87	-0.14	9.85	9.86	23751	102	         -0.20	          0.41	10.01	10.14	9.83	10.01	    63.42	23504312	  0.36	化学制药	黑龙江	 3.10	
="600861"	北京城乡	-1.40	9.86	-0.14	9.85	9.87	35858	70	         -0.20	          1.13	9.91	10.00	9.82	10.00	    34.00	35461840	  0.46	百货	北京	 1.80	
="300099"	尤洛卡	-1.40	14.07	-0.20	14.06	14.07	19434	532	          0.49	          1.79	14.27	14.27	13.89	14.27	    64.83	27295346	  0.38	电器仪表	山东	 2.66	
="600116"	三峡水利	-1.41	11.90	-0.17	11.89	11.92	39529	10	         -0.08	          1.48	12.07	12.14	11.88	12.07	    23.48	47386724	  0.56	水力发电	重庆	 2.15	
="600611"	大众交通	-1.42	7.65	-0.11	7.65	7.66	113317	297	          0.00	          1.09	7.75	7.82	7.62	7.76	    28.94	87522664	  0.46	公共交通	上海	 2.58	
="002012"	凯恩股份	-1.43	6.88	-0.10	6.87	6.88	192513	1313	         -0.14	          4.12	6.93	7.18	6.74	6.98	    51.37	132807632	  1.08	造纸	浙江	 6.30	
="601258"	庞大集团	-1.45	6.11	-0.09	6.10	6.11	710209	18	          0.16	          2.71	6.17	6.37	6.09	6.20	   183.00	441289024	  1.10	汽车服务	河北	 4.52	
="002220"	天宝股份	-1.47	8.07	-0.12	8.07	8.08	46957	383	          0.00	          1.21	8.16	8.23	8.06	8.19	    25.20	38213980	  0.29	食品	辽宁	 2.08	
="000571"	新大洲Ａ	-1.47	5.37	-0.08	5.37	5.38	92057	921	          0.00	          1.25	5.46	5.50	5.35	5.45	    42.66	49899072	  0.72	煤炭开采	海南	 2.75	
="002623"	亚玛顿	-1.47	26.17	-0.39	26.15	26.17	15705	45	          0.07	          0.98	26.40	26.85	26.11	26.56	   110.01	41463692	  0.62	玻璃	江苏	 2.79	
="002082"	栋梁新材	-1.47	9.39	-0.14	9.38	9.39	29867	285	         -0.10	          1.61	9.50	9.60	9.38	9.53	    20.64	28345458	  0.80	铝	浙江	 2.31	
="600215"	长春经开	-1.50	5.25	-0.08	5.25	5.26	37392	15	          0.19	          0.80	5.33	5.35	5.23	5.33	--  	19760292	  0.58	园区开发	吉林	 2.25	
="600701"	工大高新	-1.51	5.89	-0.09	5.89	5.90	143112	211	          0.34	          2.87	5.98	6.10	5.84	5.98	--  	85413240	  0.99	综合类	黑龙江	 4.35	
="600189"	吉林森工	-1.51	9.12	-0.14	9.10	9.12	71737	3	         -0.10	          2.31	9.30	9.31	9.01	9.26	   584.52	65685840	  0.81	林业	吉林	 3.24	
="300123"	太阳鸟	-1.53	12.90	-0.20	12.89	12.90	76194	872	          0.07	          2.96	13.18	13.25	12.71	13.10	   116.57	97982112	  0.67	船舶	湖南	 4.12	
="002168"	深圳惠程	-1.54	9.60	-0.15	9.60	9.61	472175	1789	         -0.20	          8.31	9.66	10.05	9.51	9.75	--  	461670624	  1.38	电气设备	深圳	 5.54	
="601137"	博威合金	-1.54	18.56	-0.29	18.57	18.58	10921	105	         -0.05	          0.51	18.85	19.06	18.55	18.85	    55.29	20509392	  0.61	铜	浙江	 2.71	
="600354"	敦煌种业	-1.55	7.63	-0.12	7.63	7.64	84532	300	          0.00	          1.89	7.80	7.81	7.62	7.75	--  	64979944	  0.65	种植业	甘肃	 2.45	
="002026"	山东威达	-1.55	10.14	-0.16	10.14	10.15	20558	30	         -0.19	          0.90	10.30	10.33	10.10	10.30	    30.20	21006332	  0.64	机械基件	山东	 2.23	
="002434"	万里扬	-1.60	14.12	-0.23	14.11	14.12	16236	109	         -0.07	          0.50	14.48	14.49	14.02	14.35	    21.18	23130094	  0.65	汽车配件	浙江	 3.28	
="600143"	金发科技	-1.62	5.47	-0.09	5.47	5.48	496059	10	         -0.18	          1.94	5.56	5.65	5.46	5.56	    22.24	275026208	  0.78	塑料	广东	 3.42	
="600449"	宁夏建材	-1.63	9.04	-0.15	9.04	9.05	60553	210	         -0.33	          2.41	9.18	9.27	9.02	9.19	    19.00	55449324	  0.60	水泥	宁夏	 2.72	
="002355"	兴民钢圈	-1.63	7.22	-0.12	7.21	7.22	74289	779	         -0.13	          2.19	7.34	7.39	7.18	7.34	    49.69	54043068	  0.55	汽车配件	山东	 2.86	
="600713"	南京医药	-1.64	7.80	-0.13	7.79	7.80	174757	16	         -0.12	          2.52	7.90	7.97	7.77	7.93	   104.87	137476368	  0.62	医药连锁	江苏	 2.52	
="000025"	特  力Ａ	-1.65	11.95	-0.20	11.94	11.95	14246	101	         -0.25	          0.79	12.22	12.23	11.85	12.15	   244.63	17141808	  0.72	汽车服务	深圳	 3.13	
="600321"	国栋建设	-1.65	2.98	-0.05	2.98	2.99	206092	6	         -0.33	          1.75	3.04	3.04	2.97	3.03	--  	61830240	  0.43	其他建材	四川	 2.31	
="002079"	苏州固锝	-1.65	8.34	-0.14	8.34	8.35	236440	4556	          0.12	          3.28	8.47	8.62	8.32	8.48	   173.21	200520304	  1.07	半导体	江苏	 3.54	
="600644"	乐山电力	-1.65	10.72	-0.18	10.72	10.73	72393	15	          0.09	          2.22	10.90	10.98	10.68	10.90	   101.22	78098624	  0.61	水力发电	四川	 2.75	
="002478"	常宝股份	-1.65	12.49	-0.21	12.48	12.49	18277	275	         -0.31	          0.70	12.70	12.80	12.49	12.70	    19.98	23092632	  0.58	普钢	江苏	 2.44	
="002350"	北京科锐	-1.66	13.01	-0.22	13.01	13.02	26333	676	         -0.07	          1.21	13.18	13.33	12.95	13.23	    63.47	34511852	  0.60	电气设备	北京	 2.87	
="300091"	金通灵	-1.67	23.60	-0.40	23.58	23.60	19695	102	          0.55	          1.56	23.98	24.10	23.45	24.00	   394.96	46753632	  0.99	机械基件	江苏	 2.71	
="002161"	远 望 谷	-1.67	8.22	-0.14	8.21	8.22	134485	1227	          0.00	          1.94	8.37	8.47	8.21	8.36	--  	111923448	  0.55	通信设备	深圳	 3.11	
="600125"	铁龙物流	-1.68	7.02	-0.12	7.01	7.03	287299	76	          0.14	          2.20	7.12	7.20	6.99	7.14	    26.23	203523008	  0.58	铁路	辽宁	 2.94	
="600428"	中远航运	-1.68	4.09	-0.07	4.08	4.09	242995	1631	          0.24	          1.44	4.16	4.16	4.05	4.16	   302.25	99641040	  0.61	水运	广东	 2.64	
="600033"	福建高速	-1.68	2.92	-0.05	2.92	2.93	1430073	74	         -1.01	          5.21	2.99	3.08	2.88	2.97	    12.39	424971616	  3.04	路桥	福建	 6.73	
="000006"	深振业Ａ	-1.69	5.80	-0.10	5.79	5.80	141569	3052	          0.51	          1.06	5.90	5.96	5.76	5.90	    79.67	82843952	  0.77	区域地产	深圳	 3.39	
="600665"	天地源	-1.71	4.02	-0.07	4.02	4.03	71980	4	         -0.49	          0.83	4.10	4.11	4.01	4.09	    13.32	29178524	  0.44	全国地产	上海	 2.44	
="300225"	金力泰	-1.73	10.20	-0.18	10.19	10.20	38601	861	          0.00	          2.15	10.38	10.52	10.19	10.38	    28.73	40019300	  0.73	染料涂料	上海	 3.18	
="600012"	皖通高速	-1.75	5.06	-0.09	5.06	5.07	46135	12	          0.19	          0.40	5.16	5.16	5.05	5.15	     9.57	23535918	  0.68	路桥	安徽	 2.14	
="600269"	赣粤高速	-1.75	3.37	-0.06	3.36	3.37	226922	1051	          0.00	          0.97	3.40	3.42	3.36	3.43	     8.96	76943088	  0.89	路桥	江西	 1.75	
="002573"	国电清新	-1.75	21.88	-0.39	21.75	21.88	105802	3000	          0.59	          1.99	22.30	22.49	21.64	22.27	    43.76	232623808	  0.74	环境保护	北京	 3.82	
="002661"	克明面业	-1.75	40.92	-0.73	40.62	40.92	15860	200	          1.11	          7.43	41.60	41.85	40.00	41.65	    38.06	65223460	  0.75	食品	湖南	 4.44	
="600159"	大龙地产	-1.79	3.83	-0.07	3.83	3.84	82704	30	          0.00	          1.00	3.88	3.92	3.83	3.90	--  	31969040	  0.55	区域地产	北京	 2.31	
="600308"	华泰股份	-1.81	3.80	-0.07	3.80	3.81	103742	39	         -0.26	          0.89	3.87	3.87	3.80	3.87	    39.22	39681872	  0.60	造纸	山东	 1.81	
="600248"	延长化建	-1.81	8.68	-0.16	8.67	8.68	44767	1	         -0.11	          1.07	8.83	8.85	8.55	8.84	    18.56	39009968	  0.80	建筑施工	陕西	 3.39	
="002513"	蓝丰生化	-1.82	12.43	-0.23	12.43	12.45	31235	132	         -0.32	          1.47	12.62	12.87	12.43	12.66	   517.95	39639148	  0.76	农药化肥	江苏	 3.48	
="002339"	积成电子	-1.82	10.80	-0.20	10.80	10.81	58052	284	          0.00	          2.04	11.00	11.09	10.76	11.00	   120.81	63421236	  0.73	软件服务	山东	 3.00	
="000685"	中山公用	-1.83	13.44	-0.25	13.42	13.44	40332	1562	          1.05	          0.62	13.67	13.78	13.27	13.69	    18.49	54399980	  0.73	水务	广东	 3.73	
="000910"	大亚科技	-1.83	7.52	-0.14	7.52	7.53	30651	354	         -0.13	          0.58	7.66	7.72	7.51	7.66	    41.11	23367258	  0.97	家居用品	江苏	 2.74	
="600573"	惠泉啤酒	-1.83	9.11	-0.17	9.11	9.12	28987	37	         -0.10	          1.16	9.28	9.28	9.02	9.28	    41.51	26595944	  0.70	啤酒	福建	 2.80	
="600444"	国通管业	-1.85	17.02	-0.32	17.00	17.03	15108	19	          0.23	          1.44	16.97	17.38	16.91	17.34	--  	25862244	  0.97	塑料	安徽	 2.71	
="600249"	两面针	-1.85	6.88	-0.13	6.88	6.89	73997	91	          0.00	          1.64	7.07	7.07	6.85	7.01	--  	51261824	  0.90	日用化工	广西	 3.14	
="002162"	斯米克	-1.86	7.40	-0.14	7.39	7.40	38453	298	          0.00	          0.92	7.53	7.60	7.37	7.54	   396.08	28750950	  0.50	陶瓷	上海	 3.05	
="002393"	力生制药	-1.86	34.22	-0.65	34.22	34.26	15886	305	          0.05	          0.87	34.88	34.99	34.15	34.87	    32.90	54876952	  0.59	化学制药	天津	 2.41	
="600811"	东方集团	-1.87	6.84	-0.13	6.83	6.84	278389	127	          0.14	          1.67	6.93	7.07	6.81	6.97	    11.94	193426256	  0.81	综合类	黑龙江	 3.73	
="002521"	齐峰新材	-1.87	11.56	-0.22	11.55	11.56	81917	471	          0.00	          2.66	11.77	11.80	11.52	11.78	    18.36	95390816	  0.64	造纸	山东	 2.38	
="300303"	聚飞光电	-1.88	19.35	-0.37	19.34	19.35	26039	284	         -0.05	          1.82	19.73	20.04	19.33	19.72	    32.72	51218528	  0.70	半导体	深圳	 3.60	
="600221"	海南航空	-1.89	2.08	-0.04	2.08	2.09	1403953	100	          0.48	          1.19	2.11	2.12	2.07	2.12	    26.24	294168064	  0.48	空运	海南	 2.36	
="600257"	大湖股份	-1.89	7.80	-0.15	7.80	7.81	118906	54	         -0.12	          2.78	7.95	7.99	7.76	7.95	   150.58	93668504	  0.73	渔业	湖南	 2.89	
="000623"	吉林敖东	-1.91	21.09	-0.41	21.08	21.09	216850	1599	          0.19	          2.81	21.42	21.68	20.89	21.50	    17.44	460593248	  0.70	中成药	吉林	 3.67	
="300142"	沃森生物	-1.92	45.00	-0.88	44.97	45.00	24154	126	          0.00	          1.45	45.75	45.98	44.51	45.88	--  	109507312	  1.20	生物制药	云南	 3.20	
="002511"	中顺洁柔	-1.93	10.69	-0.21	10.69	10.70	66148	820	          0.28	          1.64	10.84	10.90	10.61	10.90	    59.96	70737280	  0.54	造纸	广东	 2.66	
="600635"	大众公用	-1.93	5.58	-0.11	5.57	5.58	152049	45	         -0.17	          0.92	5.69	5.72	5.57	5.69	    37.14	85675920	  0.61	供气供热	上海	 2.64	
="002399"	海普瑞	-1.93	27.38	-0.54	27.38	27.39	35354	299	          0.03	          0.44	27.96	27.99	27.21	27.92	    99.56	97458512	  0.45	化学制药	深圳	 2.79	
="600131"	岷江水电	-1.94	5.57	-0.11	5.56	5.58	54603	10	         -0.35	          1.37	5.64	5.74	5.55	5.68	    19.46	30770334	  0.80	水力发电	四川	 3.35	
="000516"	开元投资	-1.94	9.11	-0.18	9.11	9.12	332425	5752	          0.00	          4.72	9.22	9.44	9.07	9.29	    23.50	305560288	  0.71	百货	陕西	 3.98	
="300204"	舒泰神	-1.94	27.75	-0.55	27.74	27.75	12976	71	          0.00	          0.55	28.48	28.54	27.68	28.30	    55.14	36293068	  0.68	生物制药	北京	 3.04	
="000035"	中国天楹	-1.95	13.06	-0.26	13.06	13.07	29550	487	          0.07	          1.56	13.35	13.36	13.03	13.32	    66.93	38905648	  0.54	通信设备	深圳	 2.48	
="000503"	海虹控股	-1.95	22.59	-0.45	22.58	22.59	200302	1818	         -0.04	          2.23	23.10	23.22	22.48	23.04	  1099.20	457413856	  0.79	互联网	海南	 3.21	
="002046"	轴研科技	-1.96	10.02	-0.20	10.01	10.02	91024	503	          0.20	          2.67	10.20	10.36	9.98	10.22	   119.01	92164928	  0.67	机械基件	河南	 3.72	
="600329"	中新药业	-1.96	15.03	-0.30	15.02	15.05	37423	12	          0.00	          0.70	15.33	15.37	15.00	15.33	    28.01	56548652	  0.56	中成药	天津	 2.41	
="600022"	山东钢铁	-1.96	2.00	-0.04	2.00	2.01	361480	6	          0.00	          0.68	2.03	2.05	2.00	2.04	--  	73132784	  0.56	普钢	山东	 2.45	
="000680"	山推股份	-1.97	3.99	-0.08	3.98	3.99	168309	2014	          0.00	          1.76	4.07	4.09	3.98	4.07	    54.04	67926352	  0.61	工程机械	山东	 2.70	
="000100"	TCL 集团	-1.97	2.98	-0.06	2.98	2.99	1843009	19926	         -0.33	          2.27	3.04	3.04	2.98	3.04	     9.56	554614464	  0.41	家用电器	广东	 1.97	
="000863"	三湘股份	-1.98	6.94	-0.14	6.94	6.95	47914	691	          0.28	          2.74	7.08	7.12	6.90	7.08	    66.91	33530378	  0.55	区域地产	上海	 3.11	
="002262"	恩华药业	-1.98	27.70	-0.56	27.70	27.72	20292	74	          0.00	          0.62	28.27	28.45	27.50	28.26	    44.02	56331656	  1.51	化学制药	江苏	 3.36	
="600260"	凯乐科技	-1.99	9.84	-0.20	9.85	9.86	118406	43	         -0.20	          2.24	10.05	10.15	9.80	10.04	    32.61	118000280	  0.45	白酒	湖北	 3.49	
="002676"	顺威股份	-2.01	16.58	-0.34	16.57	16.58	14113	227	         -0.30	          3.30	16.86	17.12	16.53	16.92	    40.09	23750742	  0.68	塑料	广东	 3.49	
="601369"	陕鼓动力	-2.04	6.73	-0.14	6.74	6.75	104451	353	         -0.14	          0.64	6.87	6.95	6.70	6.87	    29.31	71467024	  0.83	机械基件	陕西	 3.64	
="601311"	骆驼股份	-2.05	14.81	-0.31	14.81	14.82	96117	4	          0.00	          1.14	15.12	15.28	14.79	15.12	    21.72	143525728	  0.76	电气设备	湖北	 3.24	
="002352"	鼎泰新材	-2.06	26.62	-0.56	26.62	26.65	11702	199	         -0.22	          3.05	27.01	27.36	26.10	27.18	    58.86	31558332	  0.72	钢加工	安徽	 4.64	
="002054"	德美化工	-2.07	8.98	-0.19	8.97	8.98	41481	576	         -0.33	          1.73	9.11	9.17	8.94	9.17	    31.02	37615968	  0.44	化工原料	广东	 2.51	
="600500"	中化国际	-2.08	8.47	-0.18	8.47	8.48	58521	20	         -0.23	          0.41	8.60	8.67	8.43	8.65	    15.94	49898904	  0.37	商贸代理	上海	 2.77	
="601113"	华鼎股份	-2.09	5.62	-0.12	5.61	5.62	55709	2	         -0.35	          0.87	5.72	5.73	5.61	5.74	--  	31542764	  0.35	化纤	浙江	 2.09	
="600068"	葛洲坝	-2.10	4.67	-0.10	4.67	4.68	336952	40	         -0.42	          0.97	4.77	4.78	4.66	4.77	     8.53	159149296	  0.68	建筑施工	湖北	 2.52	
="600336"	澳柯玛	-2.15	6.36	-0.14	6.34	6.36	241055	10	          0.15	          3.54	6.42	6.59	6.33	6.50	    28.53	155751760	  0.71	家用电器	山东	 4.00	
="601313"	江南嘉捷	-2.17	10.35	-0.23	10.34	10.35	62505	5	         -0.09	          2.33	10.56	10.75	10.30	10.58	    23.55	65517008	  0.62	运输设备	江苏	 4.25	
="000582"	北部湾港	-2.17	13.50	-0.30	13.50	13.54	26369	1056	         -0.36	          1.86	13.79	13.94	13.50	13.80	    18.49	36159112	  0.58	港口	广西	 3.19	
="300185"	通裕重工	-2.18	6.29	-0.14	6.29	6.30	148092	2314	         -0.15	          2.11	6.41	6.47	6.29	6.43	    53.03	94169080	  0.59	工程机械	山东	 2.80	
="300308"	中际装备	-2.20	9.79	-0.22	9.78	9.79	27041	134	          0.30	          2.40	10.00	10.05	9.73	10.01	--  	26690758	  0.58	工程机械	山东	 3.20	
="002172"	澳洋科技	-2.20	6.67	-0.15	6.66	6.67	37947	1108	         -0.14	          0.71	6.82	6.87	6.65	6.82	--  	25677632	  0.63	化纤	江苏	 3.23	
="000989"	九 芝 堂	-2.27	15.10	-0.35	15.10	15.11	122562	1840	         -0.52	          4.12	15.33	15.57	15.10	15.45	    30.95	187081584	  1.16	中成药	湖南	 3.04	
="600350"	山东高速	-2.27	3.44	-0.08	3.44	3.45	98381	20	          0.00	          0.20	3.49	3.50	3.43	3.52	     8.59	34100712	  0.64	路桥	山东	 1.99	
="000860"	顺鑫农业	-2.28	17.59	-0.41	17.58	17.59	57925	432	         -0.22	          1.32	18.03	18.09	17.59	18.00	    20.38	103027008	  0.64	农业综合	北京	 2.78	
="000731"	四川美丰	-2.29	8.55	-0.20	8.54	8.55	137741	654	         -0.11	          2.33	8.70	8.87	8.51	8.75	--  	119768544	  0.61	农药化肥	四川	 4.11	
="002085"	万丰奥威	-2.30	27.62	-0.65	27.61	27.62	15322	227	         -0.14	          0.42	28.25	28.79	27.47	28.27	    26.62	42828252	  0.73	汽车配件	浙江	 4.67	
="600035"	楚天高速	-2.30	2.97	-0.07	2.96	2.97	117096	100	          0.00	          0.97	3.03	3.03	2.96	3.04	    13.90	34993888	  0.95	路桥	湖北	 2.30	
="000725"	京东方Ａ	-2.32	2.53	-0.06	2.53	2.54	1776476	21379	          0.39	          1.54	2.58	2.59	2.52	2.59	    42.86	453217248	  0.63	元器件	北京	 2.70	
="002188"	新 嘉 联	-2.33	14.27	-0.34	14.27	14.28	40673	473	          0.07	          2.85	14.65	14.82	14.16	14.61	--  	58641464	  0.58	元器件	浙江	 4.52	
="600337"	美克家居	-2.34	8.35	-0.20	8.33	8.34	54079	6	         -0.71	          0.85	8.50	8.75	8.33	8.55	    28.81	46184536	  0.80	家居用品	新疆	 4.91	
="002615"	哈尔斯	-2.35	29.44	-0.71	29.43	29.44	23869	366	         -0.33	          4.67	30.10	30.88	29.40	30.15	    32.72	71882848	  1.18	家居用品	浙江	 4.91	
="002002"	鸿达兴业	-2.36	11.60	-0.28	11.58	11.60	48835	470	         -0.25	          2.09	11.80	11.95	11.56	11.88	    39.83	57258864	  0.53	塑料	广东	 3.28	
="600567"	山鹰纸业	-2.36	2.48	-0.06	2.48	2.49	358340	69	         -0.40	          2.26	2.52	2.54	2.47	2.54	    47.60	89835840	  0.75	造纸	安徽	 2.76	
="600332"	白云山	-2.38	27.94	-0.68	27.94	27.95	169069	30	         -0.14	          1.63	28.53	28.53	27.90	28.62	    26.78	475426240	  0.62	中成药	广东	 2.20	
="002545"	东方铁塔	-2.38	16.42	-0.40	16.41	16.42	23918	132	         -0.12	          2.10	16.75	16.79	16.31	16.82	    77.73	39456672	  0.39	钢加工	山东	 2.85	
="002291"	星期六	-2.40	7.74	-0.19	7.74	7.75	28577	207	         -0.25	          0.79	7.90	8.02	7.73	7.93	    42.19	22433604	  0.76	服饰	广东	 3.66	
="300105"	龙源技术	-2.41	14.18	-0.35	14.18	14.20	54269	507	          0.00	          1.06	14.60	14.61	14.17	14.53	    66.29	77780720	  0.56	电器仪表	山东	 3.03	
="600808"	马钢股份	-2.44	2.00	-0.05	2.00	2.01	321298	600	         -0.49	          0.54	2.04	2.05	2.00	2.05	--  	65059312	  0.48	普钢	安徽	 2.44	
="000606"	青海明胶	-2.47	7.11	-0.18	7.11	7.12	99639	1063	         -0.42	          2.45	7.28	7.34	7.08	7.29	--  	71700552	  0.59	化学制药	青海	 3.57	
="600479"	千金药业	-2.48	16.53	-0.42	16.53	16.54	37056	79	          0.00	          1.22	16.99	17.00	16.40	16.95	    63.79	61843832	  0.52	中成药	湖南	 3.54	
="002330"	得利斯	-2.50	7.41	-0.19	7.41	7.42	40424	695	         -0.40	          1.09	7.58	7.60	7.41	7.60	    60.29	30281698	  0.44	食品	山东	 2.50	
="000719"	大地传媒	-2.53	16.56	-0.43	16.56	16.57	49834	904	         -0.36	          4.68	17.05	17.06	16.46	16.99	    42.93	83077592	  0.64	出版业	河南	 3.53	
="002231"	奥维通信	-2.53	10.00	-0.26	10.00	10.03	96789	2225	         -0.29	          4.75	10.16	10.27	10.00	10.26	--  	97893272	  0.92	通信设备	辽宁	 2.63	
="600216"	浙江医药	-2.54	11.13	-0.29	11.13	11.14	203185	29	          0.00	          2.17	11.51	11.53	11.10	11.42	    24.62	228336176	  0.56	化学制药	浙江	 3.77	
="600232"	金鹰股份	-2.54	6.51	-0.17	6.50	6.51	67197	103	         -0.61	          1.84	6.65	6.76	6.50	6.68	   113.28	44470872	  0.67	纺织	浙江	 3.89	
="600522"	中天科技	-2.57	15.57	-0.41	15.57	15.58	150829	373	         -0.38	          2.14	16.08	16.11	15.54	15.98	    18.51	238567168	  0.60	通信设备	江苏	 3.57	
="601008"	连云港	-2.62	5.21	-0.14	5.21	5.22	187179	31	         -0.19	          2.31	5.30	5.35	5.20	5.35	    50.91	98816440	  0.80	港口	江苏	 2.80	
="000885"	同力水泥	-2.62	8.18	-0.22	8.18	8.20	20568	270	         -0.48	          0.48	8.35	8.46	8.18	8.40	    30.44	17164490	  0.93	水泥	河南	 3.33	
="600746"	江苏索普	-2.63	8.89	-0.24	8.88	8.89	38198	20	          0.00	          1.25	9.12	9.17	8.86	9.13	   136.46	34166232	  0.60	化工原料	江苏	 3.40	
="600707"	彩虹股份	-2.64	11.82	-0.32	11.80	11.84	276357	350	         -0.58	          3.76	11.99	12.06	11.65	12.14	--  	327233344	  0.97	元器件	陕西	 3.38	
="002435"	长江润发	-2.64	10.71	-0.29	10.71	10.72	22995	297	         -0.18	          1.28	10.95	11.12	10.71	11.00	    48.60	25052326	  0.93	机械基件	江苏	 3.73	
="002650"	加加食品	-2.64	12.15	-0.33	12.15	12.16	91511	642	          0.24	          4.08	12.31	12.56	12.00	12.48	    34.34	112350560	  1.16	食品	湖南	 4.49	
="300082"	奥克股份	-2.65	15.45	-0.42	15.44	15.45	26119	981	         -0.06	          0.78	15.87	15.95	15.43	15.87	    42.64	40987904	  0.82	化工原料	辽宁	 3.28	
="300152"	燃控科技	-2.65	13.97	-0.38	13.96	13.97	87058	1873	          0.07	          3.66	14.34	14.36	13.93	14.35	    64.61	122863776	  0.75	专用机械	江苏	 3.00	
="600859"	王府井	-2.65	19.07	-0.52	19.06	19.07	120522	6	          0.10	          2.89	19.59	19.77	18.95	19.59	    11.67	233159296	  0.78	百货	北京	 4.19	
="600615"	丰华股份	-2.66	12.81	-0.35	12.80	12.81	29343	54	         -0.31	          1.56	13.16	13.16	12.80	13.16	   171.09	37973132	  0.41	区域地产	上海	 2.74	
="601208"	东材科技	-2.68	9.08	-0.25	9.08	9.09	149892	130	          0.00	          2.65	9.34	9.37	9.04	9.33	    40.44	137454800	  0.75	化工原料	四川	 3.54	
="600082"	海泰发展	-2.69	5.43	-0.15	5.42	5.43	145048	26	          0.18	          2.30	5.60	5.64	5.40	5.58	   109.98	79698000	  0.90	园区开发	天津	 4.30	
="600622"	嘉宝集团	-2.71	7.55	-0.21	7.55	7.56	85428	2	          0.13	          1.66	7.75	7.75	7.53	7.76	     7.02	65051304	  0.65	综合类	上海	 2.84	
="600077"	宋都股份	-2.71	5.38	-0.15	5.38	5.39	97720	300	         -0.37	          2.01	5.50	5.59	5.33	5.53	   180.45	53351484	  0.77	全国地产	浙江	 4.70	
="300009"	安科生物	-2.76	18.30	-0.52	18.30	18.31	27588	558	         -0.10	          1.48	19.00	19.00	18.28	18.82	    59.98	51080432	  0.48	生物制药	安徽	 3.83	
="600406"	国电南瑞	-2.77	16.83	-0.48	16.84	16.85	256444	10	         -0.17	          1.16	17.28	17.42	16.79	17.31	    36.70	436802080	  0.74	软件服务	江苏	 3.64	
="002687"	乔治白	-2.79	11.14	-0.32	11.14	11.15	33581	290	          0.00	          4.82	11.46	11.57	11.12	11.46	    34.65	38116176	  0.70	服饰	浙江	 3.93	
="600359"	新农开发	-2.82	10.00	-0.29	10.00	10.01	52449	10	         -0.39	          1.63	10.24	10.29	10.00	10.29	   318.38	52982160	  0.43	农业综合	新疆	 2.82	
="300259"	新天科技	-2.83	14.10	-0.41	14.10	14.12	29856	104	          0.21	          2.10	14.51	14.62	14.03	14.51	    65.40	42576292	  1.08	电器仪表	河南	 4.07	
="600380"	健康元	-2.86	6.80	-0.20	6.81	6.82	175193	6	         -0.14	          1.13	7.00	7.00	6.78	7.00	    26.25	119821400	  0.47	化学制药	深圳	 3.14	
="002606"	大连电瓷	-2.87	15.23	-0.45	15.22	15.23	50396	605	         -0.19	          4.18	15.68	15.87	15.18	15.68	   198.33	78141392	  0.78	电气设备	辽宁	 4.40	
="300147"	香雪制药	-2.87	22.98	-0.68	22.97	22.98	32509	198	          0.00	          0.64	23.80	23.86	22.94	23.66	    65.28	75229088	  0.44	生物制药	广东	 3.89	
="600108"	亚盛集团	-2.91	8.01	-0.24	8.00	8.01	588242	62	         -0.12	          3.02	8.18	8.18	7.99	8.25	    68.90	474648736	  0.77	农业综合	甘肃	 2.30	
="002326"	永太科技	-2.95	16.79	-0.51	16.78	16.79	34147	888	         -0.23	          2.36	17.19	17.41	16.74	17.30	    65.94	58098140	  0.76	化工原料	浙江	 3.87	
="600717"	天津港	-2.96	11.79	-0.36	11.78	11.79	304626	37	         -0.08	          1.82	12.09	12.13	11.69	12.15	    16.42	362118208	  0.78	港口	天津	 3.62	
="300022"	吉峰农机	-2.98	7.82	-0.24	7.82	7.83	86182	1124	         -0.25	          2.73	8.04	8.10	7.82	8.06	--  	68422648	  0.69	其他连锁	四川	 3.47	
="000886"	海南高速	-2.99	4.55	-0.14	4.54	4.55	234279	2612	          0.00	          2.43	4.69	4.69	4.53	4.69	    53.51	107830960	  0.68	路桥	海南	 3.41	
="600735"	新华锦	-3.01	11.27	-0.35	11.26	11.27	40628	5	         -0.08	          1.94	11.41	11.53	11.15	11.62	    63.48	46284980	  0.62	纺织	山东	 3.27	
="601727"	上海电气	-3.02	5.45	-0.17	5.45	5.46	289220	135	         -0.18	          0.29	5.60	5.62	5.44	5.62	    26.96	159655312	  0.71	电气设备	上海	 3.20	
="600127"	金健米业	-3.03	5.77	-0.18	5.76	5.77	151691	39	         -0.51	          2.79	5.93	5.94	5.76	5.95	   424.99	88692568	  0.58	农业综合	湖南	 3.03	
="002086"	东方海洋	-3.08	11.01	-0.35	11.01	11.02	71498	1326	         -0.36	          3.01	11.24	11.30	11.01	11.36	    38.97	79611288	  0.60	渔业	山东	 2.55	
="000698"	沈阳化工	-3.09	4.70	-0.15	4.70	4.71	133099	3540	         -0.42	          2.12	4.82	4.86	4.70	4.85	--  	63495292	  0.48	化工原料	辽宁	 3.30	
="002187"	广百股份	-3.09	10.96	-0.35	10.96	10.97	50955	287	          0.00	          1.52	11.33	11.35	10.91	11.31	    15.76	56507260	  0.95	百货	广东	 3.89	
="000652"	泰达股份	-3.10	5.63	-0.18	5.62	5.63	560504	2983	          0.00	          3.82	5.92	6.09	5.53	5.81	--  	327399104	  0.83	综合类	天津	 9.64	
="601618"	中国中冶	-3.10	2.50	-0.08	2.49	2.50	1612644	40	          0.40	          0.99	2.58	2.58	2.48	2.58	    13.20	406540288	  0.83	建筑施工	北京	 3.88	
="600613"	神奇制药	-3.16	18.70	-0.61	18.70	18.71	32996	14	         -0.16	          2.23	19.37	19.37	18.59	19.31	    47.42	62203176	  1.14	中成药	上海	 4.04	
="601588"	北辰实业	-3.17	3.66	-0.12	3.66	3.67	551399	228	         -0.54	          2.07	3.71	3.80	3.65	3.78	    25.89	205302896	  0.58	区域地产	北京	 3.97	
="601607"	上海医药	-3.21	14.77	-0.49	14.78	14.79	257096	161	         -0.13	          1.34	15.15	15.17	14.76	15.26	    15.07	384647168	  0.57	医药连锁	上海	 2.69	
="300035"	中科电气	-3.25	10.12	-0.34	10.11	10.12	66103	1203	         -0.39	          4.26	10.46	10.46	10.11	10.46	    76.32	67905976	  0.75	工程机械	湖南	 3.35	
="002603"	以岭药业	-3.29	33.80	-1.15	33.79	33.80	71919	211	          0.05	          3.74	34.85	34.85	33.45	34.95	    47.34	244308336	  0.73	中成药	河北	 4.01	
="600165"	新日恒力	-3.32	9.31	-0.32	9.30	9.31	72404	19	         -0.32	          3.73	9.63	9.65	9.24	9.63	    78.33	68014792	  1.21	钢加工	宁夏	 4.26	
="000766"	通化金马	-3.33	8.12	-0.28	8.12	8.13	92962	471	         -0.36	          2.07	8.36	8.37	8.01	8.40	   445.64	76188176	  0.63	中成药	吉林	 4.29	
="600543"	莫高股份	-3.36	9.48	-0.33	9.48	9.49	85329	11	         -0.10	          2.66	9.80	9.92	9.47	9.81	    76.98	82686592	  0.55	红黄药酒	甘肃	 4.59	
="000738"	中航动控	-3.39	17.11	-0.60	17.11	17.12	167113	6035	         -0.34	          1.46	17.72	17.86	17.11	17.71	    97.87	291607744	  0.53	航空航天	江苏	 4.23	
="000529"	广弘控股	-3.53	9.83	-0.36	9.82	9.83	91294	796	          0.10	          1.61	10.23	10.23	9.79	10.19	    67.73	91086872	  1.15	食品	广东	 4.32	
="002547"	春兴精工	-3.57	15.67	-0.58	15.66	15.67	73927	756	          0.25	          5.14	16.35	16.66	15.63	16.25	    44.55	119534976	  1.87	通信设备	江苏	 6.34	
="601872"	招商轮船	-3.60	3.48	-0.13	3.48	3.49	299060	13	         -0.28	          0.79	3.60	3.61	3.48	3.61	    32.40	105596040	  0.84	水运	上海	 3.60	
="600463"	空港股份	-3.70	10.66	-0.41	10.67	10.68	52851	34	         -0.28	          2.10	10.96	11.05	10.66	11.07	    46.26	57176520	  0.60	园区开发	北京	 3.52	
="000882"	华联股份	-3.74	3.86	-0.15	3.86	3.87	531868	15963	         -0.25	          4.96	4.02	4.02	3.86	4.01	   116.27	207964960	  0.83	百货	北京	 3.99	
="600218"	全柴动力	-3.80	13.92	-0.55	13.90	13.93	69548	13	         -0.50	          2.45	14.32	14.59	13.90	14.47	    60.23	99361712	  1.22	农用机械	安徽	 4.77	
="600466"	迪康药业	-3.95	6.56	-0.27	6.55	6.56	171426	31	          0.00	          3.90	6.84	6.84	6.53	6.83	   151.52	113832208	  0.57	中成药	四川	 4.54	
="000403"	*ST生化	-4.21	21.60	-0.95	21.60	21.62	54191	366	          0.00	          2.99	22.48	22.48	21.50	22.55	    29.06	118688984	  0.90	生物制药	江西	 4.35	
="000667"	美好集团	-4.23	2.72	-0.12	2.71	2.72	772430	6311	          0.00	          3.02	2.82	2.82	2.71	2.84	    87.24	212474208	  0.74	全国地产	云南	 3.87	
="600400"	红豆股份	-4.37	5.69	-0.26	5.68	5.69	232737	4	          0.00	          4.15	5.80	5.83	5.65	5.95	    69.40	133291520	  0.46	服饰	江苏	 3.03	
="002398"	建研集团	-4.40	16.50	-0.76	16.49	16.50	106603	169	         -0.18	          5.58	17.30	17.36	16.36	17.26	    19.48	178276256	  2.51	建筑施工	福建	 5.79	
="002558"	世纪游轮	-4.57	33.00	-1.58	33.00	33.03	10339	181	         -0.15	          3.19	34.35	34.69	32.95	34.58	   830.01	34696708	  1.31	旅游服务	重庆	 5.03	
="000735"	罗 牛 山	-4.73	7.46	-0.37	7.46	7.47	644882	5761	          0.00	          7.33	7.75	7.75	7.45	7.83	   137.24	489009696	  0.94	农业综合	海南	 3.83	
="002580"	圣阳股份	-4.80	20.41	-1.03	20.41	20.42	42826	689	         -0.43	          5.22	21.28	21.83	20.41	21.44	    74.48	90141864	  1.01	电气设备	山东	 6.62	
="002691"	石中装备	-4.86	14.88	-0.76	14.86	14.88	59398	756	          0.33	          9.00	15.51	15.59	14.80	15.64	    86.23	90299632	  0.52	专用机械	河北	 5.05	
="000078"	海王生物	-4.88	10.13	-0.52	10.13	10.14	480544	3447	          0.19	          6.58	10.40	10.40	10.01	10.65	    70.01	488826432	  0.56	生物制药	深圳	 3.66	
="600812"	华北制药	-4.97	6.89	-0.36	6.88	6.90	278312	110	         -0.43	          2.71	7.10	7.10	6.84	7.25	   541.31	193241520	  0.64	化学制药	河北	 3.59	
="600368"	五洲交通	-5.09	4.85	-0.26	4.85	4.86	269534	30	         -0.20	          3.23	5.07	5.10	4.84	5.11	    15.75	132820856	  1.87	路桥	广西	 5.09	
="000929"	兰州黄河	-5.32	10.51	-0.59	10.50	10.51	63154	800	         -1.68	          3.40	11.00	11.27	10.47	11.10	    68.24	68813864	  1.62	啤酒	甘肃	 7.21	
="600791"	京能置业	-5.43	6.62	-0.38	6.61	6.62	336006	12	          0.00	          7.43	7.05	7.10	6.59	7.00	    33.80	226022608	  0.60	全国地产	北京	 7.29	
="600062"	华润双鹤	-5.44	21.74	-1.25	21.72	21.73	218061	188	         -0.22	          3.81	22.30	22.30	21.65	22.99	    19.71	478884960	  0.60	化学制药	北京	 2.83	
="000551"	创元科技	-5.68	10.80	-0.65	10.79	10.80	319834	7608	         -0.64	          7.99	11.08	11.16	10.75	11.45	    84.27	350263616	  1.34	专用机械	江苏	 3.58	
="000979"	中弘股份	-5.76	4.58	-0.28	4.57	4.58	824562	11220	         -0.43	          4.29	4.81	4.83	4.58	4.86	     7.89	388322752	  0.90	区域地产	安徽	 5.14	
="600533"	栖霞建设	-5.91	3.98	-0.25	3.97	3.98	451915	15	          0.00	          4.30	4.10	4.15	3.97	4.23	    75.43	183404432	  1.30	区域地产	江苏	 4.26	
="600692"	亚通股份	-5.91	10.98	-0.69	10.97	10.98	331557	10	         -0.36	         13.00	11.27	11.38	10.97	11.67	   152.85	370959648	  1.34	水运	上海	 3.51	
="600609"	金杯汽车	-5.95	4.11	-0.26	4.09	4.10	322205	100	         -0.24	          2.95	4.37	4.40	4.07	4.37	   320.28	136176448	  0.80	汽车整车	辽宁	 7.55	
="600168"	武汉控股	-6.76	10.62	-0.77	10.63	10.64	265204	33	          0.18	          6.01	11.02	11.02	10.59	11.39	    18.96	286723712	  1.45	水务	湖北	 3.78	
数据来源:通达信
