代码	名称	涨幅%%	现价	涨跌	买价	卖价	总量	现量	涨速%%	换手%%	今开	最高	最低	昨收	市盈(动)	总金额	量比	细分行业	地区	振幅%%	均价	内盘	外盘	内外比	买量	卖量	未匹配量	流通股本	
="000750"	国海证券	10.00	13.53	1.23	13.53	--  	1951641	2171	          0.00	          9.67	12.50	13.53	12.15	12.30	    50.37	2524294912	  1.65	证券	广西	11.22	12.93	1235362	716279	  1.72	141389	0	--  	     201821.09	
="000563"	陕国投Ａ	9.98	10.80	0.98	10.80	--  	1123251	1854	          0.00	         14.92	9.86	10.80	9.68	9.82	    40.29	1168366848	  2.22	多元金融	陕西	11.41	10.40	587410	535841	  1.10	22572	0	--  	      75266.72	
="300308"	中际装备	7.63	12.27	0.87	12.26	12.27	302055	1976	          0.16	         26.82	11.70	12.34	11.21	11.40	   579.44	354748544	  3.24	工程机械	山东	 9.91	11.74	148237	153818	  0.96	1310	3924	--  	      11263.04	
="000652"	泰达股份	6.27	6.61	0.39	6.60	6.61	738855	5360	          0.00	          5.04	6.24	6.79	6.22	6.22	--  	479640512	  2.21	综合类	天津	 9.16	6.49	325398	413457	  0.79	772	663	--  	     146567.00	
="002588"	史丹利	4.94	34.39	1.62	34.38	34.39	34238	368	          0.11	          2.08	32.83	34.49	32.77	32.77	    17.83	116055672	  1.52	农药化肥	山东	 5.25	33.90	14012	20226	  0.69	124	29	--  	      16462.27	
="002220"	天宝股份	4.67	8.74	0.39	8.73	8.74	121557	2395	          0.22	          3.12	8.37	8.74	8.36	8.35	    23.59	104316760	  1.35	食品	辽宁	 4.55	8.58	47731	73826	  0.65	457	259	--  	      38948.12	
="600837"	海通证券	4.38	14.79	0.62	14.79	14.80	5125231	146	          0.33	          6.33	14.27	14.80	13.89	14.17	    21.48	7362216960	  1.36	证券	上海	 6.42	14.36	2372484	2752747	  0.86	3115	22475	--  	     809213.13	
="601998"	中信银行	4.32	5.55	0.23	5.55	5.56	2698319	229	          1.46	          0.85	5.35	5.57	5.33	5.32	     6.03	1469665664	  2.15	银行	北京	 4.51	5.45	1424194	1274125	  1.12	347	910	--  	    3190516.50	
="000632"	三木集团	3.89	6.95	0.26	6.94	6.95	203493	5355	          0.00	          4.38	6.68	7.05	6.63	6.69	   427.79	138431872	  1.63	综合类	福建	 6.28	6.80	98380	105113	  0.94	1375	2487	--  	      46505.91	
="600400"	红豆股份	3.87	6.44	0.24	6.44	6.45	211710	1	         -0.15	          3.78	6.21	6.47	6.14	6.20	   116.81	133022632	  1.99	服饰	江苏	 5.32	6.28	94612	117098	  0.81	744	5340	--  	      56039.96	
="300091"	金通灵	3.46	26.28	0.88	26.27	26.28	22874	1879	          0.19	          1.81	25.45	26.28	25.12	25.40	   457.46	59253364	  1.56	机械基件	江苏	 4.57	25.90	8715	14159	  0.62	43	400	--  	      12639.70	
="002567"	唐人神	3.36	10.47	0.34	10.47	10.48	125569	2793	          0.28	          2.99	10.15	10.49	10.07	10.13	    57.44	129229704	  0.98	饲料	湖南	 4.15	10.29	73137	52432	  1.39	13	538	--  	      41979.60	
="601111"	中国国航	3.02	5.11	0.15	5.10	5.11	788089	21	          1.18	          0.95	4.99	5.13	4.93	4.96	    15.88	394129440	  1.25	空运	北京	 4.03	5.00	389290	398799	  0.98	4996	4791	--  	     832927.13	
="000800"	一汽轿车	2.22	12.45	0.27	12.45	12.46	366476	15192	          0.48	          2.60	12.19	12.45	12.14	12.18	    61.71	451218080	  1.83	汽车整车	吉林	 2.55	12.31	173896	192580	  0.90	542	646	--  	     141175.41	
="600336"	澳柯玛	2.00	6.62	0.13	6.62	6.63	310012	103	          0.60	          4.56	6.50	6.64	6.37	6.49	    36.86	201023440	  1.44	家用电器	山东	 4.16	6.48	152838	157174	  0.97	152	553	--  	      68007.20	
="600269"	赣粤高速	1.99	4.11	0.08	4.10	4.11	467809	490	          0.24	          2.00	4.05	4.16	3.99	4.03	    11.78	190683632	  1.71	路桥	江西	 4.22	4.08	215318	252491	  0.85	888	5186	--  	     233540.70	
="600029"	南方航空	1.90	3.76	0.07	3.76	3.77	1234006	150	          0.80	          1.76	3.70	3.77	3.62	3.69	    22.04	455574912	  1.35	空运	广东	 4.07	3.69	689292	544714	  1.27	271	5384	--  	     702265.00	
="600033"	福建高速	1.89	3.24	0.06	3.23	3.24	879730	100	          0.00	          3.21	3.19	3.25	3.18	3.18	    13.36	283245888	  2.18	路桥	福建	 2.20	3.22	387968	491762	  0.79	6691	8083	--  	     274440.00	
="002563"	森马服饰	1.85	37.99	0.69	37.99	38.00	11665	21	          0.02	          1.67	37.40	38.08	36.91	37.30	    28.44	43823724	  0.99	服饰	浙江	 3.14	37.57	4714	6951	  0.68	43	252	--  	       7000.00	
="002091"	江苏国泰	1.82	17.36	0.31	17.36	17.37	133225	798	          0.00	          3.84	17.13	17.50	17.03	17.05	    28.14	230099408	  1.46	商贸代理	江苏	 2.76	17.27	59073	74152	  0.80	491	599	--  	      34734.66	
="600801"	华新水泥	1.80	8.49	0.15	8.49	8.50	289669	281	         -0.11	          2.98	8.35	8.63	8.35	8.34	    11.69	245653280	  1.57	水泥	湖北	 3.36	8.48	131335	158334	  0.83	278	896	--  	      97167.99	
="002168"	深圳惠程	1.71	10.13	0.17	10.12	10.13	746195	6276	          0.29	         13.14	9.90	10.30	9.68	9.96	--  	746052160	  4.07	电气设备	深圳	 6.22	10.00	406911	339284	  1.20	473	29	--  	      56803.58	
="600125"	铁龙物流	1.59	7.66	0.12	7.65	7.66	308401	20	          0.00	          2.36	7.55	7.77	7.48	7.54	    28.25	235287728	  1.38	铁路	辽宁	 3.85	7.63	145155	163246	  0.89	640	740	--  	     130552.18	
="600221"	海南航空	1.56	2.60	0.04	2.59	2.60	3357037	462	          0.38	          2.84	2.56	2.60	2.52	2.56	    12.58	860131008	  1.24	空运	海南	 3.12	2.56	1574137	1782900	  0.88	32778	9109	--  	    1181206.38	
="601009"	南京银行	1.50	12.18	0.18	12.17	12.18	1540489	27	         -0.16	          5.19	12.24	12.47	11.93	12.00	     6.52	1881239296	  1.21	银行	江苏	 4.50	12.21	802849	737640	  1.09	1872	79	--  	     296893.31	
="002259"	升达林业	1.45	7.00	0.10	6.99	7.00	180625	1371	          0.00	          2.97	6.90	7.03	6.85	6.90	   353.49	125562088	  1.03	家居用品	四川	 2.61	6.95	82686	97939	  0.84	949	3422	--  	      60716.10	
="600635"	大众公用	1.43	7.80	0.11	7.79	7.80	1238765	130	          0.64	          7.53	7.70	7.82	7.55	7.69	    47.70	949987968	  0.84	供气供热	上海	 3.51	7.67	597855	640910	  0.93	2322	1313	--  	     164486.98	
="600000"	浦发银行	1.41	11.48	0.16	11.48	11.49	4397382	50	          0.17	          2.95	11.48	11.72	11.28	11.32	     4.62	5062406656	  1.38	银行	上海	 3.89	11.51	2213425	2183957	  1.01	2059	10013	--  	    1492277.75	
="002572"	索菲亚	1.41	23.06	0.32	23.05	23.06	18988	157	          0.04	          0.76	22.79	23.16	22.54	22.74	    38.50	43422396	  1.18	家居用品	广东	 2.73	22.87	11306	7682	  1.47	42	146	--  	      25138.69	
="002142"	宁波银行	1.39	12.37	0.17	12.37	12.38	876118	5994	          0.08	          3.05	12.36	12.57	12.15	12.20	     6.58	1082886272	  1.43	银行	浙江	 3.44	12.36	452966	423152	  1.07	5567	1592	--  	     287241.59	
="600153"	建发股份	1.37	8.15	0.11	8.14	8.15	818710	91	          0.24	          2.89	8.09	8.29	8.00	8.04	    11.01	667260864	  1.06	商贸代理	福建	 3.61	8.15	429930	388780	  1.11	1626	1656	--  	     283520.06	
="601988"	中国银行	0.98	3.08	0.03	3.08	3.09	4124973	500	          0.00	          0.21	3.07	3.13	3.05	3.05	     5.63	1272991104	  1.45	银行	北京	 2.62	3.09	2331714	1793259	  1.30	19	44611	--  	   19591296.00	
="000001"	平安银行	0.89	11.31	0.10	11.31	11.32	2103856	15363	         -0.26	          2.14	11.35	11.51	11.12	11.21	     6.18	2386849792	  1.35	银行	深圳	 3.48	11.35	1089239	1014617	  1.07	6340	6336	--  	     983671.19	
="300138"	晨光生物	0.83	12.20	0.10	12.20	12.21	32924	226	          0.08	          2.61	12.10	12.28	12.04	12.10	   128.33	39989632	  1.33	食品	河北	 1.98	12.15	17324	15600	  1.11	68	45	--  	      12608.41	
="300346"	南大光电	0.80	39.06	0.31	39.05	39.06	14048	63	          0.10	          3.92	38.75	39.66	38.64	38.75	    82.58	54842736	  1.54	半导体	江苏	 2.63	39.04	6168	7880	  0.78	9	5	--  	       3584.05	
="002007"	华兰生物	0.78	37.32	0.29	37.32	37.33	187093	631	          0.53	          3.24	38.47	38.80	37.03	37.03	    38.50	707794368	  1.63	生物制药	河南	 4.78	37.83	103903	83190	  1.25	281	62	--  	      57686.69	
="002160"	*ST常铝	0.78	6.47	0.05	6.46	6.47	94445	776	          0.15	          2.91	6.46	6.50	6.41	6.42	   109.86	60940116	  1.02	铝	江苏	 1.40	6.45	49802	44643	  1.12	646	605	--  	      32469.63	
="600016"	民生银行	0.75	6.75	0.05	6.74	6.75	5663735	2550	          0.00	          2.09	6.75	6.85	6.67	6.70	     4.69	3829116672	  1.52	银行	北京	 2.69	6.76	2704128	2959607	  0.91	5285	559	--  	    2710607.50	
="000601"	韶能股份	0.74	6.81	0.05	6.81	6.82	187980	3721	         -0.29	          1.89	6.75	6.92	6.71	6.76	    20.77	127835744	  0.94	火力发电	广东	 3.11	6.80	107701	80279	  1.34	233	529	--  	      99398.67	
="600005"	武钢股份	0.73	2.75	0.02	2.74	2.75	1085309	1103	          0.36	          1.08	2.74	2.77	2.72	2.73	    27.02	297817056	  1.48	普钢	湖北	 1.83	2.74	444098	641211	  0.69	54222	50563	--  	    1009378.00	
="600078"	澄星股份	0.65	9.26	0.06	9.26	9.27	139750	200	          0.00	          2.11	9.24	9.70	9.18	9.20	   170.89	131201760	  1.24	化工原料	江苏	 5.65	9.39	68561	71189	  0.96	792	170	--  	      66257.28	
="300255"	常山药业	0.62	29.12	0.18	29.11	29.12	15700	140	          0.31	          1.28	28.94	29.28	28.69	28.94	    56.72	45384744	  0.84	生物制药	河北	 2.04	28.91	8929	6771	  1.32	23	256	--  	      12293.78	
="002449"	国星光电	0.55	12.69	0.07	12.68	12.69	97525	1122	          0.23	          3.32	12.63	12.76	12.45	12.62	    40.74	122751864	  1.05	半导体	广东	 2.46	12.59	53852	43673	  1.23	236	204	--  	      29364.30	
="600731"	湖南海利	0.53	9.52	0.05	9.50	9.52	40610	34	          0.00	          1.59	9.45	9.55	9.39	9.47	   593.56	38525432	  1.02	农药化肥	湖南	 1.69	9.49	20400	20210	  1.01	32	12	--  	      25557.66	
="000539"	粤电力Ａ	0.50	6.03	0.03	6.02	6.03	202655	1216	          0.16	          0.95	6.00	6.10	5.96	6.00	     7.84	121723320	  0.80	火力发电	广东	 2.33	6.01	88753	113902	  0.78	1448	1689	--  	     212769.03	
="000898"	鞍钢股份	0.48	4.23	0.02	4.22	4.23	554497	8423	          0.23	          0.90	4.23	4.27	4.17	4.21	    24.87	234246816	  1.19	普钢	辽宁	 2.38	4.22	298744	255753	  1.17	2771	4719	--  	     614893.63	
="002035"	华帝股份	0.44	13.80	0.06	13.79	13.80	45728	255	          0.00	          1.54	13.65	13.84	13.50	13.74	    18.39	62558004	  0.70	家用电器	广东	 2.47	13.68	22949	22779	  1.01	61	991	--  	      29677.21	
="300083"	劲胜精密	0.38	26.58	0.10	26.56	26.58	44340	290	          0.00	          5.05	26.49	26.97	26.00	26.48	   129.41	117884296	  1.05	元器件	广东	 3.66	26.59	22629	21711	  1.04	270	89	--  	       8787.37	
="000089"	深圳机场	0.38	5.32	0.02	5.32	5.33	124142	1827	          0.18	          0.73	5.31	5.38	5.25	5.30	    35.18	65918000	  0.80	机场	深圳	 2.45	5.31	60683	63459	  0.96	1610	4017	--  	     169169.27	
="002011"	盾安环境	0.38	10.68	0.04	10.68	10.69	412642	4523	          0.18	          4.92	10.75	10.83	10.50	10.64	    59.05	438192128	  0.79	工程机械	浙江	 3.10	10.62	234670	177972	  1.32	842	1026	--  	      83800.65	
="000916"	华北高速	0.36	5.65	0.02	5.65	5.66	130357	1101	          0.17	          1.20	5.63	5.76	5.60	5.63	    21.02	74038888	  1.16	路桥	北京	 2.84	5.68	72199	58158	  1.24	913	620	--  	     108997.39	
="002408"	齐翔腾达	0.34	17.84	0.06	17.84	17.85	58910	1270	         -0.05	          1.07	17.83	18.17	17.69	17.78	    25.67	105478392	  1.27	化工原料	山东	 2.70	17.90	35986	22924	  1.57	497	21	--  	      54861.69	
="600673"	东阳光科	0.29	17.00	0.05	17.00	17.01	213606	8	          0.23	          2.60	16.95	17.20	16.61	16.95	   108.05	360252160	  1.91	铝	广东	 3.48	16.87	88926	124680	  0.71	132	53	--  	      82261.22	
="601398"	工商银行	0.26	3.83	0.01	3.82	3.83	3064359	101	         -0.26	          0.12	3.84	3.85	3.81	3.82	     4.58	1174924800	  1.94	银行	北京	 1.05	3.83	1840322	1224037	  1.50	34315	11877	--  	   26471778.00	
="600875"	东方电气	0.24	16.65	0.04	16.66	16.67	285796	33	         -0.11	          1.72	16.67	16.92	16.36	16.61	    22.97	476566656	  1.04	电气设备	四川	 3.37	16.68	151157	134639	  1.12	71	2400	--  	     166386.00	
="300289"	利德曼	0.23	34.78	0.08	34.78	34.79	13898	151	          0.52	          2.49	35.01	35.18	34.31	34.70	    62.33	48196752	  0.67	生物制药	北京	 2.51	34.68	8233	5665	  1.45	5	115	--  	       5572.68	
="000752"	西藏发展	0.20	14.84	0.03	14.84	14.85	84584	2810	          0.74	          3.21	14.79	14.94	14.55	14.81	   216.37	124773720	  1.20	啤酒	西藏	 2.63	14.75	42735	41849	  1.02	311	508	--  	      26375.01	
="600223"	鲁商置业	0.18	5.55	0.01	5.55	5.56	145946	50	         -0.53	          1.46	5.53	5.59	5.44	5.54	    33.64	80243280	  0.45	区域地产	山东	 2.71	5.50	82569	63377	  1.30	254	306	--  	     100096.79	
="600275"	武昌鱼	0.18	5.64	0.01	5.63	5.64	159655	56	          0.35	          3.14	5.64	5.65	5.54	5.63	--  	89125552	  1.19	农业综合	湖北	 1.95	5.58	86300	73355	  1.18	1207	290	--  	      50883.71	
="601137"	博威合金	0.13	22.64	0.03	22.64	22.65	45574	35	         -0.04	          2.12	22.41	22.83	22.23	22.61	    71.95	102574768	  0.55	铜	浙江	 2.65	22.51	24844	20730	  1.20	7	232	--  	      21500.00	
="600469"	风神股份	0.08	13.17	0.01	13.16	13.18	75716	36	          0.30	          2.02	13.20	13.44	13.03	13.16	    12.09	100071680	  1.52	汽车配件	河南	 3.12	13.22	43483	32233	  1.35	128	100	--  	      37494.21	
="600728"	佳都科技	0.06	15.72	0.01	15.73	15.74	62659	130	          0.38	          1.73	15.91	16.02	15.60	15.71	   505.73	98832864	  1.10	软件服务	广东	 2.67	15.77	32948	29711	  1.11	50	58	--  	      36280.03	
="601928"	凤凰传媒	0.00	10.61	0.00	--  	--  	0	0	          0.00	          0.00	--  	--  	--  	10.61	    27.58	0	  0.00	出版业	江苏	 0.00	10.61	0	0	--  	0	0	--  	      65788.35	
="601700"	风范股份	0.00	17.58	0.00	--  	--  	0	0	          0.00	          0.00	--  	--  	--  	17.58	    35.59	0	  0.00	电气设备	江苏	 0.00	17.58	0	0	--  	0	0	--  	      23576.84	
="600986"	科达股份	0.00	7.05	0.00	--  	--  	0	0	          0.00	          0.00	--  	--  	--  	7.05	    36.88	0	  0.00	建筑施工	山东	 0.00	7.05	0	0	--  	0	0	--  	      33526.96	
="600981"	汇鸿股份	0.00	4.21	0.00	--  	--  	0	0	          0.00	          0.00	--  	--  	--  	4.21	    92.48	0	  0.00	商贸代理	江苏	 0.00	4.21	0	0	--  	0	0	--  	      51610.64	
="600876"	洛阳玻璃	0.00	7.24	0.00	--  	--  	0	0	          0.00	          0.00	--  	--  	--  	7.24	   374.48	0	  0.00	玻璃	河南	 0.00	7.24	0	0	--  	0	0	--  	      25001.82	
="600792"	云煤能源	0.00	6.26	0.00	--  	--  	0	0	          0.00	          0.00	--  	--  	--  	6.26	   868.05	0	  0.00	焦炭加工	云南	 0.00	6.26	0	0	--  	0	0	--  	      95202.89	
="600749"	西藏旅游	0.00	12.18	0.00	--  	--  	0	0	          0.00	          0.00	--  	--  	--  	12.18	  1161.76	0	  0.00	旅游景点	西藏	 0.00	12.18	0	0	--  	0	0	--  	      18913.78	
="600617"	国新能源	0.00	30.09	0.00	--  	--  	0	0	          0.00	          0.00	--  	--  	--  	30.09	    42.79	0	  0.00	供气供热	山西	 0.00	30.09	0	0	--  	0	0	--  	      10263.63	
="600575"	皖江物流	0.00	4.11	0.00	--  	--  	0	0	          0.00	          0.00	--  	--  	--  	4.11	--  	0	  0.00	港口	安徽	 0.00	4.11	0	0	--  	0	0	--  	     142320.00	
="600569"	安阳钢铁	0.00	2.32	0.00	--  	--  	0	0	          0.00	          0.00	--  	--  	--  	2.32	    78.40	0	  0.00	普钢	河南	 0.00	2.32	0	0	--  	0	0	--  	     239368.45	
="600517"	置信电气	0.00	12.45	0.00	--  	--  	0	0	          0.00	          0.00	--  	--  	--  	12.45	    84.39	0	  0.00	电气设备	上海	 0.00	12.45	0	0	--  	0	0	--  	     111366.89	
="600497"	驰宏锌锗	0.00	11.63	0.00	11.62	11.63	406759	43	          0.25	          2.44	11.60	11.92	11.42	11.63	    95.13	473246688	  0.74	铅锌	云南	 4.30	11.63	220447	186312	  1.18	55	3	--  	     166756.09	
="600369"	西南证券	0.00	10.54	0.00	--  	--  	0	0	          0.00	          0.00	--  	--  	--  	10.54	    25.05	0	  0.00	证券	重庆	 0.00	10.54	0	0	--  	0	0	--  	     232255.45	
="600365"	通葡股份	0.00	11.38	0.00	--  	--  	0	0	          0.00	          0.00	--  	--  	--  	11.38	  5686.21	0	  0.00	红黄药酒	吉林	 0.00	11.38	0	0	--  	0	0	--  	      14000.00	
="600318"	巢东股份	0.00	11.20	0.00	--  	--  	0	0	          0.00	          0.00	--  	--  	--  	11.20	    17.93	0	  0.00	水泥	安徽	 0.00	11.20	0	0	--  	0	0	--  	      24200.00	
="600241"	时代万恒	0.00	8.28	0.00	--  	--  	0	0	          0.00	          0.00	--  	--  	--  	8.28	--  	0	  0.00	商贸代理	辽宁	 0.00	8.28	0	0	--  	0	0	--  	      18020.00	
="600196"	复星医药	0.00	20.58	0.00	--  	--  	0	0	          0.00	          0.00	--  	--  	--  	20.58	    22.66	0	  0.00	化学制药	上海	 0.00	20.58	0	0	--  	0	0	--  	     190439.23	
="600105"	永鼎股份	0.00	9.86	0.00	--  	--  	0	0	          0.00	          0.00	--  	--  	--  	9.86	    22.23	0	  0.00	通信设备	江苏	 0.00	9.86	0	0	--  	0	0	--  	      38095.46	
="600103"	青山纸业	0.00	3.66	0.00	--  	--  	0	0	          0.00	          0.00	--  	--  	--  	3.66	   601.14	0	  0.00	造纸	福建	 0.00	3.66	0	0	--  	0	0	--  	     106184.15	
="600091"	ST明科	0.00	7.02	0.00	--  	--  	0	0	          0.00	          0.00	--  	--  	--  	7.02	--  	0	  0.00	化工原料	内蒙	 0.00	7.02	0	0	--  	0	0	--  	      33652.60	
="600090"	啤酒花	0.00	8.13	0.00	--  	--  	0	0	          0.00	          0.00	--  	--  	--  	8.13	    36.46	0	  0.00	啤酒	新疆	 0.00	8.13	0	0	--  	0	0	--  	      36791.66	
="300332"	天壕节能	--  	0.00	--  	--  	--  	0	0	--  	          0.00	--  	--  	--  	14.06	    40.57	0	  0.00	环境保护	北京	 0.00	14.06	0	0	--  	0	0	--  	      22666.75	
="300313"	天山生物	--  	0.00	--  	--  	--  	0	0	--  	          0.00	--  	--  	--  	23.69	   258.62	0	  0.00	农业综合	新疆	 0.00	23.69	0	0	--  	0	0	--  	       4177.81	
="300072"	三聚环保	--  	0.00	--  	--  	--  	0	0	--  	          0.00	--  	--  	--  	27.13	    36.92	0	  0.00	化工原料	北京	 0.00	27.13	0	0	--  	0	0	--  	      45855.16	
="300013"	新宁物流	--  	0.00	--  	--  	--  	0	0	--  	          0.00	--  	--  	--  	9.26	   131.57	0	  0.00	仓储物流	江苏	 0.00	9.26	0	0	--  	0	0	--  	      18000.00	
="002700"	新疆浩源	--  	0.00	--  	--  	--  	0	0	--  	          0.00	--  	--  	--  	25.29	    56.88	0	  0.00	供气供热	新疆	 0.00	25.29	0	0	--  	0	0	--  	       9564.16	
="002608"	舜天船舶	--  	0.00	--  	--  	--  	0	0	--  	          0.00	--  	--  	--  	12.79	    86.27	0	  0.00	船舶	江苏	 0.00	12.79	0	0	--  	0	0	--  	      32855.16	
="002558"	世纪游轮	--  	0.00	--  	--  	--  	0	0	--  	          0.00	--  	--  	--  	31.65	   271.60	0	  0.00	旅游服务	重庆	 0.00	31.65	0	0	--  	0	0	--  	       3244.39	
="002534"	杭锅股份	--  	0.00	--  	--  	--  	0	0	--  	          0.00	--  	--  	--  	19.00	    58.39	0	  0.00	专用机械	浙江	 0.00	19.00	0	0	--  	0	0	--  	      39168.26	
="002529"	海源机械	--  	0.00	--  	--  	--  	0	0	--  	          0.00	--  	--  	--  	15.03	--  	0	  0.00	专用机械	福建	 0.00	15.03	0	0	--  	0	0	--  	      15608.25	
="002509"	天广消防	--  	0.00	--  	--  	--  	0	0	--  	          0.00	--  	--  	--  	12.27	    51.77	0	  0.00	专用机械	福建	 0.00	12.27	0	0	--  	0	0	--  	      23109.89	
="002426"	胜利精密	--  	0.00	--  	--  	--  	0	0	--  	          0.00	--  	--  	--  	11.26	    68.41	0	  0.00	元器件	江苏	 0.00	11.26	0	0	--  	0	0	--  	      35306.58	
="002333"	罗普斯金	--  	0.00	--  	--  	--  	0	0	--  	          0.00	--  	--  	--  	14.36	    59.02	0	  0.00	铝	江苏	 0.00	14.36	0	0	--  	0	0	--  	      24248.49	
="002324"	普利特	--  	0.00	--  	--  	--  	0	0	--  	          0.00	--  	--  	--  	19.90	    26.33	0	  0.00	塑料	上海	 0.00	19.90	0	0	--  	0	0	--  	      15582.66	
="002323"	中联电气	--  	0.00	--  	--  	--  	0	0	--  	          0.00	--  	--  	--  	21.95	   130.92	0	  0.00	电气设备	江苏	 0.00	21.95	0	0	--  	0	0	--  	       8350.16	
="002103"	广博股份	--  	0.00	--  	--  	--  	0	0	--  	          0.00	--  	--  	--  	10.18	   172.72	0	  0.00	文教休闲	浙江	 0.00	10.18	0	0	--  	0	0	--  	      17095.44	
="002044"	江苏三友	--  	0.00	--  	--  	--  	0	0	--  	          0.00	--  	--  	--  	10.04	    43.13	0	  0.00	服饰	江苏	 0.00	10.04	0	0	--  	0	0	--  	      22410.00	
="002009"	天奇股份	--  	0.00	--  	--  	--  	0	0	--  	          0.00	--  	--  	--  	16.30	    47.89	0	  0.00	工程机械	江苏	 0.00	16.30	0	0	--  	0	0	--  	      25991.22	
="002006"	*ST精功	--  	0.00	--  	--  	--  	0	0	--  	          0.00	--  	--  	--  	8.75	--  	0	  0.00	工程机械	浙江	 0.00	8.75	0	0	--  	0	0	--  	      43677.89	
="000926"	福星股份	0.00	8.99	0.00	8.99	9.00	259260	1723	          0.33	          4.91	9.05	9.09	8.90	8.99	     8.28	232969968	  0.81	区域地产	湖北	 2.11	8.99	144725	114535	  1.26	1063	2060	--  	      52853.94	
="000920"	南方汇通	--  	0.00	--  	--  	--  	0	0	--  	          0.00	--  	--  	--  	13.23	    31.50	0	  0.00	运输设备	贵州	 0.00	13.23	0	0	--  	0	0	--  	      42200.00	
="000900"	现代投资	0.00	6.76	0.00	6.75	6.76	285588	1558	          0.14	          2.82	6.85	6.95	6.69	6.76	    17.59	194463696	  1.42	路桥	湖南	 3.85	6.81	153775	131813	  1.17	3767	513	--  	     101128.75	
="000796"	易食股份	--  	0.00	--  	--  	--  	0	0	--  	          0.00	--  	--  	--  	7.23	    95.94	0	  0.00	食品	陕西	 0.00	7.23	0	0	--  	0	0	--  	      24652.30	
="000795"	太原刚玉	--  	0.00	--  	--  	--  	0	0	--  	          0.00	--  	--  	--  	10.92	--  	0	  0.00	矿物制品	山西	 0.00	10.92	0	0	--  	0	0	--  	      27679.44	
="000710"	天兴仪表	--  	0.00	--  	--  	--  	0	0	--  	          0.00	--  	--  	--  	13.60	--  	0	  0.00	汽车配件	四川	 0.00	13.60	0	0	--  	0	0	--  	      15120.00	
="000627"	天茂集团	--  	0.00	--  	--  	--  	0	0	--  	          0.00	--  	--  	--  	4.10	    28.37	0	  0.00	化工原料	湖北	 0.00	4.10	0	0	--  	0	0	--  	     135358.98	
="000533"	万 家 乐	--  	0.00	--  	--  	--  	0	0	--  	          0.00	--  	--  	--  	5.97	    35.25	0	  0.00	家用电器	广东	 0.00	5.97	0	0	--  	0	0	--  	      68487.71	
="000525"	红 太 阳	--  	0.00	--  	--  	--  	0	0	--  	          0.00	--  	--  	--  	15.92	    15.22	0	  0.00	农药化肥	江苏	 0.00	15.92	0	0	--  	0	0	--  	      50698.30	
="000516"	开元投资	--  	0.00	--  	--  	--  	0	0	--  	          0.00	--  	--  	--  	9.85	    26.71	0	  0.00	百货	陕西	 0.00	9.85	0	0	--  	0	0	--  	      70442.67	
="000514"	渝 开 发	--  	0.00	--  	--  	--  	0	0	--  	          0.00	--  	--  	--  	7.08	    36.98	0	  0.00	区域地产	重庆	 0.00	7.08	0	0	--  	0	0	--  	      84377.09	
="000498"	山东路桥	--  	0.00	--  	--  	--  	0	0	--  	          0.00	--  	--  	--  	4.64	    27.67	0	  0.00	建筑施工	山东	 0.00	4.64	0	0	--  	0	0	--  	      35417.01	
="002461"	珠江啤酒	-0.06	16.38	-0.01	16.38	16.39	45239	227	          0.00	          0.67	16.39	16.67	16.20	16.39	   139.25	74068744	  1.20	啤酒	广东	 2.87	16.37	22353	22886	  0.98	106	174	--  	      68016.17	
="601313"	江南嘉捷	-0.17	11.71	-0.02	11.72	11.73	52064	11	         -0.17	          1.94	11.70	12.17	11.60	11.73	    21.57	61654280	  1.17	运输设备	江苏	 4.86	11.84	29585	22479	  1.32	206	10	--  	      26852.53	
="600375"	华菱星马	-0.23	13.08	-0.03	13.07	13.08	161909	82	          0.07	          3.25	13.14	13.28	12.95	13.11	    51.80	211727104	  1.17	汽车整车	安徽	 2.52	13.08	102409	59500	  1.72	213	93	--  	      49788.89	
="000672"	上峰水泥	-0.25	8.05	-0.02	8.04	8.05	47591	646	          0.12	          2.26	8.05	8.13	7.97	8.07	    16.29	38339344	  0.83	水泥	甘肃	 1.98	8.06	29214	18377	  1.59	1769	1625	--  	      21069.01	
="600419"	天润乳业	-0.26	23.13	-0.06	23.12	23.14	13051	50	          0.52	          1.63	23.19	23.43	22.90	23.19	   108.80	30177532	  1.36	乳制品	新疆	 2.29	23.12	6984	6067	  1.15	15	9	--  	       8021.08	
="601588"	北辰实业	-0.26	3.80	-0.01	3.79	3.80	740257	9	          0.26	          2.78	3.78	3.88	3.69	3.81	    29.90	279987296	  0.80	区域地产	北京	 4.99	3.78	363445	376812	  0.96	56	2524	--  	     266000.00	
="600098"	广州发展	-0.29	6.86	-0.02	6.85	6.86	250892	20	          0.14	          1.03	6.99	7.00	6.77	6.88	    13.90	172225584	  0.81	火力发电	广东	 3.34	6.86	134604	116288	  1.16	1104	152	--  	     243737.45	
="000100"	TCL 集团	-0.31	3.24	-0.01	3.24	3.25	2279449	28149	          0.00	          2.80	3.27	3.28	3.22	3.25	    10.35	739804736	  1.12	家用电器	广东	 1.85	3.25	1504673	774776	  1.94	25730	46952	--  	     813618.25	
="300019"	硅宝科技	-0.33	18.14	-0.06	18.14	18.20	25556	18	         -0.27	          2.38	18.24	18.75	17.80	18.20	    37.61	46910964	  1.24	化工原料	四川	 5.22	18.36	15317	10239	  1.50	307	47	--  	      10745.41	
="600795"	国电电力	-0.34	2.94	-0.01	2.93	2.94	2153321	109	          0.00	          1.40	2.96	2.97	2.91	2.95	     7.43	631208192	  0.94	火力发电	辽宁	 2.03	2.93	1184376	968945	  1.22	19324	70678	--  	    1539514.88	
="002479"	富春环保	-0.51	9.66	-0.05	9.66	9.67	103615	1605	          0.10	          1.42	9.76	9.91	9.54	9.71	    39.07	100555784	  1.73	火力发电	浙江	 3.81	9.70	61770	41845	  1.48	986	139	--  	      73141.99	
="601058"	赛轮股份	-0.53	18.85	-0.10	18.88	18.89	47683	20	          0.47	          1.26	18.66	19.16	18.50	18.95	    21.23	89476000	  1.26	汽车配件	山东	 3.48	18.76	26779	20904	  1.28	2	173	--  	      37800.00	
="002511"	中顺洁柔	-0.63	11.08	-0.07	11.07	11.08	48162	438	          0.00	          1.19	11.19	11.27	10.96	11.15	    66.15	53533028	  0.87	造纸	广东	 2.78	11.11	29455	18707	  1.57	154	134	--  	      40451.92	
="300189"	神农大丰	-0.64	7.81	-0.05	7.81	7.82	670121	2699	         -0.12	         20.00	7.91	8.05	7.50	7.86	--  	519214272	  3.76	种植业	海南	 7.00	7.75	301522	368599	  0.82	421	463	--  	      33498.87	
="300094"	国联水产	-0.66	10.59	-0.07	10.58	10.59	43850	1341	          0.47	          1.25	10.66	10.77	10.45	10.66	    94.22	46332676	  0.71	渔业	广东	 3.00	10.57	26106	17744	  1.47	10	171	--  	      35072.21	
="000966"	长源电力	-0.68	10.22	-0.07	10.21	10.22	104753	1090	          0.00	          1.89	10.33	10.40	10.11	10.29	     6.83	106948976	  0.86	火力发电	湖北	 2.82	10.21	54315	50438	  1.08	66	38	--  	      55414.19	
="002302"	西部建设	-0.70	15.66	-0.11	15.65	15.66	161782	2832	          0.06	          5.97	15.77	16.00	15.38	15.77	    35.54	252806352	  1.25	水泥	新疆	 3.93	15.63	89318	72464	  1.23	160	269	--  	      27091.33	
="000605"	渤海股份	-0.80	18.53	-0.15	18.53	18.54	16325	56	          0.10	          1.85	18.68	18.89	18.42	18.68	    92.13	30321444	  1.06	水务	北京	 2.52	18.57	10235	6090	  1.68	103	48	--  	       8842.98	
="600532"	宏达矿业	-0.82	10.94	-0.09	10.92	10.94	43102	91	          0.18	          2.61	11.04	11.18	10.83	11.03	    27.79	47275296	  0.76	普钢	山东	 3.17	10.97	27665	15437	  1.79	111	20	--  	      16510.25	
="000993"	闽东电力	-0.86	10.43	-0.09	10.42	10.43	55533	465	          0.28	          1.49	10.58	10.67	10.29	10.52	    33.09	58470764	  1.20	水力发电	福建	 3.61	10.53	33164	22369	  1.48	591	91	--  	      37300.00	
="600162"	香江控股	-0.87	6.85	-0.06	6.84	6.85	246092	10	         -0.14	          3.21	6.89	6.96	6.79	6.91	    16.05	169186992	  0.66	全国地产	深圳	 2.46	6.87	143218	102874	  1.39	1757	285	--  	      76781.27	
="000915"	山大华特	-0.89	31.13	-0.28	31.13	31.15	34829	96	          0.19	          1.94	31.54	31.61	30.91	31.41	    30.40	108755152	  0.99	生物制药	山东	 2.23	31.22	19267	15562	  1.24	68	27	--  	      17930.16	
="600720"	祁连山	-0.91	8.70	-0.08	8.70	8.71	303866	10	          0.23	          3.91	8.81	8.83	8.60	8.78	     7.97	265192960	  0.99	水泥	甘肃	 2.62	8.73	162470	141396	  1.15	632	176	--  	      77616.27	
="600802"	福建水泥	-0.94	8.41	-0.08	8.41	8.42	125533	84	          0.11	          3.29	8.50	8.57	8.35	8.49	--  	105941312	  1.07	水泥	福建	 2.59	8.44	79468	46065	  1.73	335	442	--  	      38187.37	
="000545"	金浦钛业	-0.96	14.51	-0.14	14.50	14.51	66679	355	          0.00	          4.26	14.55	14.84	14.31	14.65	   120.64	96804600	  0.84	化工原料	吉林	 3.62	14.52	31296	35383	  0.88	120	463	--  	      15637.36	
="600750"	江中药业	-0.96	21.62	-0.21	21.62	21.63	52533	76	          0.04	          1.75	21.82	22.18	21.48	21.83	    31.34	114519872	  1.11	中成药	江西	 3.21	21.80	29353	23180	  1.27	127	84	--  	      30000.00	
="002470"	金正大	-1.07	29.50	-0.32	29.47	29.50	60047	1006	          0.34	          1.01	29.80	30.28	29.28	29.82	    21.21	177689712	  0.97	农药化肥	山东	 3.35	29.59	33135	26912	  1.23	406	98	--  	      59254.00	
="600736"	苏州高新	-1.12	5.28	-0.06	5.28	5.29	301621	6	          0.38	          2.85	5.35	5.37	5.24	5.34	    40.77	159408480	  0.70	园区开发	江苏	 2.43	5.29	172428	129193	  1.33	70	1529	--  	     105788.15	
="000016"	深康佳Ａ	-1.12	6.16	-0.07	6.16	6.17	172522	1971	          0.00	          2.88	6.24	6.24	6.12	6.23	   116.91	106409592	  0.82	家用电器	深圳	 1.93	6.17	117320	55202	  2.13	280	2712	--  	      59991.50	
="002294"	信立泰	-1.22	35.75	-0.44	35.75	35.76	52801	373	         -0.02	          1.84	36.29	36.37	35.66	36.19	    23.33	189266160	  1.24	化学制药	深圳	 1.96	35.84	36271	16530	  2.19	308	1	--  	      28698.46	
="600170"	上海建工	-1.25	6.31	-0.08	6.31	6.32	782430	334	          0.15	          7.12	6.36	6.37	6.21	6.39	    16.18	491783136	  0.71	建筑施工	上海	 2.50	6.29	469765	312665	  1.50	2136	4025	--  	     109966.28	
="002063"	远光软件	-1.26	22.80	-0.29	22.80	22.81	169688	767	         -0.17	          4.33	23.25	23.25	22.43	23.09	    55.47	384710048	  1.30	软件服务	广东	 3.55	22.67	94663	75025	  1.26	445	1	--  	      39144.10	
="600058"	五矿发展	-1.29	14.53	-0.19	14.52	14.54	253167	71	         -0.27	          2.36	14.72	14.99	14.39	14.72	    66.12	372091104	  1.08	商贸代理	北京	 4.08	14.70	149640	103527	  1.45	594	53	--  	     107191.07	
="000564"	西安民生	-1.30	6.09	-0.08	6.08	6.09	178401	1196	          0.00	          5.32	6.05	6.15	6.02	6.17	    39.80	108611296	  1.18	百货	陕西	 2.11	6.09	100703	77698	  1.30	2550	720	--  	      33562.01	
="300349"	金卡股份	-1.35	33.53	-0.46	33.53	33.58	16974	247	         -0.05	          3.77	34.35	34.45	33.53	33.99	    42.78	57335708	  1.12	电器仪表	浙江	 2.71	33.78	11827	5147	  2.30	1	50	--  	       4500.00	
="002231"	奥维通信	-1.39	11.34	-0.16	11.33	11.34	118981	925	         -0.17	          5.84	11.52	11.53	11.23	11.50	--  	135134528	  1.05	通信设备	辽宁	 2.61	11.36	60647	58334	  1.04	173	1680	--  	      20369.00	
="600834"	申通地铁	-1.39	10.63	-0.15	10.62	10.63	117343	10	          0.47	          2.46	10.78	10.81	10.50	10.78	    45.72	124226192	  1.53	公共交通	上海	 2.88	10.59	75281	42062	  1.79	65	315	--  	      47738.19	
="300345"	红宇新材	-1.40	22.56	-0.32	22.56	22.58	32895	127	          0.31	          5.32	22.80	23.50	22.30	22.88	   920.76	74781464	  1.04	钢加工	湖南	 5.24	22.73	19340	13555	  1.43	95	28	--  	       6180.70	
="000088"	盐 田 港	-1.50	8.52	-0.13	8.52	8.53	558544	6553	          0.00	          2.88	8.83	8.93	8.45	8.65	    35.97	482926624	  1.09	港口	深圳	 5.55	8.65	295859	262685	  1.13	2080	1899	--  	     194212.78	
="600764"	中电广通	-1.54	11.50	-0.18	11.50	11.52	100906	93	          0.43	          3.06	11.71	11.99	11.36	11.68	   615.80	117089280	  0.71	通信设备	北京	 5.39	11.60	51912	48994	  1.06	20	141	--  	      32972.69	
="002688"	金河生物	-1.55	17.81	-0.28	17.81	17.82	76756	572	         -0.11	          7.07	18.14	18.21	17.62	18.09	    46.85	136618320	  1.22	化学制药	内蒙	 3.26	17.80	46156	30600	  1.51	597	63	--  	      10849.66	
="600068"	葛洲坝	-1.55	5.71	-0.09	5.70	5.71	1139646	280	          0.00	          3.27	5.88	5.88	5.64	5.80	    11.31	651509760	  1.01	建筑施工	湖北	 4.14	5.72	634422	505224	  1.26	3568	8620	--  	     348745.91	
="002013"	中航机电	-1.61	21.98	-0.36	21.97	21.98	235211	1396	          0.13	          8.03	22.62	22.62	21.55	22.34	    50.69	513813216	  1.30	汽车配件	湖北	 4.79	21.84	138597	96614	  1.43	350	504	--  	      29285.81	
="601669"	中国电建	-1.65	4.16	-0.07	4.15	4.16	1838734	4	          0.24	          5.57	4.25	4.27	4.11	4.23	     9.01	765883456	  1.07	建筑施工	北京	 3.78	4.17	1052574	786160	  1.34	9851	1108	--  	     330000.00	
="600655"	豫园商城	-1.67	12.33	-0.21	12.32	12.33	220881	52	          0.24	          1.54	12.50	12.53	12.16	12.54	    22.77	271022368	  0.73	百货	上海	 2.95	12.27	137223	83658	  1.64	134	298	--  	     143732.20	
="000528"	柳    工	-1.77	8.34	-0.15	8.34	8.35	374699	4743	          0.00	          3.33	8.50	8.55	8.26	8.49	    39.23	313156576	  1.01	工程机械	广西	 3.42	8.36	221950	152749	  1.45	692	1101	--  	     112508.84	
="600082"	海泰发展	-1.77	6.65	-0.12	6.64	6.65	204406	16	         -0.15	          3.24	6.77	6.79	6.61	6.77	    58.82	136723328	  1.02	园区开发	天津	 2.66	6.69	119576	84830	  1.41	362	135	--  	      62998.89	
="002315"	焦点科技	-1.80	59.41	-1.09	59.41	59.43	37711	531	         -0.23	          6.26	60.88	63.75	59.22	60.50	    55.82	230048176	  1.01	互联网	江苏	 7.49	61.00	20080	17631	  1.14	4	2	--  	       6021.45	
="300196"	长海股份	-1.82	19.95	-0.37	19.95	19.96	20516	84	          0.10	          1.88	20.40	20.56	19.85	20.32	    26.92	41276908	  1.64	玻璃	江苏	 3.49	20.12	12288	8228	  1.49	60	40	--  	      10918.94	
="601179"	中国西电	-1.82	5.38	-0.10	5.38	5.39	672392	241	          0.00	          1.54	5.48	5.51	5.35	5.48	    32.07	363205696	  1.32	电气设备	陕西	 2.92	5.40	407559	264833	  1.54	1006	7019	--  	     435700.00	
="600498"	烽火通信	-2.00	16.15	-0.33	16.14	16.15	167444	31	          0.43	          1.73	16.49	16.53	16.04	16.48	    32.10	271196576	  0.96	通信设备	湖北	 2.97	16.20	99690	67754	  1.47	79	1574	--  	      96650.10	
="600676"	交运股份	-2.02	8.71	-0.18	8.72	8.73	216746	15	         -0.11	          2.77	8.90	8.93	8.66	8.89	    23.61	188755040	  1.02	汽车配件	上海	 3.04	8.71	125439	91307	  1.37	41	707	--  	      78214.10	
="000877"	天山股份	-2.16	8.14	-0.18	8.13	8.14	394724	3406	          0.00	          4.49	8.32	8.38	8.04	8.32	    17.49	323520192	  1.25	水泥	新疆	 4.09	8.20	243907	150817	  1.62	1762	188	--  	      88001.99	
="600873"	梅花生物	-2.19	6.70	-0.15	6.70	6.71	440976	382	          0.00	          1.42	6.90	6.95	6.68	6.85	    57.58	298099552	  0.57	食品	西藏	 3.94	6.76	263305	177671	  1.48	1332	3826	--  	     310822.66	
="601007"	金陵饭店	-2.22	12.32	-0.28	12.32	12.34	56739	4	          0.16	          1.89	12.75	12.95	12.25	12.60	   140.95	70880232	  1.65	酒店餐饮	江苏	 5.56	12.49	38890	17849	  2.18	86	104	--  	      30000.00	
="300145"	南方泵业	-2.25	26.98	-0.62	26.97	26.98	18194	196	          0.00	          1.04	27.70	27.70	26.50	27.60	    38.92	48843128	  0.79	专用机械	浙江	 4.35	26.84	11869	6325	  1.88	711	4	--  	      17417.00	
="002162"	斯米克	-2.30	9.33	-0.22	9.33	9.34	167283	2142	         -0.10	          4.00	9.55	9.58	9.17	9.55	   402.29	155514896	  0.96	陶瓷	上海	 4.29	9.30	99587	67696	  1.47	1403	926	--  	      41800.00	
="600483"	福能股份	-2.46	10.71	-0.27	10.70	10.71	84770	16	          0.09	          2.94	10.99	11.11	10.55	10.98	    18.78	91280024	  0.96	火力发电	福建	 5.10	10.77	57358	27412	  2.09	624	96	--  	      28848.36	
="600897"	厦门空港	-2.53	21.15	-0.55	21.15	21.16	58573	28	         -0.04	          1.97	21.52	21.70	21.07	21.70	    13.07	125021064	  1.03	机场	福建	 2.90	21.34	35320	23253	  1.52	15	8	--  	      29781.00	
="600970"	中材国际	-2.54	10.38	-0.27	10.38	10.39	444294	49	          0.19	          4.06	10.61	10.65	10.32	10.65	    17.24	463907104	  0.96	建筑施工	江苏	 3.10	10.44	261319	182975	  1.43	89	42	--  	     109329.72	
="600300"	维维股份	-3.06	5.70	-0.18	5.70	5.71	587257	350	         -0.17	          3.51	5.84	5.88	5.60	5.88	    84.53	335336704	  1.43	软饮料	江苏	 4.76	5.71	328588	258669	  1.27	1466	16	--  	     167200.00	
="002557"	洽洽食品	-6.18	22.30	-1.47	22.29	22.30	222514	2833	          0.00	          6.58	22.70	23.67	22.11	23.77	    27.37	505467936	  2.49	食品	安徽	 6.56	22.72	66378	156136	  0.43	168	1028	--  	      33800.00	
数据来源:通达信
