代码	名称	涨幅%%	现价	涨跌	买价	卖价	总量	现量	涨速%%	换手%%	今开	最高	最低	昨收	市盈(动)	总金额	量比	细分行业	地区	振幅%%	均价	内盘	外盘	内外比	买量	卖量	未匹配量	流通股本	
="600808"	马钢股份	10.13	2.50	0.23	2.50	--  	1827605	2	          0.00	          3.06	2.35	2.50	2.32	2.27	--  	442969152	  2.66	普钢	安徽	 7.93	2.42	925070	902535	  1.02	465146	0	--  	     596775.13	
="600795"	国电电力	10.12	2.83	0.26	2.83	--  	4952060	1153	          0.00	          3.22	2.56	2.83	2.54	2.57	     7.15	1341668608	  4.85	火力发电	辽宁	11.28	2.71	2884462	2067598	  1.40	947477	0	--  	    1539514.88	
="600532"	宏达矿业	10.05	10.73	0.98	10.73	--  	78749	2	          0.00	          4.77	10.73	10.73	10.45	9.75	    34.40	84379040	  1.70	普钢	山东	 2.87	10.71	52935	25814	  2.05	108868	0	--  	      16510.25	
="600017"	日照港	10.03	3.95	0.36	3.95	--  	2508581	49	          0.00	          9.54	3.57	3.95	3.55	3.59	    15.99	978393280	  7.71	港口	山东	11.14	3.90	1657296	851285	  1.95	115611	0	--  	     263063.16	
="002302"	西部建设	10.02	13.95	1.27	13.95	--  	208890	519	          0.00	          7.71	12.84	13.95	12.75	12.68	    31.66	280363776	  3.94	水泥	新疆	 9.46	13.42	101133	107757	  0.94	42193	0	--  	      27091.33	
="002007"	华兰生物	10.00	34.54	3.14	34.54	--  	399568	67	          0.00	          6.93	32.00	34.54	32.00	31.40	    35.15	1371034112	  5.20	生物制药	河南	 8.09	34.31	245953	153615	  1.60	13097	0	--  	      57686.69	
="600676"	交运股份	9.94	7.85	0.71	7.85	--  	105206	73	          0.00	          1.35	7.85	7.85	7.85	7.14	    21.15	82586848	  1.29	汽车配件	上海	 0.00	7.85	88769	16437	  5.40	138491	0	--  	      78214.10	
="000582"	北部湾港	8.82	15.79	1.28	15.78	15.79	199618	2705	         -0.12	         14.09	14.50	15.96	14.33	14.51	    19.84	304122176	  4.24	港口	广西	11.23	15.24	89959	109659	  0.82	188	77	--  	      14166.61	
="600269"	赣粤高速	8.26	3.67	0.28	3.66	3.67	1096102	465	          0.00	          4.69	3.38	3.73	3.37	3.39	    10.52	397222048	  5.31	路桥	江西	10.62	3.62	426013	670089	  0.64	2019	2120	--  	     233540.70	
="601800"	中国交建	7.56	5.12	0.36	5.12	5.13	1596222	475	          0.00	         11.83	4.73	5.20	4.72	4.76	     7.13	798941952	  2.74	建筑施工	北京	10.08	5.01	737618	858604	  0.86	115	4618	--  	     134973.55	
="002036"	宜科科技	7.23	10.23	0.69	10.23	10.24	122435	964	         -0.19	          6.19	10.10	10.44	9.86	9.54	   144.85	124778856	  1.10	服饰	浙江	 6.08	10.19	55263	67172	  0.82	925	65	--  	      19791.78	
="600836"	界龙实业	7.01	14.50	0.95	14.52	14.54	689454	264	          0.76	         21.99	14.30	14.91	14.10	13.55	   555.79	1003140288	  3.76	广告包装	上海	 5.98	14.55	370300	319154	  1.16	7	59	--  	      31356.33	
="000037"	深南电Ａ	6.87	5.91	0.38	5.90	5.91	146200	2752	          0.00	          4.31	5.51	5.99	5.48	5.53	--  	84886984	  4.06	火力发电	深圳	 9.22	5.81	61964	84236	  0.74	568	753	--  	      33889.39	
="600221"	海南航空	6.54	2.28	0.14	2.27	2.28	7653752	1378	          0.44	          6.48	2.12	2.35	2.11	2.14	    28.77	1702266496	  4.03	空运	海南	11.21	2.22	3357509	4296243	  0.78	17247	12464	--  	    1181206.38	
="600115"	东方航空	5.80	3.65	0.20	3.63	3.64	1992146	2887	          1.10	          2.56	3.53	3.68	3.42	3.45	  1652.18	708928128	  3.58	空运	上海	 7.54	3.56	949163	1042983	  0.91	2787	73	--  	     778221.38	
="002162"	斯米克	5.44	8.92	0.46	8.91	8.92	394736	7278	          0.22	          9.44	8.70	9.20	8.60	8.46	   384.61	349788768	  4.17	陶瓷	上海	 7.09	8.86	172801	221935	  0.78	2025	46	--  	      41800.00	
="300313"	天山生物	5.35	23.63	1.20	23.62	23.63	29303	260	          0.08	          7.01	22.41	24.33	22.40	22.43	   257.97	68434872	  2.77	农业综合	新疆	 8.60	23.35	12112	17191	  0.70	12	27	--  	       4177.81	
="600236"	桂冠电力	5.09	4.13	0.20	4.12	4.13	353792	30	          0.48	          3.14	3.93	4.19	3.91	3.93	    21.93	143971296	  5.15	水力发电	广西	 7.12	4.07	132984	220808	  0.60	875	6421	--  	     112823.02	
="000816"	江淮动力	5.09	6.61	0.32	6.60	6.61	542120	5285	          0.00	          4.98	6.33	6.92	6.28	6.29	   166.96	359503872	  2.01	机械基件	江苏	10.17	6.63	246757	295363	  0.84	1030	2046	--  	     108877.75	
="600674"	川投能源	5.07	17.60	0.85	17.59	17.60	216346	47	          0.85	          0.98	16.74	17.65	16.65	16.75	    10.09	373087904	  1.34	火力发电	四川	 5.97	17.24	95589	120757	  0.79	8	30	--  	     220107.03	
="000613"	大东海A	5.03	7.94	0.38	7.93	7.94	127645	2351	          0.50	          4.90	7.55	7.95	7.47	7.56	--  	99079008	  1.57	旅游服务	海南	 6.35	7.76	48501	79144	  0.61	2073	963	--  	      26056.48	
="000403"	*ST生化	4.99	22.92	1.09	22.92	--  	101285	233	          0.00	          5.58	22.00	22.92	21.93	21.83	    30.84	230364864	  3.13	生物制药	江西	 4.54	22.74	40036	61249	  0.65	2552	0	--  	      18151.84	
="000978"	桂林旅游	4.48	8.39	0.36	8.39	8.40	169193	931	         -0.11	          4.70	8.09	8.45	8.09	8.03	--  	140536624	  2.31	旅游景点	广西	 4.48	8.31	70520	98673	  0.71	96	1553	--  	      36010.00	
="600020"	中原高速	4.45	3.05	0.13	3.04	3.05	496052	134	          0.32	          2.21	2.92	3.14	2.89	2.92	    10.99	149982784	  3.56	路桥	河南	 8.56	3.02	215110	280942	  0.77	2364	3968	--  	     224737.19	
="601018"	宁波港	4.40	3.56	0.15	3.56	3.57	2910259	3168	          0.28	          2.27	3.41	3.71	3.37	3.41	    13.92	1041265280	  3.40	港口	浙江	 9.97	3.58	1321969	1588290	  0.83	12764	16634	--  	    1280000.00	
="600300"	维维股份	4.38	5.72	0.24	5.72	5.73	601133	1770	          0.52	          3.60	5.50	5.73	5.50	5.48	    79.33	338048512	  2.76	软饮料	江苏	 4.20	5.62	282590	318543	  0.89	4311	5434	--  	     167200.00	
="000875"	吉电股份	4.16	4.26	0.17	4.25	4.26	533532	5374	          0.23	          8.08	4.08	4.32	4.04	4.09	--  	223553168	  3.21	火力发电	吉林	 6.85	4.19	235000	298532	  0.79	6376	4504	--  	      66003.21	
="600238"	海南椰岛	4.09	9.42	0.37	9.40	9.41	226444	52	          0.31	          5.12	9.04	9.47	8.99	9.05	    75.50	210105568	  1.53	红黄药酒	海南	 5.30	9.28	106482	119962	  0.89	2084	49	--  	      44203.16	
="600755"	厦门国贸	3.87	7.78	0.29	7.78	7.80	2651904	490	         -0.12	         19.93	7.72	8.06	7.66	7.49	    13.90	2082382848	  2.01	商贸代理	福建	 5.34	7.85	1276353	1375551	  0.93	711	6542	--  	     133083.59	
="601028"	玉龙股份	3.82	15.75	0.58	15.75	15.76	69547	99	          0.00	          7.15	15.30	15.83	15.16	15.17	    47.58	108286920	  3.86	钢加工	江苏	 4.42	15.57	28560	40987	  0.70	510	138	--  	       9722.50	
="600671"	天目药业	3.82	17.68	0.65	17.67	17.68	53641	7	          0.00	          4.41	17.02	17.88	16.78	17.03	--  	93425576	  2.73	中成药	浙江	 6.46	17.42	22449	31192	  0.72	31	22	--  	      12172.04	
="002046"	轴研科技	3.70	10.94	0.39	10.93	10.94	304043	2741	          0.27	          8.93	10.49	11.34	10.40	10.55	   251.25	330008864	  2.36	机械基件	河南	 8.91	10.85	137453	166590	  0.83	646	1576	--  	      34056.60	
="600321"	国栋建设	3.67	3.11	0.11	3.11	3.12	595610	50	          0.32	          5.04	3.01	3.19	2.99	3.00	--  	184124752	  2.52	其他建材	四川	 6.67	3.09	265319	330291	  0.80	8	7423	--  	     118088.00	
="600029"	南方航空	3.57	3.19	0.11	3.18	3.19	1796367	1948	          0.31	          2.56	3.07	3.29	3.03	3.08	--  	567348032	  3.01	空运	广东	 8.44	3.16	826646	969721	  0.85	1817	8997	--  	     702265.00	
="002224"	三 力 士	3.53	8.80	0.30	8.80	8.81	371235	2376	          0.00	          8.41	8.70	9.14	8.70	8.50	    32.17	328853568	  2.64	橡胶	浙江	 5.18	8.86	193943	177292	  1.09	1175	1850	--  	      44120.33	
="601908"	京运通	3.35	11.74	0.38	11.73	11.74	231165	109	          0.00	          8.12	11.23	12.17	11.19	11.36	    59.90	271556288	  1.45	半导体	北京	 8.63	11.75	121152	110013	  1.10	165	122	--  	      28451.52	
="601179"	中国西电	3.32	4.98	0.16	4.97	4.98	828318	40	          0.20	          1.90	4.81	5.10	4.77	4.82	    38.97	409406208	  2.47	电气设备	陕西	 6.85	4.94	449330	378988	  1.19	1834	319	--  	     435700.00	
="600078"	澄星股份	3.26	9.18	0.29	9.19	9.20	294416	294	          0.00	          4.44	8.89	9.34	8.84	8.89	   169.41	268917376	  1.15	化工原料	江苏	 5.62	9.13	106725	187691	  0.57	175	1202	--  	      66257.28	
="600098"	广州发展	3.25	5.72	0.18	5.72	5.73	260706	18	          0.17	          1.07	5.56	5.74	5.53	5.54	    12.10	147536560	  3.31	火力发电	广东	 3.79	5.66	118199	142507	  0.83	329	3345	--  	     243737.45	
="002187"	广百股份	3.18	11.68	0.36	11.67	11.68	77990	1618	          0.17	          2.32	11.30	11.96	11.22	11.32	    18.24	90383744	  1.89	百货	广东	 6.54	11.59	35680	42310	  0.84	50	400	--  	      33572.48	
="601700"	风范股份	3.12	16.18	0.49	16.18	16.20	44804	20	         -0.06	          1.90	15.70	16.22	15.66	15.69	    32.76	71427736	  1.39	电气设备	江苏	 3.57	15.94	16491	28313	  0.58	50	15	--  	      23576.84	
="601555"	东吴证券	3.10	11.99	0.36	11.99	12.00	995900	9706	          0.50	          8.15	11.50	12.00	11.40	11.63	    48.64	1170681856	  1.34	证券	江苏	 5.16	11.76	488746	507154	  0.96	2037	4454	--  	     122138.00	
="000912"	泸 天 化	3.09	6.68	0.20	6.67	6.68	176935	3998	          0.45	          6.62	6.44	6.76	6.28	6.48	--  	116406488	  1.33	农药化肥	四川	 7.41	6.58	77777	99158	  0.78	747	2616	--  	      26715.00	
="000752"	西藏发展	3.07	14.08	0.42	14.07	14.08	151362	1234	          0.21	          5.74	13.62	14.18	13.61	13.66	   205.29	212166176	  1.14	啤酒	西藏	 4.17	14.02	67432	83930	  0.80	1604	778	--  	      26375.01	
="600248"	延长化建	3.01	8.89	0.26	8.88	8.90	95418	5	         -0.11	          2.27	8.62	8.93	8.54	8.63	    19.01	83330016	  2.80	建筑施工	陕西	 4.52	8.73	39378	56040	  0.70	421	235	--  	      41968.92	
="000301"	东方市场	3.01	4.11	0.12	4.10	4.11	389665	3144	          0.00	          3.20	4.06	4.27	4.06	3.99	    24.06	161659680	  2.46	综合类	江苏	 5.26	4.15	199083	190582	  1.04	2205	228	--  	     121823.64	
="600881"	亚泰集团	2.97	5.54	0.16	5.54	5.55	613822	50	          0.18	          3.24	5.34	5.68	5.32	5.38	    44.23	338833696	  1.27	水泥	吉林	 6.69	5.52	289836	323986	  0.89	213	3318	--  	     189473.20	
="002521"	齐峰新材	2.96	12.17	0.35	12.17	12.18	147723	1383	          0.00	          4.80	11.81	12.33	11.80	11.82	    19.32	179003888	  1.56	造纸	山东	 4.48	12.12	66697	81026	  0.82	421	442	--  	      30760.26	
="603123"	翠微股份	2.92	11.27	0.32	11.25	11.27	86707	90	          0.44	          7.71	10.85	11.29	10.78	10.95	    28.32	95404192	  1.64	百货	北京	 4.66	11.00	41599	45108	  0.92	1604	8	--  	      11246.00	
="000620"	新华联	2.87	6.80	0.19	6.79	6.80	182634	4683	          0.44	          1.14	6.60	6.85	6.57	6.61	    28.09	123147384	  2.00	区域地产	北京	 4.24	6.74	93607	89027	  1.05	53	1710	--  	     159797.06	
="600895"	张江高科	2.84	8.70	0.24	8.70	8.71	570437	12	          0.23	          3.68	8.44	8.92	8.36	8.46	    64.20	495548960	  2.12	园区开发	上海	 6.62	8.69	298375	272062	  1.10	304	660	--  	     154868.95	
="000507"	珠海港	2.78	6.66	0.18	6.66	6.67	1448135	10782	          0.30	         18.75	6.78	6.95	6.51	6.48	--  	970751232	  3.22	港口	广东	 6.79	6.70	711570	736565	  0.97	3432	3580	--  	      77214.38	
="601618"	中国中冶	2.77	2.60	0.07	2.60	2.61	2561534	399	          0.38	          1.58	2.53	2.66	2.49	2.53	    13.73	664654208	  1.90	建筑施工	北京	 6.72	2.59	1276249	1285285	  0.99	2281	26718	--  	    1623900.00	
="000837"	秦川发展	2.76	10.80	0.29	10.79	10.80	127276	1502	          0.00	          4.98	10.52	10.88	10.47	10.51	--  	135962768	  1.34	机床制造	陕西	 3.90	10.68	62707	64569	  0.97	428	443	--  	      25558.96	
="002563"	森马服饰	2.71	35.95	0.95	35.95	35.96	35078	454	          0.41	          5.01	35.10	36.75	34.51	35.00	    35.03	125605552	  2.40	服饰	浙江	 6.40	35.81	19045	16033	  1.19	582	93	--  	       7000.00	
="000429"	粤高速Ａ	2.70	4.18	0.11	4.17	4.18	196371	1456	          0.23	          4.20	4.07	4.22	4.04	4.07	    14.74	81410120	  3.33	路桥	广东	 4.42	4.15	82366	114005	  0.72	619	1372	--  	      46788.23	
="002606"	大连电瓷	2.70	16.00	0.42	15.98	16.00	139153	635	          0.69	         11.55	15.60	16.19	15.59	15.58	   208.36	221901552	  2.46	电气设备	辽宁	 3.85	15.95	66245	72908	  0.91	3	602	--  	      12050.00	
="600125"	铁龙物流	2.68	7.66	0.20	7.68	7.69	613935	130	          0.00	          4.70	7.46	7.97	7.38	7.46	    28.25	473602304	  1.40	铁路	辽宁	 7.91	7.71	279420	334515	  0.84	366	1377	--  	     130552.18	
="002320"	海峡股份	2.62	11.75	0.30	11.75	11.76	103556	570	          0.17	          2.43	11.42	11.88	11.35	11.45	    62.97	120958176	  2.33	水运	海南	 4.63	11.68	41116	62440	  0.66	331	1125	--  	      42587.60	
="000100"	TCL 集团	2.60	3.16	0.08	3.15	3.16	4670346	37120	          0.31	          5.74	3.07	3.18	3.06	3.08	    10.09	1463905152	  1.90	家用电器	广东	 3.90	3.13	1935997	2734349	  0.71	48310	16490	--  	     813618.25	
="000717"	韶钢松山	2.53	2.43	0.06	2.42	2.43	645217	9373	          0.00	          5.72	2.33	2.44	2.32	2.37	--  	154885264	  2.97	钢加工	广东	 5.06	2.40	281537	363680	  0.77	6660	22423	--  	     112803.64	
="601111"	中国国航	2.52	4.47	0.11	4.46	4.47	1372213	1153	          0.00	          1.65	4.30	4.61	4.20	4.36	    13.89	606614784	  2.44	空运	北京	 9.40	4.42	634544	737669	  0.86	3447	3848	--  	     832927.13	
="601919"	中国远洋	2.47	4.15	0.10	4.13	4.14	1039049	361	          0.24	          1.36	4.03	4.24	3.98	4.05	--  	428865952	  2.60	水运	天津	 6.42	4.13	499551	539498	  0.93	2667	214	--  	     763567.44	
="300099"	尤洛卡	2.43	14.33	0.34	14.32	14.33	64947	1444	          0.00	          5.99	13.99	14.46	13.79	13.99	   180.53	91114648	  3.47	电器仪表	山东	 4.79	14.03	43973	20974	  2.10	74	38	--  	      10838.75	
="600655"	豫园商城	2.41	9.79	0.23	9.79	9.80	379497	48	         -0.10	          2.64	9.68	10.09	9.58	9.56	    21.30	374089152	  2.75	百货	上海	 5.33	9.86	198483	181014	  1.10	253	429	--  	     143732.20	
="600502"	安徽水利	2.41	9.79	0.23	9.79	9.80	325573	193	          0.10	          6.49	9.55	9.88	9.47	9.56	    19.98	317274784	  2.08	建筑施工	安徽	 4.29	9.75	161774	163799	  0.99	3	4259	--  	      50193.00	
="300270"	中威电子	2.37	22.88	0.53	22.88	22.89	34136	143	         -0.04	          5.38	22.45	23.24	22.45	22.35	    88.85	78503400	  2.03	通信设备	浙江	 3.53	23.00	15248	18888	  0.81	64	30	--  	       6343.12	
="600068"	葛洲坝	2.37	4.75	0.11	4.74	4.75	803023	205	          0.21	          2.30	4.68	4.82	4.66	4.64	     8.68	380912256	  2.34	建筑施工	湖北	 3.45	4.74	396050	406973	  0.97	2730	2411	--  	     348745.91	
="601107"	四川成渝	2.27	3.60	0.08	3.59	3.60	283649	179	          0.27	          1.31	3.51	3.67	3.48	3.52	     9.94	102086712	  2.26	路桥	四川	 5.40	3.60	147787	135862	  1.09	1839	1526	--  	     216274.00	
="002481"	双塔食品	2.26	15.84	0.35	15.83	15.84	42956	861	          0.57	          1.15	15.40	15.86	15.36	15.49	    45.92	67519992	  1.44	食品	山东	 3.23	15.72	20243	22713	  0.89	220	798	--  	      37455.17	
="000899"	赣能股份	2.24	5.94	0.13	5.93	5.94	254869	1584	          0.33	          4.59	5.80	6.07	5.75	5.81	    10.23	150595072	  2.67	火力发电	江西	 5.51	5.91	120675	134194	  0.90	2053	247	--  	      55518.16	
="002534"	杭锅股份	2.23	19.22	0.42	19.22	19.23	31361	450	          0.15	          0.80	18.92	19.25	18.67	18.80	    59.07	59803396	  0.91	专用机械	浙江	 3.09	19.07	14831	16530	  0.90	11	135	--  	      39168.26	
="000078"	海王生物	2.22	10.58	0.23	10.57	10.58	470713	4639	          0.00	          6.44	10.31	10.79	10.27	10.35	   107.28	499141600	  1.79	生物制药	深圳	 5.02	10.60	231153	239560	  0.96	361	1285	--  	      73076.79	
="002599"	盛通股份	2.21	17.58	0.38	17.56	17.58	18708	235	          0.74	          2.14	17.28	17.66	17.10	17.20	   131.44	32508604	  2.05	广告包装	北京	 3.26	17.38	9141	9567	  0.96	60	242	--  	       8756.25	
="002448"	中原内配	2.19	17.71	0.38	17.70	17.71	181001	3332	         -0.39	         10.09	17.26	17.98	17.08	17.33	    21.42	318703584	  1.43	运输设备	河南	 5.19	17.61	65557	115444	  0.57	286	762	--  	      17946.90	
="300195"	长荣股份	2.15	33.66	0.71	33.65	33.66	22943	368	          0.29	          3.56	32.95	33.66	32.75	32.95	    36.59	76228896	  1.68	轻工机械	天津	 2.76	33.22	8405	14538	  0.58	541	11	--  	       6444.72	
="000877"	天山股份	2.14	7.17	0.15	7.17	7.18	555720	7006	         -0.13	          6.31	7.04	7.36	7.02	7.02	    15.41	399930080	  3.21	水泥	新疆	 4.84	7.20	247771	307949	  0.80	5344	299	--  	      88001.99	
="002673"	西部证券	2.09	15.16	0.31	15.16	15.17	347176	3991	          0.13	          5.05	14.71	15.28	14.66	14.85	    32.42	522567712	  1.07	证券	陕西	 4.18	15.05	168144	179032	  0.94	1406	1505	--  	      68761.11	
="600798"	宁波海运	2.08	4.90	0.10	4.89	4.90	367839	1	          0.20	          4.22	4.83	5.04	4.73	4.80	--  	181106560	  2.76	水运	浙江	 6.46	4.92	180444	187395	  0.96	690	2538	--  	      87117.45	
="601100"	恒立油缸	2.08	11.79	0.24	11.78	11.79	51022	5	          0.08	          2.06	11.64	11.95	11.52	11.55	    74.14	60333696	  2.21	工程机械	江苏	 3.72	11.82	14606	36416	  0.40	87	758	--  	      24727.50	
="601518"	吉林高速	2.03	3.01	0.06	3.01	3.02	280981	182	          0.00	          2.32	2.95	3.06	2.93	2.95	    14.86	84486928	  2.80	路桥	吉林	 4.41	3.01	130960	150021	  0.87	676	3498	--  	     121320.00	
="002369"	卓翼科技	2.02	12.13	0.24	12.13	12.14	238187	2027	          0.16	          6.79	11.89	12.30	11.82	11.89	    77.47	288529184	  1.69	通信设备	深圳	 4.04	12.11	119555	118632	  1.01	1533	246	--  	      35093.60	
="600609"	金杯汽车	1.98	4.12	0.08	4.12	4.13	282680	10	          0.24	          2.59	4.05	4.19	4.01	4.04	--  	116452592	  1.75	汽车整车	辽宁	 4.46	4.12	130761	151919	  0.86	497	2404	--  	     109266.71	
="600567"	山鹰纸业	1.98	2.58	0.05	2.57	2.58	714906	202	          0.00	          4.51	2.51	2.63	2.50	2.53	    49.52	182654416	  2.11	造纸	安徽	 5.14	2.55	319842	395064	  0.81	8565	248	--  	     158601.70	
="000725"	京东方Ａ	1.96	2.60	0.05	2.59	2.60	3568853	44386	          0.38	          3.10	2.54	2.63	2.53	2.55	    44.04	920661440	  2.16	元器件	北京	 3.92	2.58	1526377	2042476	  0.75	37295	105317	--  	    1150574.38	
="600076"	青鸟华光	1.93	7.39	0.14	7.38	7.39	112964	41	         -0.40	          3.09	7.30	7.49	7.16	7.25	--  	82489168	  1.24	通信设备	山东	 4.55	7.30	52409	60555	  0.87	50	797	--  	      36553.60	
="600868"	梅雁吉祥	1.92	3.18	0.06	3.17	3.18	617601	281	          0.63	          3.25	3.12	3.23	3.09	3.12	   336.34	195240704	  1.51	水力发电	广东	 4.49	3.16	290250	327351	  0.89	1007	9402	--  	     189814.88	
="000089"	深圳机场	1.90	4.82	0.09	4.81	4.82	306918	3128	          0.41	          1.81	4.76	4.86	4.67	4.73	    32.37	146993616	  2.77	机场	深圳	 4.02	4.79	152812	154106	  0.99	163	2942	--  	     169169.27	
="000543"	皖能电力	1.89	8.09	0.15	8.08	8.09	297921	2595	          0.24	          2.91	7.92	8.20	7.87	7.94	     9.00	239882176	  2.08	火力发电	安徽	 4.16	8.05	167862	130059	  1.29	634	1335	--  	     102515.75	
="002524"	光正集团	1.87	7.10	0.13	7.09	7.10	178737	3301	          0.00	          3.64	6.97	7.12	6.93	6.97	--  	125619552	  1.95	钢加工	新疆	 2.73	7.03	87255	91482	  0.95	590	1992	--  	      49120.46	
="002231"	奥维通信	1.86	10.40	0.19	10.40	10.41	185782	3546	          0.38	          9.12	10.37	10.67	10.20	10.21	--  	193575712	  1.96	通信设备	辽宁	 4.60	10.42	85069	100713	  0.84	291	283	--  	      20369.00	
="300231"	银信科技	1.84	14.92	0.27	14.92	14.93	102820	536	          0.00	          6.61	14.65	15.14	14.52	14.65	    58.69	153167360	  1.82	软件服务	北京	 4.23	14.90	49555	53265	  0.93	133	235	--  	      15562.79	
="600337"	美克家居	1.83	8.91	0.16	8.90	8.91	76498	40	          0.33	          1.20	8.76	8.92	8.70	8.75	    30.74	67442792	  1.16	家居用品	新疆	 2.51	8.82	35909	40589	  0.88	148	112	--  	      63833.23	
="001896"	豫能控股	1.82	8.94	0.16	8.94	8.95	90044	625	         -0.11	          2.09	8.69	9.33	8.54	8.78	    13.75	80407992	  2.54	火力发电	河南	 9.00	8.93	44629	45415	  0.98	253	1210	--  	      42999.25	
="002082"	栋梁新材	1.80	10.74	0.19	10.74	10.75	144067	3054	          0.37	          7.74	10.50	10.87	10.41	10.55	    24.92	152811568	  1.78	铝	浙江	 4.36	10.61	77126	66941	  1.15	223	470	--  	      18605.09	
="002676"	顺威股份	1.76	16.78	0.29	16.78	16.79	20195	50	          0.00	          4.72	16.67	16.98	16.50	16.49	    40.58	33732208	  1.45	塑料	广东	 2.91	16.70	8834	11361	  0.78	70	133	--  	       4275.22	
="601607"	上海医药	1.73	14.69	0.25	14.68	14.69	291741	19	          0.20	          1.52	14.53	14.83	14.49	14.44	    14.98	428751744	  1.69	医药连锁	上海	 2.35	14.70	153735	138006	  1.11	644	42	--  	     192293.50	
="600083"	博信股份	1.73	10.60	0.18	10.61	10.62	42480	22	          0.85	          1.88	10.40	10.70	10.39	10.42	   602.09	44689416	  1.62	元器件	广东	 2.98	10.52	16754	25726	  0.65	35	1085	--  	      22598.08	
="600543"	莫高股份	1.71	9.50	0.16	9.48	9.50	89880	248	          0.10	          2.80	9.30	9.76	9.25	9.34	    94.82	85791472	  1.47	红黄药酒	甘肃	 5.46	9.55	49259	40621	  1.21	102	221	--  	      32112.00	
="600829"	三精制药	1.71	9.53	0.16	9.53	9.54	47260	3	          0.73	          0.81	9.40	9.54	9.38	9.37	    61.24	44777880	  0.99	化学制药	黑龙江	 1.71	9.47	26723	20537	  1.30	453	363	--  	      57988.85	
="600540"	新赛股份	1.68	8.47	0.14	8.48	8.49	101817	35	          0.35	          3.36	8.29	8.57	8.25	8.33	   164.26	85929816	  2.07	种植业	新疆	 3.84	8.44	47128	54689	  0.86	70	183	--  	      30270.84	
="002361"	神剑股份	1.60	8.88	0.14	8.87	8.88	58545	3034	          0.68	          3.31	8.85	8.88	8.67	8.74	    33.43	51309908	  1.25	化工原料	安徽	 2.40	8.76	28458	30087	  0.95	350	793	--  	      17698.19	
="600992"	贵绳股份	1.57	10.33	0.16	10.32	10.33	30121	29	          0.29	          1.83	10.15	10.72	10.15	10.17	   127.85	31515596	  1.61	钢加工	贵州	 5.60	10.46	14902	15219	  0.98	53	124	--  	      16437.00	
="000886"	海南高速	1.55	4.58	0.07	4.57	4.58	300120	2693	          0.21	          3.12	4.53	4.65	4.49	4.51	    50.03	136969552	  1.90	路桥	海南	 3.55	4.56	142701	157419	  0.91	1262	1436	--  	      96284.88	
="000623"	吉林敖东	1.51	21.50	0.32	21.50	21.51	239794	1583	          0.04	          3.04	21.15	21.78	21.03	21.18	    15.78	514452960	  1.07	中成药	吉林	 3.54	21.45	126769	113025	  1.12	2537	506	--  	      78904.07	
="600896"	中海海盛	1.50	4.73	0.07	4.72	4.73	210463	102	          0.21	          3.62	4.61	4.84	4.57	4.66	--  	98906032	  2.18	水运	海南	 5.79	4.70	97453	113010	  0.86	785	218	--  	      58131.57	
="000929"	兰州黄河	1.46	10.44	0.15	10.43	10.44	27560	1014	         -0.19	          1.49	10.30	10.47	10.24	10.29	    32.25	28534590	  1.03	啤酒	甘肃	 2.24	10.35	14407	13153	  1.10	212	2312	--  	      18558.80	
="000981"	银亿股份	1.42	11.43	0.16	11.43	11.44	42368	426	          0.26	          0.49	11.27	11.70	11.27	11.27	    20.94	48736736	  1.44	区域地产	甘肃	 3.82	11.50	21431	20937	  1.02	91	18	--  	      85810.52	
="002215"	诺 普 信	1.39	10.24	0.14	10.24	10.25	98239	466	          0.19	          1.90	10.13	10.40	10.10	10.10	    30.35	100846376	  1.24	农药化肥	深圳	 2.97	10.27	45540	52699	  0.86	199	121	--  	      51575.60	
="002550"	千红制药	1.37	26.60	0.36	26.59	26.60	64042	185	         -0.07	          3.12	26.30	26.80	26.30	26.24	    35.74	169966048	  1.37	生物制药	江苏	 1.91	26.54	31617	32425	  0.98	3	28	--  	      20513.41	
="002470"	金正大	1.35	27.00	0.36	26.96	27.00	62553	639	          0.44	          1.06	26.75	27.56	26.64	26.64	    17.39	169172864	  1.31	农药化肥	山东	 3.45	27.04	34536	28017	  1.23	10	737	--  	      59254.00	
="002399"	海普瑞	1.35	27.84	0.37	27.83	27.84	62713	514	          0.17	          0.78	27.41	28.27	27.41	27.47	   101.23	175066512	  1.33	化学制药	深圳	 3.13	27.92	27737	34976	  0.79	69	17	--  	      80020.00	
="300303"	聚飞光电	1.31	20.12	0.26	20.11	20.12	45854	363	         -0.04	          3.21	19.86	20.20	19.83	19.86	    32.53	91834328	  1.48	半导体	深圳	 1.86	20.03	18309	27545	  0.66	154	173	--  	      14272.04	
="600650"	锦江投资	1.31	12.40	0.16	12.39	12.40	217032	11	          0.16	          5.56	12.19	12.85	11.97	12.24	    30.46	268381456	  2.29	公共交通	上海	 7.19	12.37	97849	119183	  0.82	138	426	--  	      39056.01	
="600712"	南宁百货	1.30	5.45	0.07	5.43	5.44	122630	14	         -0.36	          2.28	5.36	5.53	5.34	5.38	   194.61	66675640	  1.01	百货	广西	 3.53	5.44	66225	56405	  1.17	298	59	--  	      53772.91	
="002035"	华帝股份	1.29	13.37	0.17	13.36	13.37	50814	703	          0.14	          1.71	13.22	13.45	13.10	13.20	    17.82	67504464	  0.72	家用电器	广东	 2.65	13.28	24259	26555	  0.91	5	327	--  	      29677.21	
="600719"	大连热电	1.27	8.78	0.11	8.77	8.78	43252	5	          0.11	          2.14	8.70	8.93	8.61	8.67	--  	37871864	  1.48	供气供热	辽宁	 3.69	8.76	20707	22545	  0.92	43	20	--  	      20229.98	
="000528"	柳    工	1.26	7.24	0.09	7.23	7.24	291668	5373	          0.27	          2.59	7.10	7.28	7.05	7.15	    25.42	209109936	  1.97	工程机械	广西	 3.22	7.17	134608	157060	  0.86	2978	1564	--  	     112508.84	
="600035"	楚天高速	1.25	3.24	0.04	3.23	3.24	379206	194	          0.00	          3.13	3.20	3.32	3.17	3.20	    15.16	123055952	  2.33	路桥	湖北	 4.69	3.25	179129	200077	  0.90	2042	695	--  	     121114.82	
="300118"	东方日升	1.23	10.69	0.13	10.69	10.70	200492	3685	          0.56	          5.28	10.59	10.76	10.45	10.56	   157.78	213100336	  1.21	半导体	浙江	 2.94	10.63	99996	100496	  1.00	2049	2596	--  	      37982.94	
="002444"	巨星科技	1.21	13.36	0.16	13.36	13.37	73649	974	          0.00	          0.84	13.30	13.46	13.23	13.20	    30.90	98441336	  1.15	轻工机械	浙江	 1.74	13.37	36461	37188	  0.98	173	244	--  	      87460.32	
="600466"	迪康药业	1.20	6.75	0.08	6.74	6.75	170182	160	          0.29	          3.88	6.67	6.89	6.61	6.67	   155.91	114999168	  1.42	中成药	四川	 4.20	6.76	85057	85125	  1.00	94	432	--  	      43900.58	
="600505"	西昌电力	1.19	11.09	0.13	11.09	11.10	36853	29	          0.27	          1.01	10.99	11.14	10.91	10.96	    60.58	40700288	  1.57	水力发电	四川	 2.10	11.04	17921	18932	  0.95	170	1252	--  	      36456.75	
="000989"	九 芝 堂	1.17	15.50	0.18	15.50	15.51	94256	646	          0.00	          3.17	15.33	15.53	15.20	15.32	    29.69	145074912	  1.16	中成药	湖南	 2.15	15.39	47163	47093	  1.00	286	508	--  	      29760.52	
="600012"	皖通高速	1.17	5.20	0.06	5.19	5.20	155258	250	          0.19	          1.33	5.15	5.40	5.11	5.14	     9.84	81293064	  2.14	路桥	安徽	 5.64	5.24	71095	84163	  0.84	334	589	--  	     116560.00	
="600810"	神马股份	1.15	7.89	0.09	7.89	7.90	85032	140	          0.63	          1.92	7.85	8.03	7.76	7.80	    33.45	66937384	  1.45	化纤	河南	 3.46	7.87	47195	37837	  1.25	2229	803	--  	      44228.00	
="002144"	宏达高科	1.15	22.04	0.25	22.03	22.04	58829	2108	          0.13	          4.30	21.79	22.10	21.53	21.79	    30.73	128404408	  1.03	纺织	浙江	 2.62	21.83	28446	30383	  0.94	765	106	--  	      13679.36	
="600812"	华北制药	1.15	7.06	0.08	7.06	7.07	148326	10	          0.28	          1.44	6.98	7.18	6.93	6.98	   383.63	104819448	  0.93	化学制药	河北	 3.58	7.07	79002	69324	  1.14	1330	1088	--  	     102857.75	
="600713"	南京医药	1.14	8.00	0.09	8.00	8.01	209377	115	          0.25	          3.02	7.94	8.11	7.86	7.91	   107.56	167037408	  1.88	医药连锁	江苏	 3.16	7.98	100372	109005	  0.92	435	851	--  	      69358.07	
="000610"	西安旅游	1.14	8.90	0.10	8.90	8.94	57448	478	          0.00	          2.95	8.87	9.08	8.85	8.80	--  	51549656	  1.75	旅游服务	陕西	 2.61	8.97	27223	30225	  0.90	601	37	--  	      19502.47	
="002031"	巨轮股份	1.13	12.55	0.14	12.54	12.55	123293	832	          0.15	          3.01	12.31	12.72	12.26	12.41	    35.83	154489600	  0.83	汽车配件	广东	 3.71	12.53	54205	69088	  0.78	451	2	--  	      40972.19	
="600512"	腾达建设	1.12	3.62	0.04	3.61	3.62	172976	43	          0.27	          2.35	3.59	3.67	3.56	3.58	    63.03	62569548	  1.56	建筑施工	浙江	 3.07	3.62	83393	89583	  0.93	2626	1042	--  	      73694.06	
="601588"	北辰实业	1.08	3.76	0.04	3.75	3.76	764770	470	          0.00	          2.88	3.75	3.87	3.66	3.72	    29.58	287808416	  1.67	区域地产	北京	 5.65	3.76	400198	364572	  1.10	2355	815	--  	     266000.00	
="000667"	美好集团	1.06	2.85	0.03	2.84	2.85	919751	10134	          0.00	          3.59	2.84	2.93	2.79	2.82	   194.57	262846240	  1.19	全国地产	云南	 4.96	2.86	435356	484395	  0.90	14639	16350	--  	     255959.23	
="002161"	远 望 谷	1.04	8.72	0.09	8.72	8.73	389153	3590	          0.11	          5.60	8.69	8.97	8.62	8.63	--  	342147968	  1.82	通信设备	深圳	 4.06	8.79	195751	193402	  1.01	1347	2014	--  	      69472.39	
="600479"	千金药业	1.02	16.78	0.17	16.78	16.79	61864	24	          0.11	          2.03	16.52	16.87	16.45	16.61	    60.18	103648488	  1.55	中成药	湖南	 2.53	16.75	28658	33206	  0.86	8	72	--  	      30481.91	
="600665"	天地源	1.00	4.05	0.04	4.04	4.06	104660	310	          0.24	          1.21	4.00	4.06	3.97	4.01	    23.49	42126680	  1.56	全国地产	上海	 2.24	4.03	54077	50583	  1.07	1094	2094	--  	      86412.25	
="002293"	罗莱家纺	1.00	24.32	0.24	24.32	24.33	36262	331	         -0.12	          1.29	23.95	24.40	23.95	24.08	    18.51	87684088	  1.66	服饰	江苏	 1.87	24.18	19781	16481	  1.20	47	145	--  	      28072.61	
="600853"	龙建股份	0.99	4.09	0.04	4.08	4.09	108981	105	          0.24	          2.03	4.09	4.14	4.03	4.05	   121.94	44465144	  1.20	建筑施工	黑龙江	 2.72	4.08	56698	52283	  1.08	2621	920	--  	      53680.76	
="002168"	深圳惠程	0.98	10.28	0.10	10.28	10.29	339313	3232	          0.29	          5.97	10.18	10.45	10.02	10.18	--  	346297376	  1.10	电气设备	深圳	 4.22	10.21	181763	157550	  1.15	261	1031	--  	      56803.58	
="600463"	空港股份	0.97	10.37	0.10	10.37	10.38	50896	14	          0.19	          2.02	10.21	10.45	10.11	10.27	    45.00	52661700	  1.17	园区开发	北京	 3.31	10.35	25783	25113	  1.03	95	281	--  	      25200.00	
="002061"	江山化工	0.97	5.22	0.05	5.22	5.23	134330	1222	         -0.38	          3.29	5.15	5.27	5.10	5.17	--  	69549800	  1.55	化工原料	浙江	 3.29	5.18	67718	66612	  1.02	841	560	--  	      40887.76	
="000786"	北新建材	0.95	19.06	0.18	19.06	19.07	90800	185	         -0.05	          1.58	18.87	19.42	18.85	18.88	    14.18	174481904	  2.44	其他建材	北京	 3.02	19.22	37633	53167	  0.71	394	234	--  	      57509.30	
="300142"	沃森生物	0.92	43.80	0.40	43.80	43.90	15059	309	          0.00	          0.91	43.40	44.81	43.16	43.40	--  	66400460	  1.36	生物制药	云南	 3.80	44.09	6706	8353	  0.80	267	16	--  	      16605.85	
="002692"	远程电缆	0.89	10.18	0.09	10.17	10.18	67662	895	          0.09	          6.27	10.25	10.25	9.96	10.09	    32.55	68409200	  1.29	电气设备	江苏	 2.87	10.11	33693	33969	  0.99	272	1140	--  	      10792.58	
="601113"	华鼎股份	0.89	5.67	0.05	5.67	5.68	100206	84	          0.00	          1.57	5.65	5.82	5.63	5.62	  1453.85	57215964	  1.39	化纤	浙江	 3.38	5.71	56068	44138	  1.27	8	40	--  	      64000.00	
="600806"	昆明机床	0.87	5.82	0.05	5.80	5.83	69342	259	          0.86	          1.78	5.77	5.84	5.73	5.77	--  	40146388	  0.76	机床制造	云南	 1.91	5.79	34887	34455	  1.01	99	1489	--  	      39018.62	
="002700"	新疆浩源	0.85	23.65	0.20	23.63	23.65	107786	369	         -0.16	         11.27	23.22	24.15	23.22	23.45	    53.19	255068304	  3.54	供气供热	新疆	 3.97	23.66	59788	47998	  1.25	39	144	--  	       9564.16	
="600306"	*ST商城	0.81	11.19	0.09	11.17	11.18	15136	50	         -0.26	          0.85	11.13	11.28	11.10	11.10	--  	16938832	  0.77	百货	辽宁	 1.62	11.19	6528	8608	  0.76	300	30	--  	      17727.78	
="000650"	仁和药业	0.81	7.51	0.06	7.51	7.52	203700	1472	         -0.13	          2.06	7.50	7.68	7.42	7.45	    27.87	153849632	  1.25	中成药	江西	 3.49	7.55	96321	107379	  0.90	567	481	--  	      99040.99	
="600138"	中青旅	0.78	16.75	0.13	16.74	16.75	252750	54	         -0.05	          4.06	16.86	17.17	16.65	16.62	    31.59	427718304	  1.83	旅游服务	北京	 3.13	16.92	127934	124816	  1.02	322	122	--  	      62302.50	
="600215"	长春经开	0.75	5.34	0.04	5.34	5.35	83345	10	          0.00	          1.79	5.30	5.48	5.25	5.30	--  	44833384	  1.93	园区开发	吉林	 4.34	5.38	41514	41831	  0.99	341	551	--  	      46503.28	
="600116"	三峡水利	0.75	12.07	0.09	12.07	12.08	86556	20	         -0.08	          3.24	12.03	12.24	11.90	11.98	    23.81	104439160	  1.87	水力发电	重庆	 2.84	12.07	35578	50978	  0.70	74	91	--  	      26753.32	
="300180"	华峰超纤	0.73	21.94	0.16	21.93	21.94	20337	140	          0.09	          1.76	21.78	22.35	21.64	21.78	    31.53	44952400	  0.92	化纤	上海	 3.26	22.10	7719	12618	  0.61	159	10	--  	      11531.30	
="300308"	中际装备	0.73	9.69	0.07	9.69	9.70	40656	524	          0.10	          3.61	9.59	9.74	9.54	9.62	   457.60	39312152	  1.27	工程机械	山东	 2.08	9.67	22545	18111	  1.24	303	599	--  	      11263.04	
="600491"	龙元建设	0.72	4.19	0.03	4.19	4.20	141408	94	          0.23	          1.49	4.18	4.22	4.14	4.16	    23.08	59261396	  1.45	建筑施工	浙江	 1.92	4.19	68332	73076	  0.94	538	603	--  	      94760.00	
="002003"	伟星股份	0.72	9.80	0.07	9.80	9.82	64051	1712	         -0.40	          2.18	9.73	9.88	9.64	9.73	    12.92	62446916	  1.71	服饰	浙江	 2.47	9.75	32449	31602	  1.03	1120	25	--  	      29320.38	
="000785"	武汉中商	0.71	8.52	0.06	8.52	8.53	36316	141	         -0.11	          1.45	8.47	8.62	8.46	8.46	    36.12	31012030	  0.85	百货	湖北	 1.89	8.54	17354	18962	  0.92	1071	172	--  	      25109.36	
="000928"	中钢国际	0.70	11.46	0.08	11.45	11.46	41514	1086	          0.08	          1.47	11.35	11.60	11.30	11.38	--  	47538020	  1.05	建筑施工	吉林	 2.64	11.45	21951	19563	  1.12	821	324	--  	      28289.90	
="600643"	爱建股份	0.70	11.58	0.08	11.58	11.59	434814	3	          0.43	          5.32	11.45	11.85	11.40	11.50	    27.56	506056288	  2.34	多元金融	上海	 3.91	11.64	215765	219049	  0.99	163	837	--  	      81798.34	
="002661"	克明面业	0.68	43.11	0.29	43.11	43.12	13161	278	          0.13	          6.16	42.67	43.18	42.30	42.82	    43.38	56297532	  0.65	食品	湖南	 2.06	42.78	7366	5795	  1.27	78	10	--  	       2135.75	
="002054"	德美化工	0.67	9.02	0.06	9.01	9.02	43363	150	          0.11	          1.80	9.01	9.06	8.91	8.96	    31.16	38981788	  1.16	化工原料	广东	 1.67	8.99	21334	22029	  0.97	180	482	--  	      24029.83	
="000685"	中山公用	0.65	14.04	0.09	14.04	14.05	179462	2163	         -0.07	          2.74	13.92	14.14	13.79	13.95	    16.34	250829552	  1.01	水务	广东	 2.51	13.98	98693	80769	  1.22	466	1092	--  	      65505.55	
="000931"	中 关 村	0.61	6.55	0.04	6.54	6.55	150952	3043	          0.30	          2.98	6.50	6.67	6.47	6.51	--  	99142784	  1.74	区域地产	北京	 3.07	6.57	78974	71978	  1.10	36	1493	--  	      50651.39	
="600811"	东方集团	0.58	6.90	0.04	6.89	6.90	270816	1	          0.14	          1.62	6.84	6.92	6.83	6.86	    12.04	186482912	  1.10	综合类	黑龙江	 1.31	6.89	137912	132904	  1.04	1060	223	--  	     166680.53	
="000545"	金浦钛业	0.56	14.27	0.08	14.27	14.28	100294	414	          0.00	          6.41	14.20	14.66	13.93	14.19	   102.48	144127440	  1.14	化工原料	吉林	 5.14	14.37	44197	56097	  0.79	1	126	--  	      15637.36	
="002690"	美亚光电	0.55	47.11	0.26	47.10	47.11	11450	317	          0.02	          1.03	46.85	47.17	46.70	46.85	    61.72	53782520	  0.80	专用机械	安徽	 1.00	46.97	5143	6307	  0.82	3	109	--  	      11095.95	
="600329"	中新药业	0.52	15.43	0.08	15.42	15.43	50541	200	          0.19	          0.95	15.46	15.57	15.32	15.35	    28.76	77939504	  1.18	中成药	天津	 1.63	15.42	27838	22703	  1.23	5	20	--  	      53343.37	
="002205"	国统股份	0.52	17.50	0.09	17.48	17.50	29711	454	          0.45	          2.56	17.39	17.59	17.37	17.41	    39.67	51957756	  1.04	其他建材	新疆	 1.26	17.49	14447	15264	  0.95	12	210	--  	      11615.20	
="600657"	信达地产	0.49	4.13	0.02	4.13	4.14	166216	108	          0.00	          1.09	4.14	4.17	4.08	4.11	    13.72	68551608	  1.32	全国地产	北京	 2.19	4.12	90091	76125	  1.18	553	156	--  	     152426.05	
="300225"	金力泰	0.49	10.35	0.05	10.34	10.35	52173	347	          0.19	          2.91	10.30	10.50	10.25	10.30	    31.74	54174376	  1.38	染料涂料	上海	 2.43	10.38	28686	23487	  1.22	157	111	--  	      17954.08	
="002026"	山东威达	0.47	10.65	0.05	10.64	10.65	55089	326	          0.09	          2.41	10.60	10.73	10.56	10.60	    34.01	58547124	  1.33	机械基件	山东	 1.60	10.63	25800	29289	  0.88	326	576	--  	      22815.00	
="600302"	标准股份	0.46	6.51	0.03	6.51	6.52	48936	19	          0.15	          1.41	6.48	6.60	6.38	6.48	--  	31743504	  0.96	纺织机械	陕西	 3.40	6.49	26049	22887	  1.14	45	280	--  	      34600.98	
="600320"	振华重工	0.46	4.41	0.02	4.41	4.42	270158	11	          0.22	          0.98	4.36	4.49	4.35	4.39	   167.46	119445424	  1.38	工程机械	上海	 3.19	4.42	132026	138132	  0.96	184	2253	--  	     276833.13	
="600293"	三峡新材	0.42	7.20	0.03	7.20	7.21	73636	500	          0.27	          2.14	7.18	7.23	7.10	7.17	   220.49	52821116	  1.18	玻璃	湖北	 1.81	7.17	39137	34499	  1.13	90	200	--  	      34450.26	
="002393"	力生制药	0.41	34.38	0.14	34.37	34.38	18279	61	          0.00	          1.01	34.09	34.48	34.06	34.24	    43.60	62757368	  1.25	化学制药	天津	 1.23	34.33	8761	9518	  0.92	8	135	--  	      18165.82	
="300196"	长海股份	0.39	20.58	0.08	20.58	20.59	23162	190	          0.00	          2.12	20.45	20.75	20.27	20.50	    27.77	47480704	  0.68	玻璃	江苏	 2.34	20.50	11709	11453	  1.02	3	5	--  	      10918.94	
="600356"	恒丰纸业	0.38	8.00	0.03	7.99	8.00	24907	26	          0.00	          0.99	8.05	8.08	7.93	7.97	    38.66	19943108	  0.89	造纸	黑龙江	 1.88	8.01	13455	11452	  1.17	110	220	--  	      25233.92	
="300203"	聚光科技	0.37	21.78	0.08	21.78	21.79	56998	822	          0.13	          1.28	21.74	22.16	21.54	21.70	    66.10	124469688	  0.60	电器仪表	浙江	 2.86	21.84	28192	28806	  0.98	60	5	--  	      44500.00	
="002339"	积成电子	0.37	10.90	0.04	10.89	10.90	101201	1437	          0.55	          3.56	10.86	10.98	10.78	10.86	    49.16	110092928	  1.18	软件服务	山东	 1.84	10.88	57979	43222	  1.34	211	385	--  	      28414.25	
="002220"	天宝股份	0.37	8.23	0.03	8.23	8.24	55249	565	          0.00	          1.42	8.20	8.31	8.13	8.20	    22.21	45458108	  1.09	食品	辽宁	 2.20	8.23	29591	25658	  1.15	670	477	--  	      38948.12	
="601003"	柳钢股份	0.33	3.06	0.01	3.05	3.07	174891	1103	          0.65	          0.68	3.05	3.12	2.97	3.05	    19.61	53542888	  2.61	普钢	广西	 4.92	3.06	93975	80916	  1.16	77	20	--  	     256279.31	
="002637"	赞宇科技	0.32	18.56	0.06	18.55	18.56	31250	241	          0.32	          3.24	18.45	18.80	18.30	18.50	    58.20	57914060	  1.23	日用化工	浙江	 2.70	18.53	17760	13490	  1.32	14	55	--  	       9650.91	
="600276"	恒瑞医药	0.30	39.57	0.12	39.57	39.58	67880	6	          0.02	          0.45	39.37	40.13	39.28	39.45	    39.96	269752992	  1.44	化学制药	江苏	 2.15	39.74	33287	34593	  0.96	95	1	--  	     149624.31	
="002281"	光迅科技	0.28	39.50	0.11	39.50	39.53	22087	241	          0.05	          1.36	39.55	40.08	39.35	39.39	    46.27	87566952	  0.88	通信设备	湖北	 1.85	39.65	10628	11459	  0.93	78	4	--  	      16283.01	
="002086"	东方海洋	0.27	11.06	0.03	11.06	11.07	119698	1633	         -0.36	          5.03	10.99	11.43	10.89	11.03	    39.14	134218224	  1.92	渔业	山东	 4.90	11.21	61632	58066	  1.06	490	34	--  	      23780.85	
="600179"	黑化股份	0.27	7.39	0.02	7.38	7.39	116648	8	          0.00	          2.99	7.40	7.50	7.24	7.37	--  	86039544	  0.93	焦炭加工	黑龙江	 3.53	7.38	58428	58220	  1.00	35	6	--  	      39000.00	
="000836"	鑫茂科技	0.27	7.50	0.02	7.48	7.50	84040	1372	          0.80	          2.87	7.40	7.54	7.40	7.48	--  	62871524	  1.09	软件服务	天津	 1.87	7.48	44016	40024	  1.10	695	529	--  	      29248.98	
="300022"	吉峰农机	0.25	8.03	0.02	8.02	8.03	130283	214	          0.24	          4.13	8.03	8.17	7.94	8.01	--  	104778112	  1.34	其他连锁	四川	 2.87	8.04	66025	64258	  1.03	137	686	--  	      31565.72	
="600985"	雷鸣科化	0.25	16.35	0.04	16.33	16.35	33632	19	         -0.24	          2.60	17.09	17.09	16.07	16.31	    23.32	55033684	  2.03	化工原料	安徽	 6.25	16.36	19100	14532	  1.31	12	27	--  	      12960.00	
="000731"	四川美丰	0.24	8.53	0.02	8.53	8.54	208047	2854	          0.00	          3.52	8.46	8.67	8.38	8.51	--  	178308112	  1.51	农药化肥	四川	 3.41	8.57	94011	114036	  0.82	638	418	--  	      59134.76	
="002496"	辉丰股份	0.22	18.01	0.04	18.00	18.01	79018	600	         -0.22	          4.28	18.00	18.66	17.78	17.97	    27.50	143767264	  1.65	农药化肥	江苏	 4.90	18.19	41339	37679	  1.10	126	24	--  	      18456.77	
="600439"	瑞贝卡	0.22	4.55	0.01	4.55	4.56	153004	10	          0.00	          1.62	4.54	4.57	4.51	4.54	    24.77	69504560	  1.24	服饰	河南	 1.32	4.54	84279	68725	  1.23	839	1988	--  	      94332.11	
="002333"	罗普斯金	0.21	14.25	0.03	14.24	14.25	45093	134	          0.07	          1.86	14.45	14.60	14.08	14.22	    58.57	64847664	  1.42	铝	江苏	 3.66	14.38	23481	21612	  1.09	435	112	--  	      24248.49	
="002042"	华孚色纺	0.20	4.91	0.01	4.91	4.92	78049	1550	          0.00	          0.94	4.91	4.97	4.88	4.90	    14.45	38410732	  1.00	纺织	安徽	 1.84	4.92	43011	35038	  1.23	1259	936	--  	      82998.72	
="600593"	大连圣亚	0.20	20.28	0.04	20.14	20.30	23818	300	          0.64	          2.59	20.19	20.48	19.93	20.24	    23.41	48084052	  1.32	旅游景点	辽宁	 2.72	20.19	9134	14684	  0.62	21	205	--  	       9200.00	
="600481"	双良节能	0.18	10.85	0.02	10.84	10.85	149890	2	          0.18	          1.85	10.88	11.00	10.80	10.83	    27.62	163191504	  1.32	化工原料	江苏	 1.85	10.89	83164	66726	  1.25	302	482	--  	      81010.45	
="002536"	西泵股份	0.18	28.00	0.05	28.00	28.01	23289	149	          0.53	          5.25	28.10	28.50	27.65	27.95	    58.41	65545520	  1.09	汽车配件	河南	 3.04	28.14	13204	10085	  1.31	201	6	--  	       4438.20	
="002406"	远东传动	0.17	11.94	0.02	11.94	11.95	63173	405	          0.16	          3.58	11.90	12.12	11.83	11.92	    24.77	75569624	  1.38	汽车配件	河南	 2.43	11.96	32956	30217	  1.09	408	337	--  	      17661.66	
="600336"	澳柯玛	0.16	6.15	0.01	6.14	6.15	160637	9	          0.16	          2.36	6.11	6.20	6.06	6.14	    27.59	98682656	  1.00	家用电器	山东	 2.28	6.14	80510	80127	  1.00	1207	3505	--  	      68007.20	
="000828"	东莞控股	0.16	6.25	0.01	6.25	6.26	157083	816	          0.00	          1.51	6.22	6.36	6.18	6.24	    11.44	98703288	  2.05	路桥	广东	 2.88	6.28	75596	81487	  0.93	347	647	--  	     103951.70	
="601369"	陕鼓动力	0.15	6.80	0.01	6.79	6.80	114022	10	          0.29	          0.70	6.79	6.90	6.74	6.79	    29.62	77555800	  1.20	机械基件	陕西	 2.36	6.80	65733	48289	  1.36	508	623	--  	     163877.02	
="600738"	兰州民百	0.14	6.95	0.01	6.96	6.97	52817	10	          0.28	          2.02	6.94	7.00	6.88	6.94	    21.76	36729612	  0.91	百货	甘肃	 1.73	6.95	28310	24507	  1.16	320	835	--  	      26210.72	
="002020"	京新药业	0.14	20.95	0.03	20.95	20.96	25649	102	          0.09	          1.32	20.80	21.38	20.80	20.92	    48.38	54096504	  1.35	化学制药	浙江	 2.77	21.09	13976	11673	  1.20	155	6	--  	      19382.21	
="000088"	盐 田 港	0.13	7.44	0.01	7.43	7.44	1075246	6029	          0.13	          5.54	7.30	7.72	7.21	7.43	    31.41	803190208	  1.48	港口	深圳	 6.86	7.47	555905	519341	  1.07	1568	2703	--  	     194212.78	
="002691"	石中装备	0.13	15.04	0.02	15.04	15.05	35997	576	          0.06	          5.46	15.05	15.29	14.90	15.02	    86.97	54344032	  0.94	专用机械	河北	 2.60	15.10	19603	16394	  1.20	547	314	--  	       6596.93	
="600354"	敦煌种业	0.13	7.73	0.01	7.73	7.74	151191	71	          0.12	          3.38	7.71	7.84	7.66	7.72	--  	117550472	  1.68	种植业	甘肃	 2.33	7.77	84719	66472	  1.27	501	888	--  	      44780.21	
="600622"	嘉宝集团	0.13	7.77	0.01	7.76	7.77	129114	102	          0.25	          2.51	7.73	7.80	7.67	7.76	     7.23	99994992	  1.31	综合类	上海	 1.68	7.74	68615	60499	  1.13	442	3	--  	      51430.37	
="600800"	天津磁卡	0.13	7.89	0.01	7.89	7.90	437756	119	          0.12	          7.17	7.75	8.08	7.62	7.88	--  	342977824	  1.49	综合类	天津	 5.84	7.83	227246	210510	  1.08	293	770	--  	      61031.10	
="000593"	大通燃气	0.12	8.46	0.01	8.45	8.46	44910	1297	          0.23	          2.01	8.40	8.48	8.36	8.45	   228.44	37865644	  1.09	供气供热	四川	 1.42	8.43	24858	20052	  1.24	1004	142	--  	      22317.48	
="002381"	双箭股份	0.07	13.86	0.01	13.86	13.87	65482	832	          0.14	          4.53	13.80	14.09	13.70	13.85	    25.42	90957904	  1.74	橡胶	浙江	 2.82	13.89	32222	33260	  0.97	47	141	--  	      14441.16	
="000605"	渤海股份	0.06	17.64	0.01	17.63	17.64	17308	423	          0.45	          1.96	17.61	17.81	17.41	17.63	   161.63	30431758	  0.99	水务	北京	 2.27	17.58	10348	6960	  1.49	40	49	--  	       8842.98	
="002620"	瑞和股份	0.06	18.12	0.01	18.06	18.12	16940	272	          0.27	          1.86	18.11	18.27	17.99	18.11	    36.22	30715402	  1.09	装修装饰	深圳	 1.55	18.13	8896	8044	  1.11	14	44	--  	       9100.98	
="002275"	桂林三金	0.05	19.71	0.01	19.70	19.71	27281	41	          0.50	          0.52	19.71	20.05	19.50	19.70	    26.73	53965956	  1.26	中成药	广西	 2.79	19.78	16777	10504	  1.60	173	12	--  	      52434.82	
="600993"	马应龙	0.05	21.62	0.01	21.60	21.64	76633	20	         -0.13	          2.32	21.55	22.33	21.54	21.61	    29.88	168400880	  1.22	中成药	湖北	 3.66	21.97	42377	34256	  1.24	133	84	--  	      33087.71	
="601928"	凤凰传媒	0.00	10.71	0.00	--  	--  	0	0	          0.00	          0.00	--  	--  	--  	10.71	    23.65	0	  0.00	出版业	江苏	 0.00	10.71	0	0	--  	0	0	--  	      65788.35	
="601558"	*ST锐电	0.00	4.05	0.00	4.05	4.06	77282	20	          0.00	          1.84	4.05	4.09	4.02	4.05	--  	31320604	  0.96	电气设备	北京	 1.73	4.05	35874	41408	  0.87	28	1538	--  	      42040.00	
="600986"	科达股份	0.00	7.05	0.00	--  	--  	0	0	          0.00	          0.00	--  	--  	--  	7.05	    95.92	0	  0.00	建筑施工	山东	 0.00	7.05	0	0	--  	0	0	--  	      33526.96	
="600981"	汇鸿股份	0.00	4.21	0.00	--  	--  	0	0	          0.00	          0.00	--  	--  	--  	4.21	    92.48	0	  0.00	商贸代理	江苏	 0.00	4.21	0	0	--  	0	0	--  	      51610.64	
="600876"	洛阳玻璃	0.00	7.24	0.00	--  	--  	0	0	          0.00	          0.00	--  	--  	--  	7.24	   374.48	0	  0.00	玻璃	河南	 0.00	7.24	0	0	--  	0	0	--  	      25001.82	
="600865"	百大集团	0.00	8.42	0.00	8.41	8.42	37665	10	          0.35	          1.00	8.42	8.46	8.35	8.42	    17.11	31631868	  0.90	百货	浙江	 1.31	8.40	20136	17529	  1.15	30	87	--  	      37624.03	
="600847"	万里股份	0.00	18.19	0.00	--  	--  	0	0	          0.00	          0.00	--  	--  	--  	18.19	   644.02	0	  0.00	电气设备	重庆	 0.00	18.19	0	0	--  	0	0	--  	      13316.49	
="600749"	西藏旅游	0.00	12.18	0.00	--  	--  	0	0	          0.00	          0.00	--  	--  	--  	12.18	--  	0	  0.00	旅游景点	西藏	 0.00	12.18	0	0	--  	0	0	--  	      18913.78	
="600693"	东百集团	0.00	8.47	0.00	8.46	8.47	29542	15	          0.23	          0.86	8.45	8.49	8.39	8.47	     8.55	24922918	  0.76	百货	福建	 1.18	8.44	17521	12021	  1.46	170	571	--  	      34216.55	
="600575"	皖江物流	0.00	4.11	0.00	--  	--  	0	0	          0.00	          0.00	--  	--  	--  	4.11	    69.90	0	  0.00	港口	安徽	 0.00	4.11	0	0	--  	0	0	--  	     142320.00	
="600569"	安阳钢铁	0.00	2.32	0.00	--  	--  	0	0	          0.00	          0.00	--  	--  	--  	2.32	    78.40	0	  0.00	普钢	河南	 0.00	2.32	0	0	--  	0	0	--  	     239368.45	
="600517"	置信电气	0.00	12.45	0.00	--  	--  	0	0	          0.00	          0.00	--  	--  	--  	12.45	    84.39	0	  0.00	电气设备	上海	 0.00	12.45	0	0	--  	0	0	--  	     111366.89	
="600497"	驰宏锌锗	0.00	10.39	0.00	--  	--  	0	0	          0.00	          0.00	--  	--  	--  	10.39	    84.98	0	  0.00	铅锌	云南	 0.00	10.39	0	0	--  	0	0	--  	     166756.09	
="600415"	小商品城	0.00	6.80	0.00	6.79	6.80	133726	65	          0.29	          0.49	6.80	6.88	6.76	6.80	    43.24	91048176	  1.11	商品城	浙江	 1.76	6.81	78202	55524	  1.41	775	1128	--  	     272160.72	
="600400"	红豆股份	0.00	5.69	0.00	--  	--  	0	0	          0.00	          0.00	--  	--  	--  	5.69	   103.21	0	  0.00	服饰	江苏	 0.00	5.69	0	0	--  	0	0	--  	      56039.96	
="600369"	西南证券	0.00	10.54	0.00	--  	--  	0	0	          0.00	          0.00	--  	--  	--  	10.54	    25.05	0	  0.00	证券	重庆	 0.00	10.54	0	0	--  	0	0	--  	     232255.45	
="600365"	通葡股份	0.00	11.38	0.00	--  	--  	0	0	          0.00	          0.00	--  	--  	--  	11.38	  5686.21	0	  0.00	红黄药酒	吉林	 0.00	11.38	0	0	--  	0	0	--  	      14000.00	
="600318"	巢东股份	0.00	11.20	0.00	--  	--  	0	0	          0.00	          0.00	--  	--  	--  	11.20	    17.93	0	  0.00	水泥	安徽	 0.00	11.20	0	0	--  	0	0	--  	      24200.00	
="600241"	时代万恒	0.00	8.28	0.00	--  	--  	0	0	          0.00	          0.00	--  	--  	--  	8.28	--  	0	  0.00	商贸代理	辽宁	 0.00	8.28	0	0	--  	0	0	--  	      18020.00	
="600209"	罗顿发展	0.00	10.60	0.00	10.60	10.61	275857	104	         -0.09	          7.35	10.57	10.95	10.51	10.60	   709.53	295615264	  1.61	综合类	海南	 4.15	10.72	144283	131574	  1.10	221	352	--  	      37529.76	
="600162"	香江控股	0.00	6.07	0.00	--  	--  	0	0	          0.00	          0.00	--  	--  	--  	6.07	    16.68	0	  0.00	全国地产	深圳	 0.00	6.07	0	0	--  	0	0	--  	      76781.27	
="600120"	浙江东方	0.00	15.60	0.00	15.59	15.61	245597	65	          0.25	          4.86	15.79	16.15	15.55	15.60	    13.49	388547904	  1.02	商贸代理	浙江	 3.85	15.82	141689	103908	  1.36	159	81	--  	      50547.33	
="600105"	永鼎股份	0.00	9.86	0.00	--  	--  	0	0	          0.00	          0.00	--  	--  	--  	9.86	    17.13	0	  0.00	通信设备	江苏	 0.00	9.86	0	0	--  	0	0	--  	      38095.46	
="600103"	青山纸业	0.00	3.66	0.00	--  	--  	0	0	          0.00	          0.00	--  	--  	--  	3.66	   601.14	0	  0.00	造纸	福建	 0.00	3.66	0	0	--  	0	0	--  	     106184.15	
="600091"	ST明科	0.00	7.02	0.00	--  	--  	0	0	          0.00	          0.00	--  	--  	--  	7.02	--  	0	  0.00	化工原料	内蒙	 0.00	7.02	0	0	--  	0	0	--  	      33652.60	
="600090"	啤酒花	0.00	8.13	0.00	--  	--  	0	0	          0.00	          0.00	--  	--  	--  	8.13	    36.46	0	  0.00	啤酒	新疆	 0.00	8.13	0	0	--  	0	0	--  	      36791.66	
="300332"	天壕节能	--  	0.00	--  	--  	--  	0	0	--  	          0.00	--  	--  	--  	14.06	    40.57	0	  0.00	环境保护	北京	 0.00	14.06	0	0	--  	0	0	--  	      22666.75	
="300230"	永利带业	--  	0.00	--  	--  	--  	0	0	--  	          0.00	--  	--  	--  	9.63	    29.42	0	  0.00	塑料	上海	 0.00	9.63	0	0	--  	0	0	--  	      10127.07	
="300194"	福安药业	--  	0.00	--  	--  	--  	0	0	--  	          0.00	--  	--  	--  	21.58	   106.56	0	  0.00	化学制药	重庆	 0.00	21.58	0	0	--  	0	0	--  	      12880.26	
="300189"	神农大丰	--  	0.00	--  	--  	--  	0	0	--  	          0.00	--  	--  	--  	7.86	--  	0	  0.00	种植业	海南	 0.00	7.86	0	0	--  	0	0	--  	      33498.87	
="300177"	中海达	0.00	17.76	0.00	17.76	17.77	76112	524	          0.05	          3.23	17.69	17.95	17.58	17.76	    80.90	135353584	  1.06	通信设备	广东	 2.08	17.78	37840	38272	  0.99	190	110	--  	      23558.48	
="300072"	三聚环保	--  	0.00	--  	--  	--  	0	0	--  	          0.00	--  	--  	--  	27.13	    36.92	0	  0.00	化工原料	北京	 0.00	27.13	0	0	--  	0	0	--  	      45855.16	
="300013"	新宁物流	--  	0.00	--  	--  	--  	0	0	--  	          0.00	--  	--  	--  	9.26	   131.57	0	  0.00	仓储物流	江苏	 0.00	9.26	0	0	--  	0	0	--  	      18000.00	
="002632"	道明光学	--  	0.00	--  	--  	--  	0	0	--  	          0.00	--  	--  	--  	20.42	    94.89	0	  0.00	化工原料	浙江	 0.00	20.42	0	0	--  	0	0	--  	       5040.75	
="002622"	永大集团	0.00	17.50	0.00	17.48	17.50	21570	265	          0.74	          2.23	17.40	17.75	17.24	17.50	    89.43	37719972	  1.11	电气设备	吉林	 2.91	17.49	10439	11131	  0.94	8	14	--  	       9653.75	
="002608"	舜天船舶	--  	0.00	--  	--  	--  	0	0	--  	          0.00	--  	--  	--  	12.79	    86.27	0	  0.00	船舶	江苏	 0.00	12.79	0	0	--  	0	0	--  	      32855.16	
="002598"	山东章鼓	0.00	10.57	0.00	10.56	10.57	133296	1132	          0.18	          5.06	10.46	10.78	10.40	10.57	    41.77	141069104	  1.33	机械基件	山东	 3.60	10.58	68925	64371	  1.07	30	327	--  	      26322.46	
="002558"	世纪游轮	--  	0.00	--  	--  	--  	0	0	--  	          0.00	--  	--  	--  	31.65	   796.05	0	  0.00	旅游服务	重庆	 0.00	31.65	0	0	--  	0	0	--  	       3244.39	
="002529"	海源机械	--  	0.00	--  	--  	--  	0	0	--  	          0.00	--  	--  	--  	15.03	--  	0	  0.00	专用机械	福建	 0.00	15.03	0	0	--  	0	0	--  	      15608.25	
="002509"	天广消防	--  	0.00	--  	--  	--  	0	0	--  	          0.00	--  	--  	--  	12.27	    51.77	0	  0.00	专用机械	福建	 0.00	12.27	0	0	--  	0	0	--  	      23109.89	
="002485"	希努尔	--  	0.00	--  	--  	--  	0	0	--  	          0.00	--  	--  	--  	10.13	--  	0	  0.00	服饰	山东	 0.00	10.13	0	0	--  	0	0	--  	      32000.00	
="002483"	润邦股份	--  	0.00	--  	--  	--  	0	0	--  	          0.00	--  	--  	--  	12.22	    36.85	0	  0.00	工程机械	江苏	 0.00	12.22	0	0	--  	0	0	--  	      29250.00	
="002450"	康得新	--  	0.00	--  	--  	--  	0	0	--  	          0.00	--  	--  	--  	32.67	    33.05	0	  0.00	化工原料	江苏	 0.00	32.67	0	0	--  	0	0	--  	      94531.45	
="002426"	胜利精密	--  	0.00	--  	--  	--  	0	0	--  	          0.00	--  	--  	--  	11.26	    68.41	0	  0.00	元器件	江苏	 0.00	11.26	0	0	--  	0	0	--  	      35306.58	
="002324"	普利特	--  	0.00	--  	--  	--  	0	0	--  	          0.00	--  	--  	--  	19.90	    26.33	0	  0.00	塑料	上海	 0.00	19.90	0	0	--  	0	0	--  	      15582.66	
="002323"	中联电气	--  	0.00	--  	--  	--  	0	0	--  	          0.00	--  	--  	--  	21.95	   130.92	0	  0.00	电气设备	江苏	 0.00	21.95	0	0	--  	0	0	--  	       8350.16	
="002103"	广博股份	--  	0.00	--  	--  	--  	0	0	--  	          0.00	--  	--  	--  	10.18	   196.01	0	  0.00	文教休闲	浙江	 0.00	10.18	0	0	--  	0	0	--  	      17095.44	
="002087"	新野纺织	0.00	4.80	0.00	4.80	4.81	94751	313	          0.00	          1.82	4.81	4.89	4.78	4.80	    35.47	45716608	  1.16	纺织	河南	 2.29	4.82	51260	43491	  1.18	95	1540	--  	      51961.51	
="002084"	海鸥卫浴	--  	0.00	--  	--  	--  	0	0	--  	          0.00	--  	--  	--  	7.60	    89.04	0	  0.00	家居用品	广东	 0.00	7.60	0	0	--  	0	0	--  	      40605.57	
="002044"	江苏三友	--  	0.00	--  	--  	--  	0	0	--  	          0.00	--  	--  	--  	10.04	    43.13	0	  0.00	服饰	江苏	 0.00	10.04	0	0	--  	0	0	--  	      22410.00	
="002013"	中航机电	--  	0.00	--  	--  	--  	0	0	--  	          0.00	--  	--  	--  	22.15	    43.52	0	  0.00	汽车配件	湖北	 0.00	22.15	0	0	--  	0	0	--  	      29285.81	
="002009"	天奇股份	--  	0.00	--  	--  	--  	0	0	--  	          0.00	--  	--  	--  	16.30	    47.89	0	  0.00	工程机械	江苏	 0.00	16.30	0	0	--  	0	0	--  	      25991.22	
="002006"	*ST精功	--  	0.00	--  	--  	--  	0	0	--  	          0.00	--  	--  	--  	8.75	   155.21	0	  0.00	工程机械	浙江	 0.00	8.75	0	0	--  	0	0	--  	      43677.89	
="000920"	南方汇通	--  	0.00	--  	--  	--  	0	0	--  	          0.00	--  	--  	--  	13.23	    31.50	0	  0.00	运输设备	贵州	 0.00	13.23	0	0	--  	0	0	--  	      42200.00	
="000796"	易食股份	--  	0.00	--  	--  	--  	0	0	--  	          0.00	--  	--  	--  	7.23	    95.94	0	  0.00	食品	陕西	 0.00	7.23	0	0	--  	0	0	--  	      24652.30	
="000795"	太原刚玉	--  	0.00	--  	--  	--  	0	0	--  	          0.00	--  	--  	--  	10.92	--  	0	  0.00	矿物制品	山西	 0.00	10.92	0	0	--  	0	0	--  	      27679.44	
="000710"	天兴仪表	--  	0.00	--  	--  	--  	0	0	--  	          0.00	--  	--  	--  	13.60	--  	0	  0.00	汽车配件	四川	 0.00	13.60	0	0	--  	0	0	--  	      15120.00	
="000680"	山推股份	0.00	4.06	0.00	4.06	4.07	225480	6040	          0.00	          2.36	4.05	4.08	4.01	4.06	    99.22	91317728	  1.19	工程机械	山东	 1.72	4.05	124316	101164	  1.23	401	3492	--  	      95481.35	
="000627"	天茂集团	--  	0.00	--  	--  	--  	0	0	--  	          0.00	--  	--  	--  	4.10	    15.68	0	  0.00	化工原料	湖北	 0.00	4.10	0	0	--  	0	0	--  	     135358.98	
="000563"	陕国投Ａ	--  	0.00	--  	--  	--  	0	0	--  	          0.00	--  	--  	--  	8.18	    30.52	0	  0.00	多元金融	陕西	 0.00	8.18	0	0	--  	0	0	--  	      75266.72	
="000533"	万 家 乐	--  	0.00	--  	--  	--  	0	0	--  	          0.00	--  	--  	--  	5.97	    35.25	0	  0.00	家用电器	广东	 0.00	5.97	0	0	--  	0	0	--  	      68487.71	
="000498"	山东路桥	--  	0.00	--  	--  	--  	0	0	--  	          0.00	--  	--  	--  	4.64	    28.22	0	  0.00	建筑施工	山东	 0.00	4.64	0	0	--  	0	0	--  	      35417.01	
="000415"	渤海租赁	--  	0.00	--  	--  	--  	0	0	--  	          0.00	--  	--  	--  	10.28	    19.57	0	  0.00	多元金融	新疆	 0.00	10.28	0	0	--  	0	0	--  	     126917.42	
="000090"	天健集团	--  	0.00	--  	--  	--  	0	0	--  	          0.00	--  	--  	--  	8.44	    25.79	0	  0.00	建筑施工	深圳	 0.00	8.44	0	0	--  	0	0	--  	      55253.07	
="300138"	晨光生物	-0.08	12.45	-0.01	12.45	12.46	91214	1035	          0.24	          7.13	12.30	12.77	12.16	12.46	   130.96	113600328	  1.21	食品	河北	 4.90	12.45	51231	39983	  1.28	386	67	--  	      12796.33	
="600613"	神奇制药	-0.10	19.24	-0.02	19.22	19.24	21508	12	         -0.10	          1.46	19.29	19.62	19.02	19.26	    48.79	41617976	  1.08	中成药	上海	 3.12	19.35	11172	10336	  1.08	26	79	--  	      14769.17	
="300176"	鸿特精密	-0.11	17.43	-0.02	17.43	17.44	21436	23	          0.23	          2.00	17.54	18.26	17.30	17.45	   115.74	37865572	  1.94	汽车配件	广东	 5.50	17.66	9999	11437	  0.87	3	13	--  	      10728.00	
="300117"	嘉寓股份	-0.14	7.23	-0.01	7.22	7.23	40223	291	          0.00	          1.23	7.23	7.31	7.19	7.24	    40.30	29094238	  1.03	装修装饰	北京	 1.66	7.23	23606	16617	  1.42	37	319	--  	      32580.00	
="002687"	乔治白	-0.17	12.02	-0.02	12.02	12.03	39120	351	         -0.16	          5.62	11.99	12.45	11.87	12.04	    42.78	47407416	  1.03	服饰	浙江	 4.82	12.12	19798	19322	  1.02	76	26	--  	       6961.27	
="000860"	顺鑫农业	-0.17	17.44	-0.03	17.43	17.44	57126	554	          0.51	          1.30	17.46	17.57	17.31	17.47	    26.43	99546288	  0.95	农业综合	北京	 1.49	17.43	32347	24779	  1.31	569	142	--  	      43852.50	
="002375"	亚厦股份	-0.18	21.63	-0.04	21.63	21.64	149258	2827	          0.13	          2.19	21.60	21.74	21.40	21.67	    19.78	321899456	  1.03	装修装饰	浙江	 1.57	21.57	86294	62964	  1.37	1047	192	--  	      68105.28	
="002494"	华斯股份	-0.19	16.18	-0.03	16.18	16.19	26969	690	          0.12	          2.77	16.17	16.25	16.02	16.21	    31.11	43537184	  0.94	服饰	河北	 1.42	16.14	14752	12217	  1.21	677	105	--  	       9726.16	
="600615"	丰华股份	-0.23	13.27	-0.03	13.28	13.29	49379	57	          0.53	          2.63	13.15	13.55	13.15	13.30	   171.14	65994904	  1.25	区域地产	上海	 3.01	13.36	25087	24292	  1.03	18	19	--  	      18762.44	
="300275"	梅安森	-0.23	21.75	-0.05	21.74	21.75	22368	39	          0.04	          2.55	21.70	22.17	21.49	21.80	    77.66	48978492	  0.68	软件服务	重庆	 3.12	21.90	12009	10359	  1.16	52	69	--  	       8783.59	
="002513"	蓝丰生化	-0.24	12.67	-0.03	12.67	12.70	48665	722	         -0.23	          2.28	12.73	12.96	12.63	12.70	--  	62228964	  1.66	农药化肥	江苏	 2.60	12.79	26650	22015	  1.21	373	390	--  	      21312.00	
="002370"	亚太药业	-0.24	16.86	-0.04	16.86	16.89	26699	60	          0.41	          1.85	16.91	17.09	16.75	16.90	    92.19	45179272	  1.37	化学制药	浙江	 2.01	16.92	12562	14137	  0.89	170	38	--  	      14417.91	
="600257"	大湖股份	-0.25	7.95	-0.02	7.95	7.96	129273	20	         -0.12	          3.03	7.95	7.99	7.87	7.97	  1657.20	102549192	  1.41	渔业	湖南	 1.51	7.93	70006	59267	  1.18	114	565	--  	      42705.00	
="002422"	科伦药业	-0.25	31.65	-0.08	31.65	31.66	51825	815	          0.66	          1.46	31.62	31.82	31.41	31.73	    20.70	163845328	  0.95	化学制药	四川	 1.29	31.62	29438	22387	  1.31	935	80	--  	      35488.73	
="600533"	栖霞建设	-0.25	3.92	-0.01	3.91	3.92	161201	50	          0.25	          1.54	3.94	3.95	3.89	3.93	    39.88	63211840	  1.14	区域地产	江苏	 1.53	3.92	93184	68017	  1.37	1577	810	--  	     105000.00	
="600220"	江苏阳光	-0.25	3.92	-0.01	3.93	3.94	380241	123	          0.00	          2.13	3.95	3.98	3.87	3.93	   107.20	149195872	  1.48	纺织	江苏	 2.80	3.92	198609	181632	  1.09	87	3305	--  	     178334.03	
="300259"	新天科技	-0.26	15.13	-0.04	15.10	15.13	27953	100	          0.46	          1.97	14.97	15.30	14.90	15.17	    44.71	42294056	  0.85	电器仪表	河南	 2.64	15.13	14403	13550	  1.06	101	79	--  	      14223.29	
="600167"	联美控股	-0.28	14.18	-0.04	14.17	14.18	22429	1	         -0.07	          1.06	14.24	14.35	14.10	14.22	    12.97	31929742	  1.00	供气供热	辽宁	 1.76	14.24	10984	11445	  0.96	77	1	--  	      21100.00	
="600530"	交大昂立	-0.29	10.33	-0.03	10.32	10.33	45996	7	          0.00	          1.47	10.33	10.55	10.30	10.36	    69.87	47951748	  1.15	生物制药	上海	 2.41	10.42	25815	20181	  1.28	69	13	--  	      31200.00	
="600232"	金鹰股份	-0.31	6.53	-0.02	6.51	6.54	78094	5	          0.00	          2.14	6.53	6.56	6.43	6.55	   108.94	50736564	  1.39	纺织	浙江	 1.98	6.50	42902	35192	  1.22	118	470	--  	      36471.85	
="002533"	金杯电工	-0.31	6.53	-0.02	6.52	6.53	69416	195	          0.15	          1.42	6.51	6.61	6.50	6.55	    30.89	45499996	  0.76	电气设备	湖南	 1.68	6.55	39947	29469	  1.36	1201	1889	--  	      48824.39	
="002478"	常宝股份	-0.32	12.62	-0.04	12.62	12.64	31266	66	         -0.23	          1.20	12.55	12.76	12.51	12.66	    20.19	39519852	  0.78	普钢	江苏	 1.97	12.64	17638	13628	  1.29	6	20	--  	      26154.86	
="600160"	巨化股份	-0.32	6.30	-0.02	6.30	6.31	332868	25	          0.00	          1.84	6.30	6.42	6.26	6.32	    73.51	210741824	  1.40	化工原料	浙江	 2.53	6.33	174567	158301	  1.10	46	1928	--  	     181091.59	
="600573"	惠泉啤酒	-0.32	9.26	-0.03	9.25	9.28	24869	21	          0.32	          0.99	9.26	9.35	9.14	9.29	    42.19	22968938	  0.95	啤酒	福建	 2.26	9.24	12420	12449	  1.00	32	93	--  	      25000.00	
="600708"	海博股份	-0.33	9.11	-0.03	9.10	9.11	243421	18	          0.33	          4.79	9.10	9.23	9.06	9.14	    30.71	222828560	  2.16	公共交通	上海	 1.86	9.15	127499	115922	  1.10	109	203	--  	      50838.26	
="601258"	庞大集团	-0.34	5.90	-0.02	5.90	5.91	261061	1130	          0.34	          1.00	5.91	5.93	5.85	5.92	   176.71	153856496	  1.01	汽车服务	河北	 1.35	5.89	159030	102031	  1.56	21	229	--  	     262150.00	
="300042"	朗科科技	-0.34	17.65	-0.06	17.65	17.66	30541	462	          0.28	          4.17	17.75	18.06	17.41	17.71	    86.08	54125892	  1.04	电脑设备	深圳	 3.67	17.72	18309	12232	  1.50	98	10	--  	       7327.91	
="601727"	上海电气	-0.35	5.77	-0.02	5.77	5.78	712430	75	          0.17	          0.72	5.70	5.95	5.63	5.79	    31.02	413166816	  1.10	电气设备	上海	 5.53	5.80	386122	326308	  1.18	638	862	--  	     985071.44	
="002623"	亚玛顿	-0.39	25.73	-0.10	25.69	25.73	27688	179	          0.46	          1.73	25.83	26.13	25.38	25.83	   131.54	71122864	  1.60	玻璃	江苏	 2.90	25.69	18143	9545	  1.90	3	22	--  	      16000.00	
="002133"	广宇集团	-0.39	5.09	-0.02	5.08	5.09	77525	1795	         -0.19	          1.70	5.12	5.20	5.08	5.11	    47.77	39715144	  0.89	全国地产	浙江	 2.35	5.12	42566	34959	  1.22	1105	1388	--  	      45524.98	
="002457"	青龙管业	-0.40	10.00	-0.04	9.99	10.00	99720	483	          0.30	          3.93	9.96	10.14	9.93	10.04	    43.66	99947040	  1.68	塑料	宁夏	 2.09	10.02	48075	51645	  0.93	435	194	--  	      25365.41	
="000025"	特  力Ａ	-0.41	12.08	-0.05	12.08	12.10	13159	297	          0.00	          0.73	12.16	12.22	12.03	12.13	   480.04	15964442	  1.31	汽车服务	深圳	 1.57	12.13	7499	5660	  1.32	172	308	--  	      17929.46	
="002172"	澳洋科技	-0.42	7.18	-0.03	7.18	7.19	62913	871	          0.13	          1.17	7.24	7.34	7.10	7.21	--  	45388972	  0.84	化纤	江苏	 3.33	7.21	38665	24248	  1.59	391	198	--  	      53754.96	
="002244"	滨江集团	-0.42	7.05	-0.03	7.04	7.05	114478	821	          0.57	          1.00	7.10	7.14	6.99	7.08	    12.56	80702360	  1.36	区域地产	浙江	 2.12	7.05	59519	54959	  1.08	15	16	--  	     114773.00	
="600075"	*ST新业	-0.43	6.96	-0.03	6.96	6.97	44983	3	         -0.14	          1.03	7.10	7.11	6.92	6.99	    48.39	31455148	  1.06	化工原料	新疆	 2.72	6.99	29394	15589	  1.89	167	35	--  	      43859.19	
="600478"	科力远	-0.43	25.44	-0.11	25.45	25.46	56063	10	          0.07	          1.19	25.56	25.74	25.18	25.55	  1356.99	142335728	  0.88	元器件	湖南	 2.19	25.39	33009	23054	  1.43	4	3000	--  	      47223.51	
="000863"	三湘股份	-0.43	6.88	-0.03	6.87	6.88	58878	697	          0.14	          3.37	6.93	6.96	6.86	6.91	   116.57	40654984	  1.25	区域地产	上海	 1.45	6.90	28351	30527	  0.93	1626	2979	--  	      17462.02	
="601116"	三江购物	-0.46	8.61	-0.04	8.62	8.63	38760	39	          0.00	          0.96	8.63	8.69	8.59	8.65	    28.05	33458536	  1.33	超市连锁	浙江	 1.16	8.63	21478	17282	  1.24	11	75	--  	      40189.30	
="600784"	鲁银投资	-0.47	6.34	-0.03	6.34	6.35	141369	1	          0.00	          2.85	6.33	6.41	6.29	6.37	    93.04	90012848	  1.47	普钢	山东	 1.88	6.37	82734	58635	  1.41	686	811	--  	      49661.37	
="000589"	黔轮胎Ａ	-0.47	6.32	-0.03	6.31	6.32	91315	829	          0.15	          1.87	6.33	6.35	6.27	6.35	    28.33	57649396	  1.31	汽车配件	贵州	 1.26	6.31	56041	35274	  1.59	1526	486	--  	      48884.73	
="002671"	龙泉股份	-0.48	10.36	-0.05	10.36	10.37	51962	461	         -0.09	          2.83	10.45	10.48	10.31	10.41	    29.05	54029596	  0.78	其他建材	山东	 1.63	10.40	26962	25000	  1.08	219	215	--  	      18332.99	
="600851"	海欣股份	-0.49	8.08	-0.04	8.07	8.09	131651	80	          0.12	          1.78	8.12	8.24	8.05	8.12	    59.54	107121216	  1.26	纺织	上海	 2.34	8.14	76171	55480	  1.37	946	857	--  	      73820.60	
="600127"	金健米业	-0.51	5.89	-0.03	5.88	5.89	112335	37	          0.00	          2.06	5.90	5.95	5.84	5.92	   433.83	66106960	  1.08	农业综合	湖南	 1.86	5.88	62915	49420	  1.27	516	70	--  	      54445.96	
="000748"	长城信息	-0.51	29.18	-0.15	29.18	29.19	20438	156	         -0.20	          0.54	29.50	29.60	29.01	29.33	   128.21	59848076	  0.55	电脑设备	湖南	 2.01	29.28	12447	7991	  1.56	79	341	--  	      37556.21	
="300240"	飞力达	-0.55	14.57	-0.08	14.57	14.58	29532	148	          0.34	          1.82	14.68	14.85	14.47	14.65	    55.01	43293288	  1.48	仓储物流	江苏	 2.59	14.66	16396	13136	  1.25	89	13	--  	      16245.00	
="002439"	启明星辰	-0.55	23.60	-0.13	23.57	23.60	43318	146	          0.00	          1.66	23.84	23.85	23.20	23.73	--  	101980864	  1.17	软件服务	北京	 2.74	23.54	22645	20673	  1.10	38	560	--  	      26088.46	
="300091"	金通灵	-0.56	23.27	-0.13	23.24	23.27	17403	200	          0.60	          1.38	23.20	23.50	23.01	23.40	   405.06	40643048	  1.39	机械基件	江苏	 2.09	23.35	7298	10105	  0.72	1	298	--  	      12639.70	
="600283"	钱江水利	-0.58	10.24	-0.06	10.24	10.25	28111	10	          0.09	          0.99	10.30	10.35	10.18	10.30	   151.46	28857612	  0.81	水务	浙江	 1.65	10.27	14683	13428	  1.09	32	453	--  	      28533.00	
="600386"	北巴传媒	-0.58	11.94	-0.07	11.93	11.94	203267	9	          0.08	          5.04	11.90	12.11	11.84	12.01	    24.96	243316208	  1.08	公共交通	北京	 2.25	11.97	106773	96494	  1.11	457	33	--  	      40320.00	
="600774"	汉商集团	-0.59	11.87	-0.07	11.84	11.85	14780	28	          0.08	          0.85	11.94	11.99	11.77	11.94	   793.99	17548732	  0.98	百货	湖北	 1.84	11.87	7762	7018	  1.11	33	22	--  	      17289.15	
="002291"	星期六	-0.61	8.14	-0.05	8.14	8.15	39345	173	          0.12	          1.08	8.20	8.22	8.07	8.19	    76.97	32096322	  0.86	服饰	广东	 1.83	8.16	20458	18887	  1.08	131	247	--  	      36335.00	
="002230"	科大讯飞	-0.62	30.57	-0.19	30.57	30.58	120650	1374	          0.29	          2.09	30.76	31.08	30.31	30.76	    92.77	369973088	  0.84	软件服务	安徽	 2.50	30.66	68224	52426	  1.30	312	519	--  	      57848.67	
="600535"	天士力	-0.65	41.38	-0.27	41.38	41.39	63791	27	          0.07	          0.62	41.53	42.20	41.12	41.65	    28.11	265574224	  1.09	中成药	天津	 2.59	41.63	34950	28841	  1.21	13	107	--  	     103284.27	
="600191"	华资实业	-0.68	7.32	-0.05	7.34	7.35	42833	1	          0.00	          0.88	7.39	7.42	7.28	7.37	    65.28	31505200	  1.10	食品	内蒙	 1.90	7.36	25761	17072	  1.51	504	337	--  	      48493.19	
="000652"	泰达股份	-0.70	5.70	-0.04	5.69	5.70	273040	4684	          0.00	          1.86	5.70	5.83	5.67	5.74	--  	156789808	  0.90	综合类	天津	 2.79	5.74	156227	116813	  1.34	1495	5545	--  	     146567.00	
="002501"	利源精制	-0.70	18.35	-0.13	18.35	18.36	137393	994	         -0.05	          4.09	18.35	18.66	18.27	18.48	    22.05	253072640	  0.99	铝	吉林	 2.11	18.42	70856	66537	  1.06	640	263	--  	      33565.53	
="300055"	万邦达	-0.71	36.14	-0.26	36.14	36.15	16702	45	          0.05	          0.97	36.31	36.87	36.00	36.40	    59.65	60773148	  0.90	环境保护	北京	 2.39	36.39	9886	6816	  1.45	39	79	--  	      17184.46	
="600077"	宋都股份	-0.72	5.49	-0.04	5.48	5.50	194204	600	          0.36	          1.78	5.48	5.57	5.40	5.53	   184.14	106603728	  1.38	全国地产	浙江	 3.07	5.49	91816	102388	  0.90	1097	250	--  	     109096.45	
="002615"	哈尔斯	-0.75	29.28	-0.22	29.28	29.30	17431	79	          0.03	          3.41	29.55	29.70	29.10	29.50	    35.34	51241996	  0.67	家居用品	浙江	 2.03	29.40	10536	6895	  1.53	19	203	--  	       5106.25	
="300204"	舒泰神	-0.77	29.82	-0.23	29.81	29.82	14930	37	          0.10	          0.63	30.23	30.44	29.70	30.05	    43.46	44803780	  0.72	生物制药	北京	 2.46	30.01	7860	7070	  1.11	10	56	--  	      23575.42	
="600469"	风神股份	-0.77	12.90	-0.10	12.91	12.92	54872	58	          0.00	          1.46	13.00	13.08	12.83	13.00	    11.84	70972432	  1.03	汽车配件	河南	 1.92	12.93	34707	20165	  1.72	64	167	--  	      37494.21	
="603077"	和邦股份	-0.78	10.14	-0.08	10.14	10.15	95127	10	         -0.19	          3.17	10.18	10.29	10.03	10.22	     7.61	96535256	  0.98	化工原料	四川	 2.54	10.15	58117	37010	  1.57	62	40	--  	      30000.00	
="600731"	湖南海利	-0.79	8.80	-0.07	8.82	8.84	64259	204	          0.80	          2.51	8.87	8.93	8.70	8.87	   548.67	56723048	  0.82	农药化肥	湖南	 2.59	8.83	39741	24518	  1.62	438	7	--  	      25557.66	
="000900"	现代投资	-0.81	6.15	-0.05	6.15	6.16	581599	6071	         -0.16	          5.75	6.29	6.50	6.15	6.20	    17.90	365507200	  0.91	路桥	湖南	 5.65	6.28	292847	288752	  1.01	94	4047	--  	     101128.75	
="600727"	鲁北化工	-0.81	6.13	-0.05	6.14	6.15	97456	65	          0.16	          2.78	6.18	6.20	6.11	6.18	   166.48	59862556	  0.62	农药化肥	山东	 1.46	6.14	53840	43616	  1.23	188	655	--  	      35092.66	
="002243"	通产丽星	-0.81	8.54	-0.07	8.54	8.55	32611	321	         -0.11	          1.05	8.56	8.72	8.48	8.61	--  	27996776	  0.72	塑料	深圳	 2.79	8.59	19799	12812	  1.55	259	164	--  	      30990.90	
="002043"	兔 宝 宝	-0.82	6.08	-0.05	6.08	6.09	84515	814	          0.00	          1.81	6.12	6.18	6.05	6.13	    71.77	51594152	  0.69	其他建材	浙江	 2.12	6.10	49238	35277	  1.40	814	356	--  	      46568.10	
="002701"	奥瑞金	-0.82	22.87	-0.19	22.87	22.88	157822	1412	         -0.08	          4.87	23.34	23.64	22.82	23.06	    16.57	366114624	  1.98	广告包装	北京	 3.56	23.20	87366	70456	  1.24	140	622	--  	      32411.50	
="600165"	新日恒力	-0.83	9.54	-0.08	9.53	9.56	36496	10	         -0.10	          1.88	9.58	9.82	9.51	9.62	--  	35285712	  0.76	钢加工	宁夏	 3.22	9.67	22153	14343	  1.54	22	13	--  	      19395.34	
="000998"	隆平高科	-0.83	17.82	-0.15	17.82	17.83	187387	1111	          0.05	          2.25	18.00	18.00	17.66	17.97	   114.72	334158432	  1.23	种植业	湖南	 1.89	17.83	113979	73408	  1.55	148	91	--  	      83123.59	
="600867"	通化东宝	-0.84	16.50	-0.14	16.49	16.50	186078	39	         -0.06	          1.82	16.60	16.93	16.27	16.64	    58.12	306751872	  0.72	生物制药	吉林	 3.97	16.49	105672	80406	  1.31	378	188	--  	     102460.04	
="600380"	健康元	-0.85	7.01	-0.06	7.00	7.01	157111	41	          0.00	          1.02	7.13	7.14	6.96	7.07	    27.06	110489784	  1.03	化学制药	深圳	 2.55	7.03	92235	64876	  1.42	200	153	--  	     154583.59	
="002085"	万丰奥威	-0.86	28.80	-0.25	28.80	28.85	12588	112	         -0.03	          0.34	28.88	29.18	28.52	29.05	    27.84	36342720	  0.66	汽车配件	浙江	 2.27	28.87	8935	3653	  2.45	124	44	--  	      36813.28	
="600565"	迪马股份	-0.86	4.59	-0.04	4.58	4.59	129099	9	          0.00	          1.79	4.67	4.69	4.58	4.63	    51.45	59772912	  1.03	全国地产	重庆	 2.38	4.63	75277	53822	  1.40	1972	94	--  	      72000.00	
="600758"	红阳能源	-0.87	10.24	-0.09	10.23	10.24	71030	21	          0.29	          6.17	10.19	10.42	10.12	10.33	   107.37	72819384	  0.75	供气供热	辽宁	 2.90	10.25	40179	30851	  1.30	524	5	--  	      11505.03	
="300030"	阳普医疗	-0.89	14.53	-0.13	14.53	14.54	83159	649	          0.13	          3.45	14.66	14.89	14.50	14.66	    79.28	122145280	  0.98	医疗保健	广东	 2.66	14.69	47255	35904	  1.32	62	11	--  	      24106.39	
="600675"	中华企业	-0.89	5.55	-0.05	5.54	5.55	443543	13	          0.36	          2.38	5.54	5.64	5.49	5.60	    17.10	246342608	  1.54	区域地产	上海	 2.68	5.55	236492	207051	  1.14	1604	2316	--  	     186705.94	
="601989"	中国重工	-0.94	6.32	-0.06	6.31	6.32	1986102	412	          0.31	          1.27	6.36	6.40	6.28	6.38	    41.61	1255922688	  0.89	船舶	北京	 1.88	6.32	1102652	883450	  1.25	1087	1210	--  	    1561259.25	
="601313"	江南嘉捷	-0.95	10.39	-0.10	10.37	10.40	50859	36	          0.09	          1.89	10.50	10.53	10.32	10.49	    19.13	52969872	  0.98	运输设备	江苏	 2.00	10.41	28057	22802	  1.23	185	6	--  	      26852.53	
="002469"	三维工程	-0.95	13.50	-0.13	13.49	13.50	45026	590	          0.29	          1.79	13.59	13.65	13.39	13.63	    35.57	60817220	  1.24	建筑施工	山东	 1.91	13.51	27104	17922	  1.51	518	332	--  	      25195.47	
="000606"	青海明胶	-0.97	7.17	-0.07	7.16	7.17	110330	1049	          0.13	          2.72	7.23	7.34	7.13	7.24	--  	79607584	  1.42	化学制药	青海	 2.90	7.22	67733	42597	  1.59	48	5	--  	      40596.35	
="002398"	建研集团	-0.98	17.20	-0.17	17.20	17.22	69464	761	          0.40	          3.63	17.36	17.46	17.03	17.37	    20.18	119592368	  1.12	建筑施工	福建	 2.48	17.22	37834	31630	  1.20	23	10	--  	      19113.78	
="002177"	御银股份	-0.98	7.07	-0.07	7.07	7.08	445201	3684	         -0.14	          8.19	7.14	7.20	6.99	7.14	    36.89	315445344	  1.24	电脑设备	广东	 2.94	7.09	250229	194972	  1.28	4331	3307	--  	      54339.60	
="600004"	白云机场	-1.00	8.92	-0.09	8.91	8.92	155577	2	         -0.11	          1.35	8.90	9.04	8.81	9.01	     9.78	138926416	  1.67	机场	广东	 2.55	8.93	85945	69632	  1.23	124	90	--  	     115000.00	
="600159"	大龙地产	-1.01	3.94	-0.04	3.93	3.94	217512	167	          0.25	          2.62	3.95	3.96	3.87	3.98	--  	85363912	  1.47	区域地产	北京	 2.26	3.92	118003	99509	  1.19	235	247	--  	      83000.32	
="600496"	精工钢构	-1.04	9.55	-0.10	9.55	9.56	91884	5	          0.00	          1.57	9.66	9.75	9.51	9.65	    19.76	88623440	  1.18	钢加工	安徽	 2.49	9.65	46144	45740	  1.01	9	132	--  	      58656.60	
="601007"	金陵饭店	-1.05	11.34	-0.12	11.32	11.33	56652	10	          0.53	          1.89	11.38	11.64	11.24	11.46	   109.15	64498536	  0.91	酒店餐饮	江苏	 3.49	11.38	33296	23356	  1.43	80	50	--  	      30000.00	
="002400"	省广股份	-1.05	25.36	-0.27	25.36	25.37	64347	214	          0.07	          1.25	25.61	26.14	25.30	25.63	    43.54	165503952	  0.84	广告包装	广东	 3.28	25.72	37117	27230	  1.36	247	250	--  	      51663.73	
="002269"	美邦服饰	-1.06	11.21	-0.12	11.21	11.22	256327	1853	          0.00	          2.55	11.19	11.46	11.13	11.33	    31.68	289294208	  1.21	服饰	上海	 2.91	11.29	152391	103936	  1.47	358	1147	--  	     100500.00	
="002202"	金风科技	-1.06	12.11	-0.13	12.10	12.11	630181	4104	          0.00	          2.95	12.39	12.60	12.10	12.24	    49.34	778124992	  1.95	电气设备	新疆	 4.08	12.35	331173	299008	  1.11	944	1189	--  	     213853.45	
="600692"	亚通股份	-1.07	11.09	-0.12	11.08	11.09	212639	50	          0.09	          8.34	11.15	11.42	11.06	11.21	   145.44	238776528	  1.46	水运	上海	 3.21	11.23	114499	98140	  1.17	439	2013	--  	      25501.05	
="000513"	丽珠集团	-1.09	55.29	-0.61	55.29	55.30	6991	187	         -0.07	          0.39	55.89	56.70	55.29	55.90	    28.97	39206184	  1.00	中成药	广东	 2.52	56.08	3378	3613	  0.93	5	2	--  	      17766.91	
="002384"	东山精密	-1.10	14.32	-0.16	14.32	14.33	46937	109	          0.20	          1.04	14.48	14.54	14.15	14.48	   206.40	67007580	  1.07	通信设备	江苏	 2.69	14.28	27572	19365	  1.42	68	107	--  	      45272.80	
="000701"	厦门信达	-1.13	12.29	-0.14	12.28	12.29	141232	913	          0.00	          5.88	12.50	12.67	12.24	12.43	    43.29	175213632	  1.51	综合类	福建	 3.46	12.41	80681	60551	  1.33	356	38	--  	      24024.32	
="600635"	大众公用	-1.17	5.89	-0.07	5.89	5.90	300164	12	          0.34	          1.82	5.93	5.96	5.82	5.96	    39.21	176723744	  1.44	供气供热	上海	 2.35	5.89	167169	132995	  1.26	516	1420	--  	     164486.98	
="002350"	北京科锐	-1.18	13.43	-0.16	13.42	13.43	29555	224	          0.22	          1.35	13.58	13.64	13.30	13.59	    52.97	39853172	  0.86	电气设备	北京	 2.50	13.48	18956	10599	  1.79	86	25	--  	      21821.63	
="600745"	中茵股份	-1.22	14.61	-0.18	14.60	14.61	23375	96	         -0.06	          0.71	14.79	14.83	14.60	14.79	   459.80	34310252	  0.82	区域地产	湖北	 1.56	14.68	16168	7207	  2.24	339	107	--  	      32737.49	
="002616"	长青集团	-1.22	24.30	-0.30	24.28	24.30	14292	166	          0.00	          1.76	24.50	24.86	24.05	24.60	    48.13	34806228	  0.71	环境保护	广东	 3.29	24.35	8511	5781	  1.47	11	28	--  	       8140.00	
="002002"	鸿达兴业	-1.22	11.34	-0.14	11.34	11.35	25833	596	         -0.43	          1.11	11.50	11.50	11.34	11.48	    28.63	29497350	  0.72	塑料	广东	 1.39	11.42	16290	9543	  1.71	247	68	--  	      23365.13	
="601137"	博威合金	-1.23	18.52	-0.23	18.51	18.52	16016	40	         -0.05	          0.74	18.70	18.78	18.42	18.75	    58.86	29808918	  1.59	铜	浙江	 1.92	18.61	10930	5086	  2.15	58	40	--  	      21500.00	
="600792"	云煤能源	-1.26	6.26	-0.08	6.25	6.27	128243	327	          0.00	          1.60	6.30	6.31	6.08	6.34	   569.02	79616064	  2.56	焦炭加工	云南	 3.63	6.21	66051	62192	  1.06	153	594	--  	      80045.00	
="600207"	安彩高科	-1.28	5.40	-0.07	5.40	5.41	109064	20	          0.55	          2.48	5.43	5.49	5.36	5.47	--  	59014244	  1.47	元器件	河南	 2.38	5.41	65240	43824	  1.49	25	302	--  	      44000.00	
="600153"	建发股份	-1.29	7.67	-0.10	7.67	7.68	858137	1056	          0.39	          3.03	7.68	7.83	7.52	7.77	    10.83	657998656	  0.90	商贸代理	福建	 3.99	7.67	481151	376986	  1.28	739	574	--  	     283520.06	
="600062"	华润双鹤	-1.30	21.22	-0.28	21.21	21.22	191609	10	          0.04	          3.35	21.39	21.96	21.16	21.50	    21.18	412301088	  1.52	化学制药	北京	 3.72	21.52	104504	87105	  1.20	52	22	--  	      57169.58	
="600897"	厦门空港	-1.31	21.81	-0.29	21.80	21.81	93363	1	          0.13	          3.13	21.80	22.10	21.41	22.10	    13.66	203218240	  0.87	机场	福建	 3.12	21.77	43979	49384	  0.89	121	11	--  	      29781.00	
="600086"	东方金钰	-1.33	23.74	-0.32	23.72	23.78	36703	50	          0.08	          1.04	24.09	24.09	23.61	24.06	    73.42	87675584	  1.02	服饰	湖北	 2.00	23.89	22696	14007	  1.62	42	44	--  	      35228.17	
="000691"	亚太实业	-1.34	7.35	-0.10	7.35	7.36	118255	558	          0.13	          4.07	7.39	7.52	7.30	7.45	  5266.03	87446168	  1.20	区域地产	海南	 2.95	7.39	61116	57139	  1.07	443	268	--  	      29048.63	
="002316"	键桥通讯	-1.38	12.13	-0.17	12.13	12.14	50987	1002	          0.08	          1.30	12.50	12.50	12.12	12.30	   156.22	62393832	  0.92	软件服务	深圳	 3.09	12.24	27744	23243	  1.19	79	148	--  	      39267.76	
="600736"	苏州高新	-1.39	4.98	-0.07	4.98	4.99	294717	71	          0.20	          2.79	4.98	5.07	4.96	5.05	    45.05	147484112	  0.89	园区开发	江苏	 2.18	5.00	178722	115995	  1.54	1485	2289	--  	     105788.15	
="600260"	凯乐科技	-1.40	9.86	-0.14	9.85	9.86	155972	367	          0.00	          2.96	9.95	10.08	9.74	10.00	    42.93	154111440	  0.83	白酒	湖北	 3.40	9.88	96070	59902	  1.60	481	135	--  	      52764.00	
="300239"	东宝生物	-1.43	13.11	-0.19	13.10	13.11	77650	620	          0.00	          6.34	13.29	13.40	13.00	13.30	   609.03	102291816	  1.20	生物制药	内蒙	 3.01	13.17	46421	31229	  1.49	155	50	--  	      12244.01	
="300105"	龙源技术	-1.43	13.77	-0.20	13.76	13.77	57341	1471	          0.07	          1.12	13.97	14.09	13.73	13.97	    71.54	79611600	  0.97	电器仪表	山东	 2.58	13.88	33908	23433	  1.45	501	102	--  	      51321.60	
="002479"	富春环保	-1.44	9.59	-0.14	9.59	9.60	113435	1650	          0.00	          1.55	9.69	9.79	9.50	9.73	    38.79	109189392	  0.78	火力发电	浙江	 2.98	9.63	69049	44386	  1.56	29	830	--  	      73141.99	
="000791"	甘肃电投	-1.47	10.73	-0.16	10.72	10.73	117087	1262	          0.75	         10.20	10.73	10.92	10.46	10.89	    33.06	124995648	  0.66	水力发电	甘肃	 4.22	10.68	65133	51954	  1.25	2	561	--  	      11477.80	
="002650"	加加食品	-1.52	12.93	-0.20	12.93	12.94	68409	578	          0.00	          3.05	13.17	13.17	12.81	13.13	    39.34	88577264	  0.76	食品	湖南	 2.74	12.95	40215	28194	  1.43	383	144	--  	      22439.23	
="300211"	亿通科技	-1.53	23.10	-0.36	23.10	23.12	14034	92	         -0.34	          2.96	23.56	23.56	23.06	23.46	    96.96	32696830	  0.80	通信设备	江苏	 2.13	23.30	8196	5838	  1.40	36	5	--  	       4739.52	
="002656"	卡奴迪路	-1.54	17.24	-0.27	17.24	17.26	47551	475	         -0.11	          7.96	17.42	17.55	17.13	17.51	   209.11	82245544	  0.71	服饰	广东	 2.40	17.30	24352	23199	  1.05	144	195	--  	       5975.00	
="002093"	国脉科技	-1.55	6.98	-0.11	6.98	6.99	163487	1472	          0.00	          1.92	7.10	7.17	6.95	7.09	   124.20	115263072	  1.12	电信运营	福建	 3.10	7.05	99075	64412	  1.54	3260	337	--  	      85291.22	
="600033"	福建高速	-1.56	3.15	-0.05	3.14	3.15	1721490	415	          0.31	          6.27	3.19	3.21	3.10	3.20	    13.36	543099648	  2.00	路桥	福建	 3.44	3.15	752571	968919	  0.78	2864	1799	--  	     274440.00	
="600483"	福建南纺	-1.56	8.82	-0.14	8.83	8.84	114595	7	         -0.67	          3.97	9.05	9.05	8.66	8.96	   895.96	101261120	  2.54	纺织	福建	 4.35	8.84	62579	52016	  1.20	47	181	--  	      28848.36	
="600375"	华菱星马	-1.56	12.59	-0.20	12.59	12.60	217081	186	          0.07	          4.36	12.80	12.94	12.53	12.79	    38.63	275871104	  1.24	汽车整车	安徽	 3.21	12.71	122892	94189	  1.30	997	132	--  	      49788.89	
="600683"	京投银泰	-1.57	6.27	-0.10	6.26	6.27	86020	10	          0.48	          1.16	6.31	6.41	6.16	6.37	--  	54030492	  0.96	区域地产	浙江	 3.92	6.28	53029	32991	  1.61	10	54	--  	      74077.75	
="000014"	沙河股份	-1.58	14.91	-0.24	14.91	14.92	40043	352	          0.20	          1.99	15.00	15.19	14.80	15.15	    60.13	59805964	  1.17	全国地产	深圳	 2.57	14.94	23876	16167	  1.48	124	11	--  	      20170.51	
="600082"	海泰发展	-1.62	6.67	-0.11	6.66	6.67	808233	53	          0.75	         12.83	6.88	7.04	6.56	6.78	   135.10	551075776	  2.58	园区开发	天津	 7.08	6.82	409476	398757	  1.03	27	15	--  	      62998.89	
="600566"	洪城股份	-1.67	24.18	-0.41	24.12	24.19	30266	15	         -0.20	          2.19	24.59	24.59	23.99	24.59	    37.42	73302280	  2.07	机械基件	湖北	 2.44	24.22	18639	11627	  1.60	7	53	--  	      13820.04	
="300346"	南大光电	-1.68	38.64	-0.66	38.63	38.64	24246	110	         -0.20	          6.76	39.28	39.54	38.27	39.30	    81.69	94180912	  1.51	半导体	江苏	 3.23	38.84	15949	8297	  1.92	14	184	--  	       3584.05	
="600097"	开创国际	-1.71	13.77	-0.24	13.77	13.78	28750	7	          0.21	          2.49	14.02	14.02	13.72	14.01	    36.80	39912520	  1.23	渔业	上海	 2.14	13.88	19092	9658	  1.98	15	9	--  	      11544.99	
="600707"	彩虹股份	-1.72	11.44	-0.20	11.45	11.46	299029	101	          0.00	          4.07	11.50	11.73	11.28	11.64	--  	343008160	  1.07	元器件	陕西	 3.87	11.47	161348	137681	  1.17	486	954	--  	      73471.77	
="000677"	恒天海龙	-1.75	4.49	-0.08	4.49	4.50	138407	1271	         -0.22	          1.60	4.60	4.62	4.47	4.57	--  	62691892	  1.03	化纤	山东	 3.28	4.53	84966	53441	  1.59	890	427	--  	      86394.82	
="002232"	启明信息	-1.79	12.64	-0.23	12.63	12.64	184617	1303	         -0.07	          4.64	12.75	12.85	12.51	12.87	  1119.50	233791872	  0.78	软件服务	吉林	 2.64	12.66	90773	93844	  0.97	290	536	--  	      39797.07	
="600359"	新农开发	-1.83	10.22	-0.19	10.25	10.26	79553	633	          0.00	          2.48	10.34	10.43	10.18	10.41	   325.39	81904240	  1.18	农业综合	新疆	 2.40	10.30	46359	33194	  1.40	886	15	--  	      32100.00	
="000501"	鄂武商Ａ	-1.83	13.96	-0.26	13.96	13.97	80384	598	         -0.07	          1.58	14.24	14.31	13.94	14.22	     9.59	113391272	  0.60	百货	湖北	 2.60	14.11	49112	31272	  1.57	101	4	--  	      50718.42	
="000897"	津滨发展	-1.83	6.42	-0.12	6.42	6.43	917818	10615	          0.15	          5.68	6.50	6.63	6.40	6.54	   343.00	596273152	  0.93	区域地产	天津	 3.52	6.50	505560	412258	  1.23	428	4592	--  	     161708.06	
="300045"	华力创通	-1.85	22.77	-0.43	22.77	22.79	56730	263	         -0.08	          3.66	23.19	23.36	22.62	23.20	   175.01	130070456	  1.29	电脑设备	北京	 3.19	22.93	31412	25318	  1.24	320	335	--  	      15512.53	
="600419"	天润乳业	-1.87	22.07	-0.42	22.05	22.07	13701	7	          0.00	          1.71	22.48	22.68	22.00	22.49	   103.82	30660260	  1.33	乳制品	新疆	 3.02	22.38	8342	5359	  1.56	16	98	--  	       8016.00	
="300229"	拓尔思	-1.91	26.70	-0.52	26.70	26.71	42487	229	          0.03	          2.07	27.11	27.22	26.68	27.22	   132.31	114259440	  0.98	软件服务	北京	 1.98	26.89	25581	16906	  1.51	87	54	--  	      20488.22	
="002680"	黄海机械	-2.07	34.05	-0.72	34.01	34.05	12644	141	          0.94	          5.27	34.91	34.91	33.50	34.77	   147.64	43028540	  1.46	工程机械	江苏	 4.06	34.03	8140	4504	  1.81	8	20	--  	       2399.22	
="000551"	创元科技	-2.10	10.70	-0.23	10.70	10.71	152655	1317	          0.09	          3.82	10.90	10.95	10.65	10.93	    91.26	164648848	  1.00	专用机械	江苏	 2.74	10.79	93572	59083	  1.58	1380	539	--  	      40008.03	
="002318"	久立特材	-2.11	26.93	-0.58	26.93	26.94	53639	159	         -0.18	          1.80	27.24	27.85	26.80	27.51	    38.48	146037824	  1.03	特钢	浙江	 3.82	27.23	31375	22264	  1.41	1308	38	--  	      29783.93	
="002593"	日上集团	-2.12	12.92	-0.28	12.91	12.92	24345	436	         -0.07	          1.87	13.12	13.36	12.78	13.20	    64.64	31580058	  0.68	汽车配件	福建	 4.39	12.97	13851	10494	  1.32	215	1115	--  	      13042.04	
="600589"	广东榕泰	-2.13	6.44	-0.14	6.44	6.45	156480	55	          0.00	          2.60	6.54	6.61	6.43	6.58	    64.61	102138216	  1.17	塑料	广东	 2.74	6.53	100533	55947	  1.80	574	71	--  	      60173.00	
="000936"	华西股份	-2.17	4.97	-0.11	4.97	4.98	117243	2146	         -0.20	          1.57	5.07	5.07	4.97	5.08	    94.66	58738408	  0.53	化纤	江苏	 1.97	5.01	74689	42554	  1.76	1757	757	--  	      74768.59	
="000601"	韶能股份	-2.19	5.80	-0.13	5.79	5.80	805079	12189	         -0.34	          8.10	5.92	6.04	5.79	5.93	    17.69	476546656	  2.55	火力发电	广东	 4.22	5.92	325211	479868	  0.68	1431	3307	--  	      99398.67	
="002073"	软控股份	-2.20	13.32	-0.30	13.31	13.32	422905	4768	         -0.14	          6.83	13.59	13.80	13.26	13.62	    61.42	569569344	  0.83	软件服务	山东	 3.96	13.47	231324	191581	  1.21	395	635	--  	      61879.48	
="002511"	中顺洁柔	-2.23	10.94	-0.25	10.94	10.95	107286	455	          0.09	          2.65	11.16	11.41	10.82	11.19	    65.31	119505088	  1.18	造纸	广东	 5.27	11.14	65712	41574	  1.58	145	270	--  	      40451.92	
="002294"	信立泰	-2.33	35.70	-0.85	35.68	35.70	50590	378	          0.05	          1.76	36.60	36.60	35.59	36.55	    23.30	182188352	  0.99	化学制药	深圳	 2.76	36.01	31248	19342	  1.62	7	28	--  	      28698.46	
="000668"	荣丰控股	-2.36	13.22	-0.32	13.19	13.22	72713	832	          0.37	          4.96	13.20	13.30	13.03	13.54	--  	96053192	  2.05	区域地产	上海	 1.99	13.21	45798	26915	  1.70	400	433	--  	      14668.41	
="002667"	鞍重股份	-2.37	32.49	-0.79	32.48	32.49	31154	539	          0.18	         11.13	32.70	33.00	32.12	33.28	    48.14	101446128	  0.90	工程机械	辽宁	 2.64	32.56	18447	12707	  1.45	80	13	--  	       2798.00	
="002658"	雪迪龙	-2.40	27.65	-0.68	27.65	27.66	43470	703	          0.07	          5.80	28.33	28.40	27.62	28.33	    46.61	121711952	  0.79	电器仪表	北京	 2.75	28.00	24762	18708	  1.32	25	16	--  	       7494.56	
="002117"	东港股份	-2.46	19.00	-0.48	18.99	19.00	41702	827	         -0.15	          1.16	19.32	19.47	18.99	19.48	    43.35	79926152	  0.92	广告包装	山东	 2.46	19.17	27507	14195	  1.94	240	570	--  	      36067.89	
="601311"	骆驼股份	-2.46	15.04	-0.38	15.04	15.09	139493	51	          0.13	          1.65	15.42	15.42	14.96	15.42	    20.55	211360992	  1.30	电气设备	湖北	 2.98	15.15	84458	55035	  1.53	3	158	--  	      84461.57	
="600225"	天津松江	-2.46	7.52	-0.19	7.53	7.54	187281	33	         -0.26	          3.03	7.59	7.77	7.51	7.71	--  	142506800	  1.07	区域地产	天津	 3.37	7.61	101472	85809	  1.18	73	68	--  	      61814.21	
="002253"	川大智胜	-2.52	34.41	-0.89	34.41	34.42	27037	187	          0.32	          2.15	35.00	35.26	34.20	35.30	   195.27	93564880	  0.50	软件服务	四川	 3.00	34.61	16119	10918	  1.48	23	77	--  	      12585.73	
="000902"	新洋丰	-2.52	14.30	-0.37	14.29	14.30	71790	1076	          0.56	          2.78	14.63	14.70	14.17	14.67	    15.00	103610680	  0.86	农药化肥	湖北	 3.61	14.43	42502	29288	  1.45	11	488	--  	      25800.00	
="000035"	中国天楹	-2.52	13.13	-0.34	13.13	13.14	55912	402	          0.30	          2.96	13.45	13.45	13.00	13.47	    61.41	74061888	  1.42	通信设备	深圳	 3.34	13.25	34253	21659	  1.58	321	23	--  	      18895.36	
="002259"	升达林业	-2.72	7.15	-0.20	7.14	7.15	325427	3556	          0.00	          5.36	7.37	7.38	7.12	7.35	   322.97	235225984	  0.98	家居用品	四川	 3.54	7.23	197133	128294	  1.54	1130	451	--  	      60716.10	
="002264"	新 华 都	-2.76	8.81	-0.25	8.81	8.82	248477	1663	          0.11	          4.91	9.05	9.12	8.71	9.06	    74.97	221977072	  0.82	超市连锁	福建	 4.53	8.93	149309	99168	  1.51	1244	389	--  	      50638.42	
="600287"	江苏舜天	-2.81	9.33	-0.27	9.33	9.34	134589	29	          0.00	          3.08	9.59	9.59	9.32	9.60	    52.13	126794640	  0.99	商贸代理	江苏	 2.81	9.42	77723	56866	  1.37	359	169	--  	      43679.60	
="000514"	渝 开 发	-2.93	6.63	-0.20	6.63	6.64	284762	3779	          0.00	          3.37	6.73	6.88	6.58	6.83	    34.63	191174640	  1.02	区域地产	重庆	 4.39	6.71	163486	121276	  1.35	3559	1600	--  	      84377.09	
="600728"	佳都科技	-3.03	16.00	-0.50	16.01	16.02	116400	13	          0.31	          3.21	16.45	16.56	15.89	16.50	   237.88	188901392	  1.04	软件服务	广东	 4.06	16.23	71804	44596	  1.61	71	37	--  	      36280.03	
="002110"	三钢闽光	-3.28	6.20	-0.21	6.20	6.21	106705	1799	          0.00	          2.00	6.35	6.46	6.10	6.41	--  	66706720	  1.21	普钢	福建	 5.62	6.25	66961	39744	  1.68	1039	357	--  	      53470.00	
="601177"	杭齿前进	-3.32	9.04	-0.31	9.03	9.04	159683	37	         -0.11	          3.99	9.20	9.47	8.98	9.35	    88.28	146017312	  1.93	机械基件	浙江	 5.24	9.14	84240	75443	  1.12	189	483	--  	      40006.00	
="002702"	海欣食品	-3.61	18.95	-0.71	18.95	18.96	42278	134	          0.05	          6.93	19.73	19.73	18.89	19.66	--  	81103984	  1.57	食品	福建	 4.27	19.18	29104	13174	  2.21	500	50	--  	       6100.00	
="600372"	中航电子	-3.66	27.93	-1.06	27.93	27.94	173116	5	          0.00	          0.98	28.91	29.19	27.88	28.99	    98.63	491428608	  1.45	航空航天	江西	 4.52	28.39	105021	68095	  1.54	84	57	--  	     175916.30	
="600781"	辅仁药业	-3.84	20.81	-0.83	20.81	20.82	66391	17	         -0.04	          3.74	21.49	21.64	20.74	21.64	   133.36	139545200	  2.02	中成药	河南	 4.16	21.02	49728	16663	  2.98	376	75	--  	      17759.28	
="600038"	哈飞股份	-3.96	39.28	-1.62	39.25	39.27	87358	53	          0.10	          2.59	40.89	40.93	38.80	40.90	    71.77	347952416	  1.30	航空航天	黑龙江	 5.21	39.83	50198	37160	  1.35	66	11	--  	      33735.00	
="002537"	海立美达	-6.20	18.00	-1.19	17.99	18.00	42243	675	          0.16	          2.82	18.62	18.85	17.95	19.19	    83.50	76844824	  2.07	机械基件	山东	 4.69	18.19	24165	18078	  1.34	4	108	--  	      15000.00	
数据来源:通达信
