代码	名称	涨幅%%	现价	涨跌	买价	卖价	总量	现量	涨速%%	换手%%	今开	最高	最低	昨收	市盈(动)	总金额	量比	细分行业	地区	振幅%%	均价	内盘	外盘	内外比	买量	卖量	未匹配量	流通股本	
="600970"	中材国际	10.03	10.97	1.00	10.97	--  	190434	20	          0.00	          1.74	10.97	10.97	10.97	9.97	    18.22	208906496	  0.69	建筑施工	江苏	 0.00	10.97	134004	56430	  2.37	394283	0	--  	     109329.72	
="600400"	红豆股份	10.02	6.26	0.57	6.26	--  	161344	100	          0.00	          2.88	6.02	6.26	6.02	5.69	   113.55	99714136	  0.33	服饰	江苏	 4.22	6.18	89543	71801	  1.25	43056	0	--  	      56039.96	
="600483"	福建南纺	9.32	10.79	0.92	10.79	10.80	297757	410	          0.09	         10.32	9.64	10.86	9.43	9.87	    18.92	301790688	  2.00	火力发电	福建	14.49	10.14	133656	164101	  0.81	160	36	--  	      28848.36	
="601118"	海南橡胶	7.82	8.82	0.64	8.82	8.83	3119136	10866	          0.79	          7.93	8.17	9.00	8.17	8.18	  3207.84	2716305152	  3.94	橡胶	海南	10.15	8.71	1373843	1745293	  0.79	412	145	--  	     393117.16	
="600077"	宋都股份	6.45	5.78	0.35	5.75	5.79	364263	735	         -0.85	          3.34	5.44	5.93	5.44	5.43	   770.99	209697584	  1.57	全国地产	浙江	 9.02	5.76	137058	227205	  0.60	448	390	--  	     109096.45	
="000912"	泸 天 化	6.37	6.85	0.41	6.84	6.85	175109	2933	         -0.14	          6.55	6.45	6.95	6.36	6.44	--  	117846328	  1.42	农药化肥	四川	 9.16	6.73	76221	98888	  0.77	553	420	--  	      26715.00	
="000652"	泰达股份	6.23	5.80	0.34	5.80	5.81	489468	10777	          0.17	          3.34	5.47	5.90	5.37	5.46	--  	277093696	  1.76	综合类	天津	 9.71	5.66	218335	271133	  0.81	459	2869	--  	     146567.00	
="600179"	黑化股份	5.88	8.10	0.45	8.10	8.11	151940	178	          0.24	          3.90	7.59	8.11	7.53	7.65	--  	119389504	  1.28	焦炭加工	黑龙江	 7.58	7.86	55756	96184	  0.58	215	2410	--  	      39000.00	
="300259"	新天科技	5.33	15.80	0.80	15.80	15.81	56073	675	          0.00	          3.94	15.08	16.00	15.07	15.00	    46.69	87682192	  2.18	电器仪表	河南	 6.20	15.64	21474	34599	  0.62	370	214	--  	      14223.29	
="000528"	柳    工	5.26	8.60	0.43	8.60	8.61	1963530	16695	          0.00	         17.45	8.99	8.99	8.43	8.17	    40.45	1709332352	  5.54	工程机械	广西	 6.85	8.71	1118502	845028	  1.32	3213	1321	--  	     112508.84	
="600209"	罗顿发展	4.73	10.85	0.49	10.84	10.85	474384	557	          0.27	         12.64	10.36	11.03	10.31	10.36	  1268.94	509892160	  2.38	综合类	海南	 6.95	10.75	204323	270061	  0.76	291	783	--  	      37529.76	
="000928"	中钢国际	4.47	12.85	0.55	12.84	12.85	231387	2907	          0.00	          8.18	12.49	13.07	12.33	12.30	    68.50	293794080	  3.20	建筑施工	吉林	 6.02	12.70	111461	119926	  0.93	370	681	--  	      28289.90	
="300346"	南大光电	4.46	39.79	1.70	39.79	39.80	25645	632	          0.60	          7.16	38.00	39.79	37.69	38.09	    84.12	99975584	  1.34	半导体	江苏	 5.51	38.98	10548	15097	  0.70	180	68	--  	       3584.05	
="000514"	渝 开 发	4.33	6.74	0.28	6.73	6.74	240601	3542	          0.00	          2.85	6.47	6.81	6.44	6.46	    35.20	160756160	  0.87	区域地产	重庆	 5.73	6.68	91966	148635	  0.62	971	2695	--  	      84377.09	
="600993"	马应龙	4.29	21.89	0.90	21.90	21.91	87380	702	          0.00	          2.64	20.90	21.94	20.90	20.99	    30.26	188659104	  1.13	中成药	湖北	 4.95	21.59	35305	52075	  0.68	81	34	--  	      33087.71	
="601908"	京运通	3.98	12.27	0.47	12.26	12.27	157597	17	          0.16	          5.54	11.67	12.50	11.58	11.80	    62.60	192548688	  1.05	半导体	北京	 7.80	12.22	75572	82025	  0.92	42	50	--  	      28451.52	
="300180"	华峰超纤	3.98	23.54	0.90	23.53	23.54	27235	559	         -0.08	          2.36	22.70	23.98	22.40	22.64	    33.83	62996480	  1.26	化纤	上海	 6.98	23.13	9901	17334	  0.57	8	34	--  	      11531.30	
="600864"	哈投股份	3.87	9.39	0.35	9.39	9.40	123889	205	          0.42	          2.27	9.07	9.40	9.05	9.04	   118.14	115159568	  1.76	火力发电	黑龙江	 3.87	9.30	45465	78424	  0.58	28	2237	--  	      54637.82	
="002172"	澳洋科技	3.61	7.46	0.26	7.46	7.47	136920	1060	          0.00	          2.55	7.20	7.54	7.16	7.20	--  	101303928	  1.78	化纤	江苏	 5.28	7.40	42455	94465	  0.45	952	719	--  	      53754.96	
="000897"	津滨发展	3.48	6.55	0.22	6.55	6.56	914510	13002	          0.15	          5.66	6.28	6.60	6.20	6.33	   349.94	591077888	  1.01	区域地产	天津	 6.32	6.46	443610	470900	  0.94	7411	6247	--  	     161708.06	
="002041"	登海种业	3.37	35.26	1.15	35.25	35.26	39698	407	          0.02	          1.21	34.28	35.40	33.86	34.11	    57.98	138022672	  1.43	种植业	山东	 4.51	34.77	16037	23661	  0.68	345	172	--  	      32943.82	
="000007"	零七股份	3.35	17.27	0.56	17.27	17.28	36089	962	          1.17	          1.75	16.60	17.36	16.50	16.71	--  	61068220	  1.17	酒店餐饮	深圳	 5.15	16.92	10676	25413	  0.42	28	934	--  	      20581.31	
="300231"	银信科技	3.11	15.24	0.46	15.24	15.25	110375	823	          0.06	          7.09	14.80	15.35	14.71	14.78	    59.95	166949008	  1.14	软件服务	北京	 4.33	15.13	39420	70955	  0.56	233	625	--  	      15562.79	
="600565"	迪马股份	3.09	4.67	0.14	4.68	4.69	187718	361	          0.43	          2.61	4.54	4.69	4.48	4.53	    52.35	86296072	  1.43	全国地产	重庆	 4.64	4.60	69773	117945	  0.59	322	2846	--  	      72000.00	
="002220"	天宝股份	2.77	8.17	0.22	8.16	8.17	92457	1214	          0.00	          2.37	7.93	8.21	7.93	7.95	    22.05	74698112	  1.04	食品	辽宁	 3.52	8.08	35517	56940	  0.62	728	457	--  	      38948.12	
="600354"	敦煌种业	2.59	7.93	0.20	7.92	7.94	227539	1127	          0.00	          5.08	7.70	7.98	7.63	7.73	--  	178368368	  1.76	种植业	甘肃	 4.53	7.84	104736	122803	  0.85	192	783	--  	      44780.21	
="000837"	秦川机床	2.57	11.19	0.28	11.19	11.20	117170	3182	          0.53	          4.58	10.86	11.25	10.71	10.91	  2382.83	128691320	  0.85	机床制造	陕西	 4.95	10.98	57774	59396	  0.97	375	1897	--  	      25558.96	
="601100"	恒立油缸	2.54	12.93	0.32	12.94	12.95	88320	134	          0.70	          3.57	13.28	13.55	12.75	12.61	    81.31	115524880	  1.75	工程机械	江苏	 6.34	13.08	48082	40238	  1.19	144	58	--  	      24727.50	
="300022"	吉峰农机	2.44	8.40	0.20	8.39	8.40	147977	852	          0.00	          4.69	8.17	8.51	8.14	8.20	--  	123123032	  1.30	其他连锁	四川	 4.51	8.32	61298	86679	  0.71	557	1720	--  	      31565.72	
="000668"	荣丰控股	2.40	14.53	0.34	14.52	14.53	40047	402	         -0.13	          2.73	14.19	14.95	13.86	14.19	--  	58261592	  0.70	区域地产	上海	 7.68	14.55	20897	19150	  1.09	172	282	--  	      14668.41	
="000886"	海南高速	2.37	4.75	0.11	4.74	4.75	391762	5569	          0.00	          4.07	4.61	4.95	4.57	4.64	    51.89	186138864	  1.46	路桥	海南	 8.19	4.75	168771	222991	  0.76	913	828	--  	      96284.88	
="002275"	桂林三金	2.24	20.10	0.44	20.07	20.10	65109	1014	          0.19	          1.24	19.59	20.30	19.50	19.66	    27.26	129334880	  1.70	中成药	广西	 4.07	19.86	19800	45309	  0.44	5	30	--  	      52434.82	
="002673"	西部证券	2.23	16.49	0.36	16.48	16.49	441654	2441	          0.00	          6.42	16.06	17.02	15.83	16.13	    35.27	727445056	  1.02	证券	陕西	 7.38	16.47	201620	240034	  0.84	202	425	--  	      68761.11	
="002187"	广百股份	2.20	11.62	0.25	11.62	11.63	35054	245	          0.08	          1.04	11.32	11.75	11.30	11.37	    18.14	40520584	  0.71	百货	广东	 3.96	11.56	15084	19970	  0.76	57	181	--  	      33572.48	
="600811"	东方集团	2.14	7.17	0.15	7.16	7.17	468753	111	          0.00	          2.81	7.00	7.24	6.95	7.02	     7.95	333070336	  1.30	综合类	黑龙江	 4.13	7.11	234983	233770	  1.01	351	1764	--  	     166680.53	
="600165"	新日恒力	2.07	9.36	0.19	9.36	9.37	25587	36	          0.21	          1.32	9.20	9.39	9.14	9.17	--  	23826968	  0.60	钢加工	宁夏	 2.73	9.31	11901	13686	  0.87	154	198	--  	      19395.34	
="600160"	巨化股份	2.07	6.90	0.14	6.89	6.90	1264516	751	         -0.43	          6.98	6.80	7.28	6.79	6.76	    80.52	887454144	  2.68	化工原料	浙江	 7.25	7.02	624446	640070	  0.98	248	1716	--  	     181091.59	
="002596"	海南瑞泽	2.06	10.91	0.22	10.90	10.91	80757	467	         -0.09	          4.97	10.69	11.13	10.67	10.69	   108.14	88486080	  1.91	其他建材	海南	 4.30	10.96	34858	45899	  0.76	1126	76	--  	      16256.37	
="600671"	天目药业	2.02	17.65	0.35	17.66	17.68	19546	15	          0.28	          1.61	17.19	17.75	17.19	17.30	   733.58	34342676	  0.52	中成药	浙江	 3.24	17.57	8100	11446	  0.71	5	98	--  	      12172.04	
="000998"	隆平高科	2.02	17.18	0.34	17.18	17.19	145964	1382	          0.11	          1.76	16.80	17.30	16.55	16.84	   110.60	249266784	  0.71	种植业	湖南	 4.45	17.08	71991	73973	  0.97	1	639	--  	      83123.59	
="000545"	金浦钛业	1.99	13.82	0.27	13.81	13.82	61672	461	         -0.14	          3.94	13.50	14.05	13.48	13.55	    92.84	85368544	  0.78	化工原料	吉林	 4.21	13.84	31711	29961	  1.06	81	157	--  	      15637.36	
="601007"	金陵饭店	1.99	11.81	0.23	11.81	11.82	39121	43	          0.08	          1.30	11.50	11.82	11.41	11.58	   135.11	45461568	  0.52	酒店餐饮	江苏	 3.54	11.62	20346	18775	  1.08	53	253	--  	      30000.00	
="000966"	长源电力	1.99	9.76	0.19	9.76	9.77	203682	721	         -0.30	          3.68	9.68	10.16	9.61	9.57	     6.52	201348624	  0.97	火力发电	湖北	 5.75	9.89	106015	97667	  1.09	760	217	--  	      55414.19	
="600082"	海泰发展	1.98	6.68	0.13	6.67	6.68	294531	500	          0.14	          4.68	6.51	6.88	6.38	6.55	    59.09	196159184	  0.61	园区开发	天津	 7.63	6.66	132996	161535	  0.82	445	278	--  	      62998.89	
="600439"	瑞贝卡	1.93	4.76	0.09	4.75	4.76	307869	661	          0.42	          3.26	4.66	4.84	4.60	4.67	    25.91	145470304	  1.78	服饰	河南	 5.14	4.73	137969	169900	  0.81	695	1188	--  	      94332.11	
="600257"	大湖股份	1.92	7.96	0.15	7.96	7.97	165965	80	         -0.12	          3.89	7.82	8.07	7.79	7.81	  1659.28	131564544	  1.30	渔业	湖南	 3.59	7.93	75940	90025	  0.84	4	1524	--  	      42705.00	
="002658"	雪迪龙	1.88	27.60	0.51	27.56	27.60	35942	507	          0.18	          4.80	27.02	27.69	27.02	27.09	    46.53	98423800	  0.81	电器仪表	北京	 2.47	27.38	13250	22692	  0.58	13	20	--  	       7494.56	
="600543"	莫高股份	1.83	9.44	0.17	9.43	9.44	55152	118	          0.21	          1.72	9.27	9.46	9.18	9.27	    94.22	51388080	  0.85	红黄药酒	甘肃	 3.02	9.32	24330	30822	  0.79	67	291	--  	      32112.00	
="601369"	陕鼓动力	1.83	7.23	0.13	7.21	7.23	399494	231	          0.13	          2.44	7.12	7.52	7.12	7.10	    30.19	292360896	  2.29	机械基件	陕西	 5.63	7.32	210911	188583	  1.12	1291	433	--  	     163877.02	
="000563"	陕国投Ａ	1.72	8.85	0.15	8.85	8.86	417057	3986	         -0.33	          5.54	8.66	9.17	8.60	8.70	    33.02	372244128	  1.40	多元金融	陕西	 6.55	8.93	194015	223042	  0.87	768	409	--  	      75266.72	
="600774"	汉商集团	1.72	12.41	0.21	12.35	12.36	23589	11	         -0.16	          1.35	12.06	12.51	12.05	12.20	   830.11	29015256	  1.40	百货	湖北	 3.77	12.30	8342	15247	  0.55	183	91	--  	      17442.90	
="600238"	海南椰岛	1.72	10.08	0.17	10.08	10.09	149114	105	          0.00	          3.37	9.85	10.33	9.84	9.91	    80.79	150945984	  0.85	红黄药酒	海南	 4.94	10.12	73758	75356	  0.98	11	296	--  	      44203.16	
="600589"	广东榕泰	1.71	6.55	0.11	6.54	6.56	157917	858	          0.30	          2.62	6.44	6.61	6.44	6.44	    65.71	103289744	  1.26	塑料	广东	 2.64	6.54	72929	84988	  0.86	405	732	--  	      60173.00	
="000936"	华西股份	1.70	5.38	0.09	5.38	5.39	162739	1370	         -0.18	          2.18	5.25	5.46	5.20	5.29	   102.47	87051840	  0.81	化纤	江苏	 4.91	5.35	74799	87940	  0.85	1982	1868	--  	      74768.59	
="600635"	大众公用	1.69	6.03	0.10	6.02	6.03	365162	927	          0.00	          2.22	5.94	6.14	5.92	5.93	    36.88	221624848	  0.92	供气供热	上海	 3.71	6.07	171727	193435	  0.89	781	2889	--  	     164486.98	
="000620"	新华联	1.64	6.82	0.11	6.81	6.82	86146	2732	          0.73	          0.54	6.71	6.82	6.61	6.71	    36.25	57677512	  0.61	区域地产	北京	 3.13	6.70	38294	47852	  0.80	700	1065	--  	     159797.06	
="600215"	长春经开	1.52	6.02	0.09	6.00	6.02	146814	1610	          3.97	          3.16	5.90	6.04	5.76	5.93	--  	86414472	  0.96	园区开发	吉林	 4.72	5.89	72463	74351	  0.97	200	5	--  	      46503.28	
="600097"	开创国际	1.48	13.68	0.20	13.66	13.67	23500	16	          0.00	          2.04	13.46	13.75	13.28	13.48	    27.11	31848464	  0.90	渔业	上海	 3.49	13.55	10329	13171	  0.78	58	14	--  	      11544.99	
="300094"	国联水产	1.48	9.59	0.14	9.58	9.59	72853	648	         -0.20	          2.08	9.42	9.70	9.33	9.45	    85.33	69369128	  1.65	渔业	广东	 3.92	9.52	27161	45692	  0.59	549	6	--  	      35072.21	
="600800"	天津磁卡	1.47	7.57	0.11	7.55	7.57	174439	630	          0.00	          2.86	7.35	7.63	7.30	7.46	--  	130255424	  0.53	综合类	天津	 4.42	7.47	76693	97746	  0.78	769	52	--  	      61031.10	
="002109"	兴化股份	1.46	6.96	0.10	6.96	6.97	253585	5626	         -0.57	          7.08	6.79	7.15	6.66	6.86	--  	175666288	  1.69	化工原料	陕西	 7.14	6.93	115802	137783	  0.84	3430	790	--  	      35840.00	
="002087"	新野纺织	1.42	4.99	0.07	4.99	5.00	116453	1725	          0.20	          2.24	4.92	5.04	4.87	4.92	    36.88	57622644	  1.19	纺织	河南	 3.46	4.95	49176	67277	  0.73	2038	2343	--  	      51961.51	
="300055"	万邦达	1.38	36.74	0.50	36.71	36.74	13885	402	          0.00	          0.81	36.23	36.85	35.90	36.24	    60.65	50627232	  0.59	环境保护	北京	 2.62	36.46	6719	7166	  0.94	74	4	--  	      17184.46	
="002026"	山东威达	1.32	10.74	0.14	10.74	10.75	32936	258	         -0.18	          1.44	10.61	10.88	10.52	10.60	    34.29	35271160	  0.56	机械基件	山东	 3.40	10.71	16743	16193	  1.03	47	92	--  	      22815.00	
="002082"	栋梁新材	1.24	10.60	0.13	10.60	10.61	80137	1430	          0.18	          4.31	10.52	10.67	10.43	10.47	    24.60	84574536	  0.39	铝	浙江	 2.29	10.55	39203	40934	  0.96	101	1242	--  	      18605.09	
="002620"	瑞和股份	1.21	18.38	0.22	18.37	18.38	16482	37	          0.05	          1.81	18.21	18.70	18.18	18.16	    36.74	30407372	  0.82	装修装饰	深圳	 2.86	18.45	7275	9207	  0.79	32	86	--  	       9100.98	
="002691"	石中装备	1.20	15.13	0.18	15.12	15.13	24149	218	          0.00	          3.66	14.86	15.17	14.86	14.95	    87.49	36267052	  0.64	专用机械	河北	 2.07	15.02	12384	11765	  1.05	82	138	--  	       6596.93	
="002521"	齐峰新材	1.19	11.95	0.14	11.95	11.96	62861	508	          0.00	          2.04	11.78	12.12	11.77	11.81	    18.97	75375688	  0.57	造纸	山东	 2.96	11.99	29020	33841	  0.86	136	482	--  	      30760.26	
="600781"	辅仁药业	1.16	20.97	0.24	20.95	20.98	22081	5	          0.28	          1.24	20.55	21.16	20.55	20.73	   169.93	46345464	  0.62	中成药	河南	 2.94	20.99	11121	10960	  1.01	27	182	--  	      17759.28	
="601158"	重庆水务	1.15	6.15	0.07	6.15	6.16	157201	431	          0.00	          0.33	6.08	6.18	6.06	6.08	    15.45	96436760	  0.94	水务	重庆	 1.97	6.13	69416	87785	  0.79	133	1543	--  	     480000.00	
="600881"	亚泰集团	1.14	5.34	0.06	5.34	5.35	453626	980	          0.00	          2.39	5.30	5.48	5.28	5.28	    47.29	244440368	  1.03	水泥	吉林	 3.79	5.39	186355	267271	  0.70	986	430	--  	     189473.20	
="002656"	卡奴迪路	1.14	16.93	0.19	16.92	16.93	25859	136	          0.23	          4.33	16.70	17.05	16.60	16.74	   205.35	43486020	  0.56	服饰	广东	 2.69	16.82	14296	11563	  1.24	8	391	--  	       5975.00	
="600897"	厦门空港	1.13	20.53	0.23	20.52	20.53	61546	18	          0.24	          2.07	20.16	20.65	19.78	20.30	    12.68	124852472	  0.53	机场	福建	 4.29	20.29	30520	31026	  0.98	1	10	--  	      29781.00	
="601566"	九牧王	1.09	13.03	0.14	13.03	13.04	54025	10	          0.07	          0.94	12.85	13.12	12.85	12.89	    18.32	70349872	  1.28	服饰	福建	 2.09	13.02	26231	27794	  0.94	35	202	--  	      57463.71	
="000543"	皖能电力	1.07	8.48	0.09	8.48	8.49	308297	1366	         -0.11	          3.01	8.58	8.69	8.43	8.39	     9.44	262983456	  1.22	火力发电	安徽	 3.10	8.53	160308	147989	  1.08	72	1360	--  	     102515.75	
="600613"	神奇制药	1.07	18.91	0.20	18.90	18.91	18313	5	          0.05	          1.24	18.72	19.05	18.39	18.71	    46.79	34532928	  0.71	中成药	上海	 3.53	18.86	10484	7829	  1.34	33	269	--  	      14769.17	
="601137"	博威合金	1.06	19.10	0.20	19.10	19.11	11790	26	          0.10	          0.55	19.02	19.14	18.77	18.90	    60.70	22368532	  0.88	铜	浙江	 1.96	18.97	5164	6626	  0.78	3	48	--  	      21500.00	
="002036"	宜科科技	1.02	9.91	0.10	9.90	9.91	37179	246	         -0.10	          1.88	9.84	10.02	9.70	9.81	   137.24	36797588	  0.45	服饰	浙江	 3.26	9.90	15018	22161	  0.68	500	200	--  	      19791.78	
="600728"	佳都科技	0.98	15.52	0.15	15.51	15.53	53042	20	          0.00	          1.46	15.44	15.65	15.33	15.37	   499.30	82277408	  0.41	软件服务	广东	 2.08	15.51	27465	25577	  1.07	300	81	--  	      36280.03	
="002224"	三 力 士	0.97	9.38	0.09	9.37	9.38	217214	2846	          0.00	          4.92	9.30	9.47	9.28	9.29	    34.29	203843808	  0.88	橡胶	浙江	 2.05	9.38	73727	143487	  0.51	1238	921	--  	      44120.33	
="600223"	鲁商置业	0.96	5.24	0.05	5.24	5.25	105772	184	         -0.19	          1.06	5.20	5.28	5.14	5.19	    31.76	55180408	  0.40	区域地产	山东	 2.70	5.22	44719	61053	  0.73	1193	565	--  	     100096.79	
="300347"	泰格医药	0.95	35.99	0.34	35.99	36.00	25192	180	          0.05	          2.16	35.64	36.30	35.56	35.65	    67.98	90775736	  0.91	医疗保健	浙江	 2.08	36.03	11713	13479	  0.87	15	179	--  	      11644.07	
="000551"	创元科技	0.94	10.70	0.10	10.70	10.71	100605	993	         -0.18	          2.51	10.61	10.76	10.42	10.60	    91.26	107155504	  0.66	专用机械	江苏	 3.21	10.65	49547	51058	  0.97	909	1045	--  	      40008.03	
="000902"	新洋丰	0.93	14.10	0.13	14.10	14.11	49635	699	          0.28	          1.92	13.99	14.15	13.85	13.97	    14.79	69444696	  0.67	农药化肥	湖北	 2.15	13.99	25554	24081	  1.06	332	73	--  	      25800.00	
="600120"	浙江东方	0.93	17.37	0.16	17.36	17.38	255025	280	          0.11	          5.05	17.07	17.60	16.89	17.21	    16.23	439324416	  0.66	商贸代理	浙江	 4.13	17.23	123926	131099	  0.95	104	476	--  	      50547.33	
="002215"	诺 普 信	0.92	9.84	0.09	9.81	9.84	58371	259	          0.51	          1.13	9.75	10.00	9.75	9.75	    29.16	57501376	  0.71	农药化肥	深圳	 2.56	9.85	25596	32775	  0.78	5013	242	--  	      51575.60	
="600506"	香梨股份	0.89	13.62	0.12	13.63	13.64	53328	276	         -0.21	          3.61	13.34	13.80	13.23	13.50	--  	72236240	  1.14	种植业	新疆	 4.22	13.55	23300	30028	  0.78	9	98	--  	      14770.69	
="000623"	吉林敖东	0.87	22.04	0.19	22.03	22.04	198729	1672	         -0.04	          2.52	21.82	22.35	21.70	21.85	    16.17	438785280	  0.72	中成药	吉林	 2.97	22.08	102817	95912	  1.07	321	711	--  	      78904.07	
="002572"	索菲亚	0.84	22.80	0.19	22.75	22.80	13278	1174	          0.30	          0.53	22.72	22.98	22.50	22.61	    38.07	30213254	  0.42	家居用品	广东	 2.12	22.75	4661	8617	  0.54	209	287	--  	      25138.69	
="300103"	达刚路机	0.84	19.25	0.16	19.25	19.26	43295	560	          0.26	          2.79	19.50	19.53	19.03	19.09	    70.29	83427488	  0.81	工程机械	陕西	 2.62	19.27	22123	21172	  1.04	622	11	--  	      15510.50	
="000785"	武汉中商	0.79	8.97	0.07	8.97	8.98	30867	989	         -0.22	          1.23	8.90	9.10	8.80	8.90	    67.47	27635970	  0.59	百货	湖北	 3.37	8.95	15347	15520	  0.99	143	38	--  	      25109.36	
="002481"	双塔食品	0.77	15.71	0.12	15.70	15.71	24110	438	          0.06	          0.64	15.68	15.90	15.53	15.59	    45.54	37859004	  0.64	食品	山东	 2.37	15.70	14248	9862	  1.44	799	671	--  	      37455.17	
="000929"	兰州黄河	0.76	10.58	0.08	10.57	10.58	31965	524	         -0.09	          1.72	10.50	10.65	10.39	10.50	    32.69	33604016	  1.08	啤酒	甘肃	 2.48	10.51	15977	15988	  1.00	139	75	--  	      18558.80	
="300203"	聚光科技	0.76	22.66	0.17	22.65	22.66	34049	606	          0.26	          0.77	22.46	22.80	22.15	22.49	    68.77	76449400	  0.49	电器仪表	浙江	 2.89	22.45	18613	15436	  1.21	76	492	--  	      44500.00	
="600463"	空港股份	0.75	10.77	0.08	10.79	10.80	49319	332	         -0.37	          1.96	10.68	10.95	10.57	10.69	    57.54	53369152	  1.02	园区开发	北京	 3.55	10.82	22531	26788	  0.84	409	45	--  	      25200.00	
="300204"	舒泰神	0.74	30.11	0.22	30.11	30.12	13226	61	         -0.03	          0.56	29.61	30.45	29.61	29.89	    43.88	39972852	  0.75	生物制药	北京	 2.81	30.22	5244	7982	  0.66	27	18	--  	      23575.42	
="002661"	克明面业	0.74	42.46	0.31	42.46	42.50	14079	239	         -0.11	          6.59	42.15	43.15	42.05	42.15	    42.73	59869260	  0.86	食品	湖南	 2.61	42.52	7131	6948	  1.03	26	103	--  	       2135.75	
="300138"	晨光生物	0.73	12.34	0.09	12.34	12.35	30403	841	          0.16	          2.41	12.31	12.35	12.02	12.25	   129.80	37037432	  0.36	食品	河北	 2.69	12.18	15316	15087	  1.02	142	214	--  	      12608.41	
="600415"	小商品城	0.70	7.20	0.05	7.20	7.21	297499	608	         -0.41	          1.09	7.17	7.31	7.13	7.15	    45.79	215284368	  1.30	商品城	浙江	 2.52	7.24	120671	176828	  0.68	464	33	--  	     272160.72	
="002598"	山东章鼓	0.67	10.46	0.07	10.45	10.46	82394	1245	         -0.28	          3.13	10.37	10.52	10.23	10.39	    41.34	85827728	  0.44	机械基件	山东	 2.79	10.42	43053	39341	  1.09	191	80	--  	      26322.46	
="300240"	飞力达	0.67	14.96	0.10	14.96	14.97	23040	205	          0.06	          1.42	14.88	15.03	14.78	14.86	    56.48	34421652	  0.86	仓储物流	江苏	 1.68	14.94	11216	11824	  0.95	400	48	--  	      16245.00	
="600114"	东睦股份	0.65	15.40	0.10	15.39	15.40	36879	30	          0.13	          2.22	15.26	15.62	15.26	15.30	    44.00	57162504	  0.63	机械基件	浙江	 2.35	15.50	22501	14378	  1.56	7	149	--  	      16601.69	
="600161"	天坛生物	0.64	28.17	0.18	28.18	28.19	52881	38	         -0.10	          1.03	27.90	28.29	27.50	27.99	    42.42	147014320	  0.50	生物制药	北京	 2.82	27.80	26037	26844	  0.97	3	33	--  	      51546.69	
="600496"	精工钢构	0.60	10.06	0.06	10.05	10.06	59301	27	          0.29	          1.01	10.00	10.15	9.92	10.00	    24.36	59528692	  0.62	钢加工	安徽	 2.30	10.04	29267	30034	  0.97	149	1459	--  	      58656.60	
="002603"	以岭药业	0.58	33.20	0.19	33.19	33.20	25092	404	          0.06	          1.30	32.91	33.35	32.80	33.01	    48.32	83088112	  0.43	中成药	河北	 1.67	33.11	13405	11687	  1.15	264	94	--  	      19244.43	
="002560"	通达股份	0.55	19.98	0.11	19.97	19.98	12817	178	          0.00	          2.81	19.88	20.08	19.66	19.87	    78.96	25458904	  0.54	电气设备	河南	 2.11	19.86	6936	5881	  1.18	87	24	--  	       4567.37	
="600276"	恒瑞医药	0.52	38.59	0.20	38.58	38.60	68576	10	         -0.02	          0.46	39.00	39.58	38.41	38.39	    38.98	266255584	  1.09	化学制药	江苏	 3.05	38.83	34518	34058	  1.01	83	196	--  	     149624.31	
="000403"	*ST生化	0.49	22.56	0.11	22.56	22.57	25013	161	         -0.04	          1.38	22.45	22.88	22.16	22.45	    38.45	56608428	  0.40	生物制药	江西	 3.21	22.63	11921	13092	  0.91	118	94	--  	      18151.84	
="300196"	长海股份	0.49	20.70	0.10	20.62	20.70	20645	547	          0.68	          1.89	20.37	20.98	20.37	20.60	    27.93	42641932	  0.72	玻璃	江苏	 2.96	20.65	9783	10862	  0.90	10	250	--  	      10918.94	
="002448"	中原内配	0.47	17.26	0.08	17.26	17.27	89943	474	          0.17	          5.01	17.25	17.35	16.60	17.18	    20.87	152293520	  0.52	运输设备	河南	 4.37	16.93	49101	40842	  1.20	106	364	--  	      17946.90	
="000507"	珠海港	0.46	6.50	0.03	6.49	6.50	431231	1868	          0.30	          5.58	6.40	6.60	6.28	6.47	--  	277368576	  0.48	港口	广东	 4.95	6.43	210285	220946	  0.95	1249	572	--  	      77214.38	
="000605"	渤海股份	0.46	17.44	0.08	17.44	17.45	10553	119	          0.46	          1.19	17.33	17.56	17.12	17.36	    86.71	18324648	  0.57	水务	北京	 2.53	17.36	5004	5549	  0.90	102	73	--  	       8842.98	
="600843"	上工申贝	0.45	13.47	0.06	13.48	13.50	42208	250	          0.37	          2.06	13.30	13.59	13.13	13.41	    89.71	56537464	  0.37	纺织机械	上海	 3.43	13.39	24537	17671	  1.39	17	101	--  	      20494.30	
="002075"	沙钢股份	0.44	4.61	0.02	4.61	4.62	329515	3492	         -0.21	          2.09	4.60	4.82	4.56	4.59	   104.14	154318192	  1.63	特钢	江苏	 5.66	4.68	160887	168628	  0.95	1331	1445	--  	     157626.48	
="002293"	罗莱家纺	0.43	25.75	0.11	25.74	25.75	36291	164	         -0.11	          1.29	25.58	26.40	25.51	25.64	    19.59	94425520	  0.93	服饰	江苏	 3.47	26.02	18507	17784	  1.04	5	3	--  	      28072.61	
="002406"	远东传动	0.42	12.00	0.05	12.00	12.02	43901	637	         -0.08	          2.49	11.94	12.23	11.93	11.95	    24.89	53019336	  0.71	汽车配件	河南	 2.51	12.08	21013	22888	  0.92	420	44	--  	      17661.66	
="002479"	富春环保	0.40	9.93	0.04	9.93	9.94	77503	837	          0.10	          1.06	9.85	9.99	9.72	9.89	    40.17	76466992	  0.54	火力发电	浙江	 2.73	9.87	40034	37469	  1.07	309	516	--  	      73141.99	
="600359"	新农开发	0.37	10.79	0.04	10.78	10.79	242613	390	          0.09	          7.56	10.60	11.10	10.44	10.75	--  	261986896	  2.29	农业综合	新疆	 6.14	10.80	110746	131867	  0.84	472	119	--  	      32100.00	
="601177"	杭齿前进	0.34	8.82	0.03	8.82	8.83	40259	10	          0.11	          1.01	8.80	8.87	8.66	8.79	   125.94	35331676	  0.34	机械基件	浙江	 2.39	8.78	23825	16434	  1.45	507	98	--  	      40006.00	
="002144"	宏达高科	0.34	20.90	0.07	20.89	20.90	26985	280	          0.09	          1.97	20.83	21.06	20.76	20.83	    29.14	56471512	  0.40	纺织	浙江	 1.44	20.93	15003	11982	  1.25	95	85	--  	      13679.36	
="002027"	七喜控股	0.32	9.33	0.03	9.32	9.33	44316	243	         -0.21	          2.18	9.30	9.48	9.14	9.30	  2061.17	41290096	  0.63	电脑设备	广东	 3.66	9.32	22978	21338	  1.08	115	551	--  	      20348.88	
="601700"	风范股份	0.32	15.91	0.05	15.91	15.92	25581	16	         -0.12	          1.09	15.89	16.09	15.85	15.86	    32.21	40816060	  0.59	电气设备	江苏	 1.51	15.96	14703	10878	  1.35	110	50	--  	      23576.84	
="600218"	全柴动力	0.29	13.64	0.04	13.65	13.66	38055	11	         -0.43	          1.34	13.54	13.86	13.50	13.60	    85.12	52080700	  0.59	农用机械	安徽	 2.65	13.69	17244	20811	  0.83	10	28	--  	      28340.00	
="600738"	兰州民百	0.28	7.05	0.02	7.05	7.06	42308	20	          0.14	          1.61	7.04	7.16	7.01	7.03	    22.36	30010348	  0.68	百货	甘肃	 2.13	7.09	21680	20628	  1.05	195	15	--  	      26210.72	
="002524"	光正集团	0.28	7.22	0.02	7.22	7.23	166756	1447	         -0.13	          3.39	7.16	7.37	7.11	7.20	--  	120915648	  0.70	钢加工	新疆	 3.61	7.25	82783	83973	  0.99	1881	94	--  	      49120.46	
="002269"	美邦服饰	0.26	11.43	0.03	11.43	11.44	150423	2946	          0.35	          1.50	11.37	11.53	11.27	11.40	    38.36	171327888	  0.57	服饰	上海	 2.28	11.39	75449	74974	  1.01	331	698	--  	     100500.00	
="300211"	亿通科技	0.26	22.94	0.06	22.93	22.94	6110	136	         -0.08	          1.29	22.80	23.10	22.67	22.88	    96.29	14013440	  0.47	通信设备	江苏	 1.88	22.93	3260	2850	  1.14	54	178	--  	       4739.52	
="600356"	恒丰纸业	0.25	8.04	0.02	8.03	8.04	22949	20	         -0.12	          0.91	8.01	8.12	7.98	8.02	    32.86	18484740	  0.66	造纸	黑龙江	 1.75	8.05	11314	11635	  0.97	645	13	--  	      25233.92	
="601028"	玉龙股份	0.23	17.25	0.04	17.25	17.29	115669	110	         -1.42	         11.90	17.00	17.71	16.20	17.21	    47.98	199427392	  1.94	钢加工	江苏	 8.77	17.24	53961	61708	  0.87	311	64	--  	       9722.50	
="002278"	神开股份	0.22	13.43	0.03	--  	--  	37577	3	         -0.07	          1.89	13.40	13.60	13.40	13.40	    58.05	50720676	  0.55	化工机械	上海	 1.49	13.50	20232	17345	  1.17	0	0	--  	      19879.42	
="600593"	大连圣亚	0.19	20.74	0.04	20.72	20.74	16428	15	          0.19	          1.79	20.71	20.97	20.15	20.70	    23.95	33770936	  0.65	旅游景点	辽宁	 3.96	20.56	7864	8564	  0.92	89	5	--  	       9200.00	
="600675"	中华企业	0.18	5.58	0.01	5.59	5.60	236673	2655	          0.54	          1.27	5.57	5.64	5.54	5.57	    50.79	132334296	  0.44	区域地产	上海	 1.80	5.59	125553	111120	  1.13	259	2108	--  	     186705.94	
="600098"	广州发展	0.17	6.03	0.01	6.03	6.04	331648	26	         -0.16	          1.36	6.02	6.28	5.98	6.02	    12.22	202540000	  1.26	火力发电	广东	 4.98	6.11	172267	159381	  1.08	675	28	--  	     243737.45	
="002537"	海立美达	0.16	18.26	0.03	18.25	18.26	11252	50	          0.10	          0.75	18.20	18.33	18.07	18.23	    84.71	20500772	  0.54	机械基件	山东	 1.43	18.22	6198	5054	  1.23	36	54	--  	      15000.00	
="600336"	澳柯玛	0.16	6.17	0.01	6.16	6.17	173970	35	         -0.16	          2.56	6.17	6.21	6.08	6.16	    34.36	106886176	  0.92	家用电器	山东	 2.11	6.14	91051	82919	  1.10	851	602	--  	      68007.20	
="002695"	煌上煌	0.15	32.85	0.05	32.85	32.88	9556	130	          0.09	          2.23	32.85	33.00	32.52	32.80	    36.76	31322444	  0.54	食品	江西	 1.46	32.78	5485	4071	  1.35	30	3	--  	       4293.64	
="000729"	燕京啤酒	0.15	6.86	0.01	6.86	6.87	141000	1449	         -0.14	          0.56	6.84	6.89	6.81	6.85	    15.78	96564552	  0.73	啤酒	北京	 1.17	6.85	59249	81751	  0.72	851	2320	--  	     249943.92	
="002350"	北京科锐	0.14	13.90	0.02	13.89	13.90	39075	356	         -0.28	          1.79	13.86	14.24	13.60	13.88	    54.83	54221024	  1.06	电气设备	北京	 4.61	13.88	21061	18014	  1.17	5	146	--  	      21821.63	
="002294"	信立泰	0.14	35.57	0.05	35.57	35.58	20821	313	          0.11	          0.73	35.41	35.86	35.28	35.52	    23.21	74176776	  0.46	化学制药	深圳	 1.63	35.63	10252	10569	  0.97	107	49	--  	      28698.46	
="000650"	仁和药业	0.14	7.25	0.01	7.25	7.26	164289	1727	          0.00	          1.66	7.25	7.41	7.16	7.24	    26.91	119820688	  1.02	中成药	江西	 3.45	7.29	82185	82104	  1.00	804	517	--  	      99040.99	
="600419"	天润乳业	0.14	21.83	0.03	21.84	21.87	7713	24	          0.09	          0.96	21.90	21.99	21.58	21.80	   102.69	16794842	  0.61	乳制品	新疆	 1.88	21.77	4430	3283	  1.35	1	27	--  	       8016.00	
="002420"	毅昌股份	0.14	7.31	0.01	7.31	7.32	39099	899	          0.13	          1.03	7.30	7.34	7.21	7.30	   207.69	28389858	  0.52	塑料	广东	 1.78	7.26	22044	17055	  1.29	141	1234	--  	      37782.35	
="600086"	东方金钰	0.12	24.21	0.03	24.17	24.25	26285	28	          0.24	          0.75	24.18	24.40	24.05	24.18	    74.88	63619640	  0.81	服饰	湖北	 1.45	24.20	13823	12462	  1.11	44	294	--  	      35228.17	
="002161"	远 望 谷	0.12	8.61	0.01	8.60	8.61	153050	652	          0.00	          2.20	8.59	8.68	8.50	8.60	   454.60	131693416	  0.53	通信设备	深圳	 2.09	8.60	83034	70016	  1.19	2188	451	--  	      69472.39	
="000860"	顺鑫农业	0.12	17.40	0.02	17.39	17.40	40734	418	          0.23	          0.93	17.43	17.66	17.22	17.38	    26.36	70835824	  0.62	农业综合	北京	 2.53	17.39	19487	21247	  0.92	11	318	--  	      43852.50	
="002232"	启明信息	0.08	12.20	0.01	12.20	12.21	55523	919	          0.16	          1.40	12.09	12.30	12.02	12.19	  1080.53	67631216	  0.32	软件服务	吉林	 2.30	12.18	29395	26128	  1.13	375	147	--  	      39797.07	
="000701"	厦门信达	0.08	12.31	0.01	12.31	12.32	49113	620	         -0.08	          2.04	12.35	12.36	12.18	12.30	    43.36	60312016	  0.33	综合类	福建	 1.46	12.28	26180	22933	  1.14	58	1075	--  	      24024.32	
="002073"	软控股份	0.07	13.72	0.01	13.72	13.73	238657	1666	          0.14	          3.86	13.65	14.07	13.56	13.71	    63.26	328931744	  0.55	软件服务	山东	 3.72	13.78	126592	112065	  1.13	1023	620	--  	      61879.48	
="600985"	雷鸣科化	0.06	16.12	0.01	16.15	16.16	10701	4	          0.18	          0.83	16.01	16.22	16.01	16.11	    23.26	17249690	  0.54	化工原料	安徽	 1.30	16.12	5188	5513	  0.94	75	25	--  	      12960.00	
="002563"	森马服饰	0.06	35.20	0.02	35.18	35.20	7973	56	          0.00	          1.14	35.10	35.39	34.60	35.18	    26.35	27903716	  0.38	服饰	浙江	 2.25	35.00	4628	3345	  1.38	5	96	--  	       7000.00	
="603123"	翠微股份	0.00	11.46	0.00	11.45	11.46	43669	61	          0.00	          3.88	11.45	11.75	11.38	11.46	    37.46	50448248	  0.44	百货	北京	 3.23	11.55	25147	18522	  1.36	139	186	--  	      11246.00	
="601928"	凤凰传媒	0.00	10.71	0.00	--  	--  	0	0	          0.00	          0.00	--  	--  	--  	10.71	    27.84	0	  0.00	出版业	江苏	 0.00	10.71	0	0	--  	0	0	--  	      65788.35	
="600986"	科达股份	0.00	7.05	0.00	--  	--  	0	0	          0.00	          0.00	--  	--  	--  	7.05	    36.88	0	  0.00	建筑施工	山东	 0.00	7.05	0	0	--  	0	0	--  	      33526.96	
="600981"	汇鸿股份	0.00	4.21	0.00	--  	--  	0	0	          0.00	          0.00	--  	--  	--  	4.21	    92.48	0	  0.00	商贸代理	江苏	 0.00	4.21	0	0	--  	0	0	--  	      51610.64	
="600876"	洛阳玻璃	0.00	7.24	0.00	--  	--  	0	0	          0.00	          0.00	--  	--  	--  	7.24	   374.48	0	  0.00	玻璃	河南	 0.00	7.24	0	0	--  	0	0	--  	      25001.82	
="600875"	东方电气	0.00	15.28	0.00	15.28	15.29	345086	304	         -0.06	          2.07	15.31	15.58	15.09	15.28	    21.08	529120512	  0.87	电气设备	四川	 3.21	15.33	178853	166233	  1.08	68	58	--  	     166386.00	
="600828"	成商集团	0.00	5.99	0.00	5.98	5.99	58346	71	          0.00	          1.02	6.03	6.05	5.95	5.99	    14.52	34923600	  0.71	百货	四川	 1.67	5.99	34858	23488	  1.48	627	196	--  	      56981.73	
="600792"	云煤能源	0.00	6.26	0.00	--  	--  	0	0	          0.00	          0.00	--  	--  	--  	6.26	   868.05	0	  0.00	焦炭加工	云南	 0.00	6.26	0	0	--  	0	0	--  	      80045.00	
="600749"	西藏旅游	0.00	12.18	0.00	--  	--  	0	0	          0.00	          0.00	--  	--  	--  	12.18	  1161.76	0	  0.00	旅游景点	西藏	 0.00	12.18	0	0	--  	0	0	--  	      18913.78	
="600736"	苏州高新	0.00	5.17	0.00	5.16	5.17	340146	589	         -0.19	          3.22	5.16	5.28	5.12	5.17	    39.92	176740992	  0.48	园区开发	江苏	 3.09	5.20	185648	154498	  1.20	3863	192	--  	     105788.15	
="600708"	海博股份	0.00	8.92	0.00	8.93	8.94	68651	30	          0.11	          1.35	8.93	8.93	8.83	8.92	    32.08	60968176	  0.33	公共交通	上海	 1.12	8.88	41772	26879	  1.55	500	330	--  	      50838.26	
="600622"	嘉宝集团	0.00	7.66	0.00	7.66	7.67	72156	153	          0.13	          1.40	7.66	7.71	7.60	7.66	    10.24	55227416	  0.49	综合类	上海	 1.44	7.65	44342	27814	  1.59	69	657	--  	      51430.37	
="600575"	皖江物流	0.00	4.11	0.00	--  	--  	0	0	          0.00	          0.00	--  	--  	--  	4.11	--  	0	  0.00	港口	安徽	 0.00	4.11	0	0	--  	0	0	--  	     142320.00	
="600569"	安阳钢铁	0.00	2.32	0.00	--  	--  	0	0	          0.00	          0.00	--  	--  	--  	2.32	    78.40	0	  0.00	普钢	河南	 0.00	2.32	0	0	--  	0	0	--  	     239368.45	
="600517"	置信电气	0.00	12.45	0.00	--  	--  	0	0	          0.00	          0.00	--  	--  	--  	12.45	    84.39	0	  0.00	电气设备	上海	 0.00	12.45	0	0	--  	0	0	--  	     111366.89	
="600497"	驰宏锌锗	0.00	10.39	0.00	--  	--  	0	0	          0.00	          0.00	--  	--  	--  	10.39	    84.98	0	  0.00	铅锌	云南	 0.00	10.39	0	0	--  	0	0	--  	     166756.09	
="600369"	西南证券	0.00	10.54	0.00	--  	--  	0	0	          0.00	          0.00	--  	--  	--  	10.54	    25.05	0	  0.00	证券	重庆	 0.00	10.54	0	0	--  	0	0	--  	     232255.45	
="600365"	通葡股份	0.00	11.38	0.00	--  	--  	0	0	          0.00	          0.00	--  	--  	--  	11.38	  5686.21	0	  0.00	红黄药酒	吉林	 0.00	11.38	0	0	--  	0	0	--  	      14000.00	
="600318"	巢东股份	0.00	11.20	0.00	--  	--  	0	0	          0.00	          0.00	--  	--  	--  	11.20	    17.93	0	  0.00	水泥	安徽	 0.00	11.20	0	0	--  	0	0	--  	      24200.00	
="600241"	时代万恒	0.00	8.28	0.00	--  	--  	0	0	          0.00	          0.00	--  	--  	--  	8.28	--  	0	  0.00	商贸代理	辽宁	 0.00	8.28	0	0	--  	0	0	--  	      18020.00	
="600162"	香江控股	0.00	6.07	0.00	--  	--  	0	0	          0.00	          0.00	--  	--  	--  	6.07	    14.22	0	  0.00	全国地产	深圳	 0.00	6.07	0	0	--  	0	0	--  	      76781.27	
="600105"	永鼎股份	0.00	9.86	0.00	--  	--  	0	0	          0.00	          0.00	--  	--  	--  	9.86	    22.23	0	  0.00	通信设备	江苏	 0.00	9.86	0	0	--  	0	0	--  	      38095.46	
="600103"	青山纸业	0.00	3.66	0.00	--  	--  	0	0	          0.00	          0.00	--  	--  	--  	3.66	   601.14	0	  0.00	造纸	福建	 0.00	3.66	0	0	--  	0	0	--  	     106184.15	
="600091"	ST明科	0.00	7.02	0.00	--  	--  	0	0	          0.00	          0.00	--  	--  	--  	7.02	--  	0	  0.00	化工原料	内蒙	 0.00	7.02	0	0	--  	0	0	--  	      33652.60	
="600090"	啤酒花	0.00	8.13	0.00	--  	--  	0	0	          0.00	          0.00	--  	--  	--  	8.13	    36.46	0	  0.00	啤酒	新疆	 0.00	8.13	0	0	--  	0	0	--  	      36791.66	
="600029"	南方航空	0.00	3.46	0.00	3.45	3.46	985381	2464	          0.58	          1.40	3.49	3.55	3.37	3.46	    20.28	339093824	  0.57	空运	广东	 5.20	3.44	537445	447936	  1.20	8489	7702	--  	     702265.00	
="300332"	天壕节能	--  	0.00	--  	--  	--  	0	0	--  	          0.00	--  	--  	--  	14.06	    40.57	0	  0.00	环境保护	北京	 0.00	14.06	0	0	--  	0	0	--  	      22666.75	
="300313"	天山生物	--  	0.00	--  	--  	--  	0	0	--  	          0.00	--  	--  	--  	23.69	   258.62	0	  0.00	农业综合	新疆	 0.00	23.69	0	0	--  	0	0	--  	       4177.81	
="300230"	永利带业	--  	0.00	--  	--  	--  	0	0	--  	          0.00	--  	--  	--  	9.63	    29.42	0	  0.00	塑料	上海	 0.00	9.63	0	0	--  	0	0	--  	      10127.07	
="300189"	神农大丰	--  	0.00	--  	--  	--  	0	0	--  	          0.00	--  	--  	--  	7.86	--  	0	  0.00	种植业	海南	 0.00	7.86	0	0	--  	0	0	--  	      33498.87	
="300072"	三聚环保	--  	0.00	--  	--  	--  	0	0	--  	          0.00	--  	--  	--  	27.13	    36.92	0	  0.00	化工原料	北京	 0.00	27.13	0	0	--  	0	0	--  	      45855.16	
="300013"	新宁物流	--  	0.00	--  	--  	--  	0	0	--  	          0.00	--  	--  	--  	9.26	   131.57	0	  0.00	仓储物流	江苏	 0.00	9.26	0	0	--  	0	0	--  	      18000.00	
="002650"	加加食品	0.00	13.92	0.00	13.92	13.94	69670	678	          0.00	          3.10	13.92	14.11	13.68	13.92	    42.35	96677728	  0.62	食品	湖南	 3.09	13.88	36859	32811	  1.12	208	1	--  	      22439.23	
="002608"	舜天船舶	--  	0.00	--  	--  	--  	0	0	--  	          0.00	--  	--  	--  	12.79	    86.27	0	  0.00	船舶	江苏	 0.00	12.79	0	0	--  	0	0	--  	      32855.16	
="002558"	世纪游轮	--  	0.00	--  	--  	--  	0	0	--  	          0.00	--  	--  	--  	31.65	   271.60	0	  0.00	旅游服务	重庆	 0.00	31.65	0	0	--  	0	0	--  	       3244.39	
="002534"	杭锅股份	0.00	19.00	0.00	19.00	19.03	13021	163	         -0.26	          0.33	18.99	19.15	18.85	19.00	    58.39	24766628	  0.45	专用机械	浙江	 1.58	19.02	6619	6402	  1.03	35	5	--  	      39168.26	
="002529"	海源机械	--  	0.00	--  	--  	--  	0	0	--  	          0.00	--  	--  	--  	15.03	--  	0	  0.00	专用机械	福建	 0.00	15.03	0	0	--  	0	0	--  	      15608.25	
="002509"	天广消防	--  	0.00	--  	--  	--  	0	0	--  	          0.00	--  	--  	--  	12.27	    51.77	0	  0.00	专用机械	福建	 0.00	12.27	0	0	--  	0	0	--  	      23109.89	
="002485"	希努尔	--  	0.00	--  	--  	--  	0	0	--  	          0.00	--  	--  	--  	10.13	--  	0	  0.00	服饰	山东	 0.00	10.13	0	0	--  	0	0	--  	      32000.00	
="002450"	康得新	--  	0.00	--  	--  	--  	0	0	--  	          0.00	--  	--  	--  	32.67	    33.05	0	  0.00	化工原料	江苏	 0.00	32.67	0	0	--  	0	0	--  	      94531.45	
="002426"	胜利精密	--  	0.00	--  	--  	--  	0	0	--  	          0.00	--  	--  	--  	11.26	    68.41	0	  0.00	元器件	江苏	 0.00	11.26	0	0	--  	0	0	--  	      35306.58	
="002324"	普利特	--  	0.00	--  	--  	--  	0	0	--  	          0.00	--  	--  	--  	19.90	    26.33	0	  0.00	塑料	上海	 0.00	19.90	0	0	--  	0	0	--  	      15582.66	
="002323"	中联电气	--  	0.00	--  	--  	--  	0	0	--  	          0.00	--  	--  	--  	21.95	   130.92	0	  0.00	电气设备	江苏	 0.00	21.95	0	0	--  	0	0	--  	       8350.16	
="002264"	新 华 都	0.00	9.16	0.00	9.15	9.16	146742	1013	          0.10	          2.90	9.09	9.28	8.94	9.16	    77.94	134030056	  0.51	超市连锁	福建	 3.71	9.13	84846	61896	  1.37	394	813	--  	      50638.42	
="002103"	广博股份	--  	0.00	--  	--  	--  	0	0	--  	          0.00	--  	--  	--  	10.18	   172.72	0	  0.00	文教休闲	浙江	 0.00	10.18	0	0	--  	0	0	--  	      17095.44	
="002084"	海鸥卫浴	--  	0.00	--  	--  	--  	0	0	--  	          0.00	--  	--  	--  	7.60	    89.04	0	  0.00	家居用品	广东	 0.00	7.60	0	0	--  	0	0	--  	      40605.57	
="002044"	江苏三友	--  	0.00	--  	--  	--  	0	0	--  	          0.00	--  	--  	--  	10.04	    43.13	0	  0.00	服饰	江苏	 0.00	10.04	0	0	--  	0	0	--  	      22410.00	
="002035"	华帝股份	0.00	13.43	0.00	13.43	13.44	27876	275	         -0.07	          0.94	13.30	13.80	13.25	13.43	    17.90	37653948	  0.41	家用电器	广东	 4.10	13.51	9323	18553	  0.50	407	90	--  	      29677.21	
="002013"	中航机电	--  	0.00	--  	--  	--  	0	0	--  	          0.00	--  	--  	--  	22.15	    51.08	0	  0.00	汽车配件	湖北	 0.00	22.15	0	0	--  	0	0	--  	      29285.81	
="002009"	天奇股份	--  	0.00	--  	--  	--  	0	0	--  	          0.00	--  	--  	--  	16.30	    47.89	0	  0.00	工程机械	江苏	 0.00	16.30	0	0	--  	0	0	--  	      25991.22	
="002006"	*ST精功	--  	0.00	--  	--  	--  	0	0	--  	          0.00	--  	--  	--  	8.75	--  	0	  0.00	工程机械	浙江	 0.00	8.75	0	0	--  	0	0	--  	      43677.89	
="000920"	南方汇通	--  	0.00	--  	--  	--  	0	0	--  	          0.00	--  	--  	--  	13.23	    31.50	0	  0.00	运输设备	贵州	 0.00	13.23	0	0	--  	0	0	--  	      42200.00	
="000877"	天山股份	0.00	7.78	0.00	7.77	7.78	730753	6665	         -0.63	          8.30	7.99	8.20	7.78	7.78	    16.72	582386304	  1.16	水泥	新疆	 5.40	7.97	358937	371816	  0.97	647	2114	--  	      88001.99	
="000863"	三湘股份	0.00	7.07	0.00	7.07	7.08	76102	559	         -0.14	          4.36	7.04	7.24	7.04	7.07	   119.79	54361848	  1.25	区域地产	上海	 2.83	7.14	39302	36800	  1.07	1075	270	--  	      17462.02	
="000816"	江淮动力	0.00	6.64	0.00	6.63	6.64	227494	3702	          0.00	          2.09	6.76	6.86	6.60	6.64	   167.72	152384784	  0.66	机械基件	江苏	 3.92	6.70	132263	95231	  1.39	1027	712	--  	     108877.75	
="000796"	易食股份	--  	0.00	--  	--  	--  	0	0	--  	          0.00	--  	--  	--  	7.23	    95.94	0	  0.00	食品	陕西	 0.00	7.23	0	0	--  	0	0	--  	      24652.30	
="000795"	太原刚玉	--  	0.00	--  	--  	--  	0	0	--  	          0.00	--  	--  	--  	10.92	--  	0	  0.00	矿物制品	山西	 0.00	10.92	0	0	--  	0	0	--  	      27679.44	
="000710"	天兴仪表	--  	0.00	--  	--  	--  	0	0	--  	          0.00	--  	--  	--  	13.60	--  	0	  0.00	汽车配件	四川	 0.00	13.60	0	0	--  	0	0	--  	      15120.00	
="000627"	天茂集团	--  	0.00	--  	--  	--  	0	0	--  	          0.00	--  	--  	--  	4.10	    28.37	0	  0.00	化工原料	湖北	 0.00	4.10	0	0	--  	0	0	--  	     135358.98	
="000533"	万 家 乐	--  	0.00	--  	--  	--  	0	0	--  	          0.00	--  	--  	--  	5.97	    35.25	0	  0.00	家用电器	广东	 0.00	5.97	0	0	--  	0	0	--  	      68487.71	
="000498"	山东路桥	--  	0.00	--  	--  	--  	0	0	--  	          0.00	--  	--  	--  	4.64	    27.67	0	  0.00	建筑施工	山东	 0.00	4.64	0	0	--  	0	0	--  	      35417.01	
="000415"	渤海租赁	--  	0.00	--  	--  	--  	0	0	--  	          0.00	--  	--  	--  	10.28	    19.57	0	  0.00	多元金融	新疆	 0.00	10.28	0	0	--  	0	0	--  	     126917.42	
="000090"	天健集团	--  	0.00	--  	--  	--  	0	0	--  	          0.00	--  	--  	--  	8.44	    25.79	0	  0.00	建筑施工	深圳	 0.00	8.44	0	0	--  	0	0	--  	      55253.07	
="002470"	金正大	-0.04	26.59	-0.01	26.56	26.59	32411	88	         -0.03	          0.55	26.64	26.94	26.29	26.60	    17.13	86225600	  0.59	农药化肥	山东	 2.44	26.60	15029	17382	  0.86	9	61	--  	      59254.00	
="002496"	辉丰股份	-0.06	17.69	-0.01	17.68	17.69	26757	444	         -0.56	          1.45	17.58	17.85	17.52	17.70	    27.01	47292200	  0.47	农药化肥	江苏	 1.86	17.67	17359	9398	  1.85	441	147	--  	      18456.77	
="002251"	步 步 高	-0.06	16.99	-0.01	16.96	16.99	46813	731	          0.11	          0.86	16.91	17.16	16.89	17.00	    22.66	79609104	  0.33	超市连锁	湖南	 1.59	17.01	26975	19838	  1.36	11	143	--  	      54401.89	
="002003"	伟星股份	-0.10	9.83	-0.01	9.83	9.84	42857	437	          0.00	          1.46	9.85	9.93	9.76	9.84	    12.96	42229524	  0.73	服饰	浙江	 1.73	9.85	23073	19784	  1.17	463	1025	--  	      29320.38	
="600731"	湖南海利	-0.11	8.81	-0.01	8.80	8.84	30194	114	         -0.22	          1.18	8.82	8.92	8.71	8.82	   549.29	26669256	  0.52	农药化肥	湖南	 2.38	8.83	16313	13881	  1.18	452	43	--  	      25557.66	
="600713"	南京医药	-0.13	7.99	-0.01	7.98	7.99	79523	108	          0.00	          1.15	8.02	8.05	7.92	8.00	    81.46	63488500	  0.34	医药连锁	江苏	 1.63	7.98	45659	33864	  1.35	1100	340	--  	      69358.07	
="002244"	滨江集团	-0.14	7.07	-0.01	7.06	7.07	103889	5412	          0.85	          0.91	7.07	7.13	7.01	7.08	    12.59	73350656	  0.78	区域地产	浙江	 1.69	7.06	53554	50335	  1.06	1603	5399	--  	     114773.00	
="002703"	浙江世宝	-0.15	26.45	-0.04	26.45	26.47	12212	413	          0.49	          8.14	26.70	26.70	26.17	26.49	   149.40	32206104	  1.18	汽车配件	浙江	 2.00	26.37	7248	4964	  1.46	74	25	--  	       1500.00	
="000589"	黔轮胎Ａ	-0.16	6.37	-0.01	6.36	6.37	57889	425	          0.15	          1.18	6.38	6.42	6.32	6.38	    28.55	36836500	  0.63	汽车配件	贵州	 1.57	6.36	34383	23506	  1.46	359	285	--  	      48884.73	
="000900"	现代投资	-0.16	6.26	-0.01	6.26	6.27	176080	1332	         -0.15	          1.74	6.27	6.31	6.22	6.27	    16.29	110094824	  0.41	路桥	湖南	 1.44	6.25	103457	72623	  1.42	1240	1978	--  	     101128.75	
="600727"	鲁北化工	-0.17	6.05	-0.01	6.05	6.06	48333	307	         -0.32	          1.38	6.06	6.16	6.04	6.06	   195.10	29457812	  0.51	农药化肥	山东	 1.98	6.09	27054	21279	  1.27	86	345	--  	      35092.66	
="600306"	*ST商城	-0.18	11.18	-0.02	11.18	11.20	15795	30	          0.35	          0.89	11.19	11.43	11.08	11.20	--  	17670236	  1.01	百货	辽宁	 3.13	11.19	9051	6744	  1.34	50	293	--  	      17727.78	
="002457"	青龙管业	-0.19	10.28	-0.02	10.28	10.29	96962	742	          0.00	          3.82	10.33	10.39	10.16	10.30	    41.25	99577248	  0.99	塑料	宁夏	 2.23	10.27	49608	47354	  1.05	795	130	--  	      25365.41	
="002637"	赞宇科技	-0.20	20.36	-0.04	20.35	20.36	36592	142	          0.14	          3.79	20.30	20.74	19.84	20.40	    63.85	74258600	  0.74	日用化工	浙江	 4.41	20.29	18700	17892	  1.05	39	132	--  	       9650.91	
="600540"	新赛股份	-0.24	8.38	-0.02	8.38	8.39	53741	20	          0.00	          1.78	8.35	8.43	8.28	8.40	   630.58	44985504	  0.75	种植业	新疆	 1.79	8.37	26582	27159	  0.98	114	260	--  	      30270.84	
="600665"	天地源	-0.24	4.17	-0.01	4.17	4.18	88053	121	          0.24	          1.02	4.15	4.20	4.15	4.18	    24.19	36742932	  0.66	全国地产	上海	 1.20	4.17	43472	44581	  0.98	160	1159	--  	      86412.25	
="300091"	金通灵	-0.26	22.91	-0.06	22.88	22.91	6246	140	          0.70	          0.49	22.90	22.99	22.51	22.97	   398.79	14198086	  0.63	机械基件	江苏	 2.09	22.73	3189	3057	  1.04	30	44	--  	      12639.70	
="000601"	韶能股份	-0.33	6.05	-0.02	6.04	6.05	247645	1638	          0.00	          2.49	6.08	6.25	6.00	6.07	    18.46	151321536	  0.39	火力发电	广东	 4.12	6.11	133823	113822	  1.18	188	1052	--  	      99398.67	
="002687"	乔治白	-0.34	11.90	-0.04	11.88	11.90	17219	84	          0.08	          2.47	11.88	12.05	11.88	11.94	    42.35	20559944	  0.50	服饰	浙江	 1.42	11.94	8312	8907	  0.93	227	34	--  	       6961.27	
="600083"	博信股份	-0.35	11.40	-0.04	11.43	11.44	37964	10	          1.78	          1.68	11.32	11.54	11.10	11.44	   620.33	42885584	  0.80	元器件	广东	 3.85	11.30	23346	14618	  1.60	216	366	--  	      22598.08	
="002302"	西部建设	-0.40	14.81	-0.06	14.80	14.81	130925	2010	          0.27	          4.83	14.97	15.28	14.57	14.87	    33.61	195908128	  0.59	水泥	新疆	 4.77	14.96	69640	61285	  1.14	382	10	--  	      27091.33	
="600674"	川投能源	-0.41	17.21	-0.07	17.19	17.20	86016	26	         -0.05	          0.39	17.36	17.45	17.17	17.28	     9.87	148742496	  0.58	火力发电	四川	 1.62	17.29	45913	40103	  1.14	573	110	--  	     220107.03	
="002202"	金风科技	-0.42	11.84	-0.05	11.83	11.84	221705	3469	         -0.25	          1.04	11.83	11.99	11.68	11.89	    20.02	262330384	  0.48	电气设备	新疆	 2.61	11.83	119380	102325	  1.17	917	1620	--  	     213853.45	
="002680"	黄海机械	-0.44	34.10	-0.15	34.10	34.18	5044	62	          0.00	          2.10	34.20	34.50	34.00	34.25	   147.86	17249318	  0.60	工程机械	江苏	 1.46	34.19	3575	1469	  2.43	97	20	--  	       2399.22	
="002361"	神剑股份	-0.46	8.62	-0.04	8.62	8.63	34022	284	         -0.23	          1.92	8.64	8.68	8.44	8.66	    32.46	29161994	  0.64	化工原料	安徽	 2.77	8.57	16805	17217	  0.98	210	63	--  	      17698.19	
="000875"	吉电股份	-0.47	4.25	-0.02	4.25	4.26	306636	3150	         -0.23	          4.65	4.28	4.39	4.23	4.27	   458.62	132355128	  0.74	火力发电	吉林	 3.75	4.32	163724	142912	  1.15	327	643	--  	      66003.21	
="000752"	西藏发展	-0.48	14.43	-0.07	14.42	14.43	193768	1613	         -0.27	          7.35	14.33	15.00	14.25	14.50	   210.40	283268416	  1.29	啤酒	西藏	 5.17	14.62	96536	97232	  0.99	426	133	--  	      26375.01	
="600220"	江苏阳光	-0.49	4.03	-0.02	4.03	4.04	354461	518	         -0.24	          1.99	4.04	4.13	4.03	4.05	   110.21	144605600	  0.71	纺织	江苏	 2.47	4.08	195670	158791	  1.23	3310	2020	--  	     178334.03	
="002494"	华斯股份	-0.49	16.12	-0.08	16.11	16.12	17023	59	          0.00	          1.75	16.25	16.30	16.04	16.20	    30.99	27492088	  0.60	服饰	河北	 1.60	16.15	9048	7975	  1.13	94	61	--  	       9726.16	
="600115"	东方航空	-0.51	3.94	-0.02	3.94	3.95	483812	1649	          0.25	          0.62	4.02	4.05	3.86	3.96	    18.20	191176096	  0.34	空运	上海	 4.80	3.95	267711	216101	  1.24	2708	6800	--  	     778221.38	
="601588"	北辰实业	-0.53	3.72	-0.02	3.72	3.73	399651	220	          0.00	          1.50	3.72	3.81	3.70	3.74	    29.27	149527008	  0.49	区域地产	北京	 2.94	3.74	214387	185264	  1.16	2250	4212	--  	     266000.00	
="600078"	澄星股份	-0.55	9.12	-0.05	9.10	9.11	57649	721	         -0.54	          0.87	9.15	9.26	9.07	9.17	   168.30	52845052	  0.29	化工原料	江苏	 2.07	9.17	31812	25837	  1.23	1632	12	--  	      66257.28	
="002622"	永大集团	-0.56	17.85	-0.10	17.84	17.85	12572	505	         -0.39	          1.30	17.92	18.10	17.78	17.95	    76.87	22514920	  0.65	电气设备	吉林	 1.78	17.91	6060	6512	  0.93	5	22	--  	       9653.75	
="600865"	百大集团	-0.57	8.69	-0.05	8.69	8.70	33661	70	          0.34	          0.89	8.74	8.78	8.62	8.74	    19.27	29279836	  0.57	百货	浙江	 1.83	8.70	18610	15051	  1.24	217	221	--  	      37624.03	
="002083"	孚日股份	-0.57	5.20	-0.03	5.20	5.21	134337	1690	         -0.19	          1.63	5.21	5.29	5.19	5.23	    22.62	70417408	  0.82	纺织	山东	 1.91	5.24	66305	68032	  0.97	3147	253	--  	      82370.27	
="002615"	哈尔斯	-0.59	30.50	-0.18	30.49	30.50	16884	350	          0.00	          3.31	30.38	30.97	30.38	30.68	    36.81	51764956	  0.70	家居用品	浙江	 1.92	30.66	9988	6896	  1.45	206	17	--  	       5106.25	
="002042"	华孚色纺	-0.59	5.07	-0.03	5.06	5.07	102288	780	         -0.19	          1.23	5.11	5.14	5.04	5.10	    15.94	52109416	  0.94	纺织	安徽	 1.96	5.09	46709	55579	  0.84	973	759	--  	      82998.72	
="600201"	金宇集团	-0.59	35.14	-0.21	35.17	35.19	10374	104	          0.02	          0.37	35.09	35.38	34.78	35.35	    24.33	36404808	  0.32	生物制药	内蒙	 1.70	35.09	5534	4840	  1.14	3	5	--  	      28081.49	
="600615"	丰华股份	-0.60	13.28	-0.08	13.28	13.29	30124	1	         -0.07	          1.61	13.36	13.42	13.18	13.36	   171.27	40004456	  0.54	区域地产	上海	 1.80	13.28	20343	9781	  2.08	40	153	--  	      18762.44	
="002086"	东方海洋	-0.61	11.37	-0.07	11.37	11.38	102928	1093	         -0.17	          4.33	11.45	11.61	11.30	11.44	    55.55	118279528	  1.05	渔业	山东	 2.71	11.49	52450	50478	  1.04	544	155	--  	      23780.85	
="002253"	川大智胜	-0.62	33.70	-0.21	33.69	33.70	18667	118	         -0.14	          1.48	33.95	34.34	33.29	33.91	   191.24	62852260	  0.41	软件服务	四川	 3.10	33.67	11109	7558	  1.47	41	54	--  	      12585.73	
="600004"	白云机场	-0.65	9.18	-0.06	9.19	9.20	79495	15	          0.10	          0.69	9.18	9.30	9.13	9.24	    10.63	73153968	  0.44	机场	广东	 1.84	9.20	43390	36105	  1.20	92	262	--  	     115000.00	
="601113"	华鼎股份	-0.67	5.91	-0.04	5.90	5.91	70698	30	         -0.16	          1.10	5.96	5.97	5.82	5.95	  1515.38	41711104	  0.79	化纤	浙江	 2.52	5.90	34234	36464	  0.94	1086	462	--  	      64000.00	
="600337"	美克家居	-0.68	8.70	-0.06	8.70	8.71	71088	21	         -0.57	          1.11	8.77	8.80	8.63	8.76	    28.33	61666016	  0.95	家居用品	新疆	 1.94	8.67	51925	19163	  2.71	323	9	--  	      63833.23	
="300275"	梅安森	-0.70	21.25	-0.15	21.25	21.26	15989	110	         -0.04	          1.52	21.41	21.82	21.15	21.40	    75.87	34416500	  0.47	软件服务	重庆	 3.13	21.52	9679	6310	  1.53	166	435	--  	      10505.59	
="002007"	华兰生物	-0.71	33.80	-0.24	33.80	33.82	98328	960	          0.00	          1.70	33.88	34.35	33.38	34.04	    34.87	332951808	  0.53	生物制药	河南	 2.85	33.86	54448	43880	  1.24	98	107	--  	      57686.69	
="002162"	斯米克	-0.71	8.39	-0.06	8.38	8.39	107811	3963	          0.00	          2.58	8.40	8.57	8.30	8.45	   361.76	90839016	  0.34	陶瓷	上海	 3.20	8.43	60291	47520	  1.27	884	121	--  	      41800.00	
="600505"	西昌电力	-0.72	11.08	-0.08	11.05	11.06	20461	34	          0.27	          0.56	11.19	11.28	10.98	11.16	    60.52	22712976	  0.65	水力发电	四川	 2.69	11.10	11664	8797	  1.33	37	2	--  	      36456.75	
="600380"	健康元	-0.72	6.90	-0.05	6.90	6.91	115764	293	         -0.14	          0.75	6.92	6.95	6.83	6.95	    26.39	79745976	  0.73	化学制药	深圳	 1.73	6.89	61574	54190	  1.14	36	756	--  	     154583.59	
="002444"	巨星科技	-0.72	13.72	-0.10	13.72	13.73	64261	485	         -0.14	          0.73	13.61	13.94	13.61	13.82	    25.06	88487832	  0.67	轻工机械	浙江	 2.39	13.77	30119	34142	  0.88	87	250	--  	      87460.32	
="002501"	利源精制	-0.76	18.26	-0.14	18.26	18.27	79826	627	         -0.05	          2.38	18.38	18.43	18.07	18.40	    21.95	145343024	  0.50	铝	吉林	 1.96	18.21	46615	33211	  1.40	928	569	--  	      33565.53	
="600512"	腾达建设	-0.78	3.81	-0.03	3.81	3.82	488480	625	         -0.26	          6.63	3.88	4.11	3.80	3.84	    75.88	192294032	  1.94	建筑施工	浙江	 8.07	3.94	232824	255656	  0.91	2080	1006	--  	      73694.06	
="601616"	广电电气	-0.78	5.07	-0.04	5.06	5.07	96658	441	          0.19	          1.04	5.09	5.13	5.04	5.11	    88.42	49049836	  0.72	电气设备	上海	 1.76	5.07	53219	43439	  1.23	305	441	--  	      93258.00	
="002110"	三钢闽光	-0.79	6.26	-0.05	6.26	6.27	56351	714	         -0.31	          1.05	6.26	6.35	6.20	6.31	--  	35409380	  0.53	普钢	福建	 2.38	6.28	28939	27412	  1.06	328	163	--  	      53470.00	
="600095"	哈高科	-0.84	7.08	-0.06	7.07	7.09	55118	143	          0.00	          1.53	7.14	7.17	7.02	7.14	   242.66	39091668	  0.73	食品	黑龙江	 2.10	7.09	31827	23291	  1.37	532	210	--  	      36126.35	
="002547"	春兴精工	-0.84	16.44	-0.14	16.43	16.44	56456	903	          0.55	          3.93	16.56	16.80	16.32	16.58	    45.74	93238496	  0.65	通信设备	江苏	 2.90	16.52	30434	26022	  1.17	4	519	--  	      14378.58	
="600038"	哈飞股份	-0.85	38.36	-0.33	38.34	38.36	37611	38	          0.20	          1.11	38.45	39.35	38.10	38.69	    70.09	145026880	  0.50	航空航天	黑龙江	 3.23	38.56	20056	17555	  1.14	5	29	--  	      33735.00	
="601111"	中国国航	-0.86	4.62	-0.04	4.61	4.63	684674	704	          0.43	          0.82	4.74	4.78	4.56	4.66	    14.36	317351040	  0.57	空运	北京	 4.72	4.64	386526	298148	  1.30	1283	2849	--  	     832927.13	
="002700"	新疆浩源	-0.86	22.96	-0.20	22.96	22.97	30776	204	          0.00	          3.22	23.20	23.28	22.82	23.16	    51.64	70723536	  0.49	供气供热	新疆	 1.99	22.98	17395	13381	  1.30	74	37	--  	       9564.16	
="600466"	迪康药业	-0.90	6.57	-0.06	6.56	6.57	107836	50	          0.15	          2.46	6.62	6.62	6.45	6.63	   162.23	70428088	  0.78	中成药	四川	 2.56	6.53	58760	49076	  1.20	141	559	--  	      43900.58	
="002168"	深圳惠程	-0.92	9.68	-0.09	9.68	9.69	202270	1156	          0.10	          3.56	9.72	9.85	9.51	9.77	--  	196226416	  0.55	电气设备	深圳	 3.48	9.70	109228	93042	  1.17	4054	147	--  	      56803.58	
="002676"	顺威股份	-0.97	17.39	-0.17	17.38	17.39	13670	145	          0.11	          3.20	17.49	17.58	17.18	17.56	    52.97	23756016	  0.64	塑料	广东	 2.28	17.38	7261	6409	  1.13	15	81	--  	       4275.22	
="002177"	御银股份	-0.98	7.10	-0.07	7.09	7.10	182638	1148	          0.14	          3.36	7.14	7.22	7.04	7.17	    34.04	130200576	  0.39	电脑设备	广东	 2.51	7.13	98204	84434	  1.16	1941	2502	--  	      54339.60	
="002398"	建研集团	-1.00	16.86	-0.17	16.85	16.86	25413	315	         -0.11	          1.33	17.00	17.03	16.70	17.03	    19.78	42782616	  0.37	建筑施工	福建	 1.94	16.83	15842	9571	  1.66	1385	70	--  	      19113.78	
="601886"	江河创建	-1.00	7.90	-0.08	7.89	7.90	420416	417	         -0.62	          4.63	8.23	8.48	7.89	7.98	    25.00	342777088	  2.21	装修装饰	北京	 7.39	8.15	214047	206369	  1.04	22	1086	--  	      90723.52	
="002243"	通产丽星	-1.00	8.87	-0.09	8.87	8.88	25347	186	          0.00	          0.82	8.99	9.04	8.76	8.96	--  	22461614	  0.46	塑料	深圳	 3.12	8.86	14788	10559	  1.40	303	50	--  	      30990.90	
="000501"	鄂武商Ａ	-1.01	13.76	-0.14	13.76	13.77	51825	1087	         -0.14	          1.02	13.88	14.05	13.76	13.90	    10.80	71947520	  0.65	百货	湖北	 2.09	13.88	30741	21084	  1.46	73	37	--  	      50718.42	
="601116"	三江购物	-1.02	8.73	-0.09	8.73	8.75	41019	736	         -0.34	          1.02	8.84	8.85	8.71	8.82	    28.44	35973928	  0.87	超市连锁	浙江	 1.59	8.77	22284	18735	  1.19	595	474	--  	      40189.30	
="002483"	润邦股份	-1.04	13.30	-0.14	13.28	13.30	172667	1309	         -0.37	          4.80	13.50	13.70	12.78	13.44	    40.11	228220496	  3.24	工程机械	江苏	 6.85	13.22	70497	102170	  0.69	12	629	--  	      36000.00	
="000035"	中国天楹	-1.05	13.21	-0.14	13.20	13.21	22130	196	          0.00	          1.17	13.30	13.32	13.16	13.35	    61.78	29300618	  0.47	通信设备	深圳	 1.20	13.24	13885	8245	  1.68	90	200	--  	      18895.36	
="601313"	江南嘉捷	-1.07	11.12	-0.12	11.12	11.13	35575	72	         -0.80	          1.32	11.09	11.28	10.96	11.24	    20.48	39681896	  0.42	运输设备	江苏	 2.85	11.15	15436	20139	  0.77	70	149	--  	      26852.53	
="600005"	武钢股份	-1.12	2.65	-0.03	2.65	2.66	1219830	729	          0.00	          1.21	2.67	2.77	2.65	2.68	    26.04	329979328	  0.65	普钢	湖北	 4.48	2.71	634036	585794	  1.08	18215	10539	--  	    1009378.00	
="600125"	铁龙物流	-1.15	7.73	-0.09	7.73	7.74	381176	1134	          0.38	          2.92	7.83	7.90	7.70	7.82	    28.51	297791744	  0.81	铁路	辽宁	 2.56	7.81	176664	204512	  0.86	2426	130	--  	     130552.18	
="000683"	远兴能源	-1.17	5.07	-0.06	5.07	5.08	149546	1091	         -0.19	          1.95	5.13	5.16	5.02	5.13	    29.18	75958072	  0.64	化工原料	内蒙	 2.73	5.08	88115	61431	  1.43	384	807	--  	      76781.39	
="600127"	金健米业	-1.17	5.91	-0.07	5.90	5.91	125056	56	          0.16	          2.30	5.94	5.97	5.81	5.98	--  	73784592	  0.88	农业综合	湖南	 2.68	5.90	75321	49735	  1.51	1653	1127	--  	      54445.96	
="000078"	海王生物	-1.17	10.13	-0.12	10.13	10.14	182781	1684	          0.09	          2.50	10.21	10.25	10.05	10.25	   102.72	185202224	  0.57	生物制药	深圳	 1.95	10.13	100328	82453	  1.22	2091	638	--  	      73076.79	
="600302"	标准股份	-1.18	6.69	-0.08	6.69	6.70	44692	20	          0.14	          1.29	6.74	6.83	6.64	6.77	--  	30024504	  0.84	纺织机械	陕西	 2.81	6.72	28467	16225	  1.75	180	1209	--  	      34600.98	
="600153"	建发股份	-1.21	7.35	-0.09	7.34	7.35	608170	1543	          0.13	          2.15	7.43	7.47	7.25	7.44	     9.93	445756000	  0.51	商贸代理	福建	 2.96	7.33	331425	276745	  1.20	855	38	--  	     283520.06	
="600710"	常林股份	-1.21	4.89	-0.06	4.88	4.89	667593	105	          0.00	         10.43	5.00	5.17	4.80	4.95	--  	332372096	  2.66	工程机械	江苏	 7.47	4.98	365137	302456	  1.21	994	654	--  	      64028.39	
="002093"	国脉科技	-1.28	6.94	-0.09	6.94	6.95	103834	480	         -0.14	          1.22	7.12	7.12	6.93	7.03	   123.49	72335064	  0.65	电信运营	福建	 2.70	6.97	72354	31480	  2.30	236	777	--  	      85291.22	
="600806"	昆明机床	-1.31	6.03	-0.08	6.03	6.04	67501	218	         -0.16	          1.73	6.05	6.19	5.98	6.11	--  	40722668	  0.66	机床制造	云南	 3.44	6.03	40439	27062	  1.49	25	127	--  	      39018.62	
="000088"	盐 田 港	-1.32	7.50	-0.10	7.50	7.51	454761	2259	         -0.13	          2.34	7.63	7.69	7.33	7.60	    31.66	342225536	  0.49	港口	深圳	 4.74	7.53	241981	212780	  1.14	4390	60	--  	     194212.78	
="600375"	华菱星马	-1.35	13.14	-0.18	13.09	13.18	142726	287	          0.30	          2.87	13.32	13.50	13.03	13.32	    52.04	188860672	  0.56	汽车整车	安徽	 3.53	13.23	87517	55209	  1.59	400	15	--  	      49788.89	
="002393"	力生制药	-1.37	34.45	-0.48	34.43	34.45	17758	23	          0.14	          0.98	34.80	34.95	34.37	34.93	    43.69	61377808	  0.80	化学制药	天津	 1.66	34.56	10734	7024	  1.53	10	57	--  	      18165.82	
="600491"	龙元建设	-1.38	4.30	-0.06	4.31	4.32	242104	2	         -0.23	          2.55	4.38	4.47	4.29	4.36	    19.54	105543496	  1.27	建筑施工	浙江	 4.13	4.36	136043	106061	  1.28	167	718	--  	      94760.00	
="000159"	国际实业	-1.38	9.29	-0.13	9.28	9.29	193440	3461	         -0.21	          4.02	9.40	9.74	9.28	9.42	    51.68	183992048	  0.94	石油贸易	新疆	 4.88	9.51	96108	97332	  0.99	2154	386	--  	      48113.92	
="600867"	通化东宝	-1.39	17.05	-0.24	17.06	17.07	144048	391	          0.29	          1.41	17.25	17.30	16.86	17.29	    60.06	245010864	  0.75	生物制药	吉林	 2.54	17.01	84106	59942	  1.40	5	86	--  	     102460.04	
="600657"	信达地产	-1.40	4.23	-0.06	4.23	4.24	105595	1042	         -0.47	          0.69	4.29	4.31	4.22	4.29	    19.28	44948176	  0.58	全国地产	北京	 2.10	4.26	55064	50531	  1.09	170	418	--  	     152426.05	
="002588"	史丹利	-1.42	31.17	-0.45	31.17	31.18	15214	66	          0.03	          0.92	31.61	31.62	31.08	31.62	    16.16	47462160	  0.69	农药化肥	山东	 1.71	31.19	7954	7260	  1.10	112	20	--  	      16462.27	
="600533"	栖霞建设	-1.46	4.05	-0.06	4.05	4.06	150985	470	          0.00	          1.44	4.11	4.16	4.04	4.11	    41.20	61750584	  0.82	区域地产	江苏	 2.92	4.09	90712	60273	  1.51	143	1381	--  	     105000.00	
="002399"	海普瑞	-1.48	26.61	-0.40	26.61	26.62	39081	90	         -0.22	          0.49	27.14	27.18	26.36	27.01	    71.27	104104728	  0.81	化学制药	深圳	 3.04	26.64	24104	14977	  1.61	34	48	--  	      80020.00	
="600693"	东百集团	-1.48	8.64	-0.13	8.64	8.65	55937	140	          0.11	          1.63	8.79	8.80	8.56	8.77	    12.98	48378848	  0.72	百货	福建	 2.74	8.65	36765	19172	  1.92	62	86	--  	      34216.55	
="000606"	青海明胶	-1.49	7.25	-0.11	7.25	7.26	91192	1293	         -0.13	          2.25	7.36	7.37	7.22	7.36	--  	66332732	  0.67	化学制药	青海	 2.04	7.27	51068	40124	  1.27	254	813	--  	      40596.35	
="300099"	尤洛卡	-1.51	15.03	-0.23	15.02	15.03	28637	474	          0.13	          2.64	15.26	15.50	14.88	15.26	   189.35	43259456	  0.50	电器仪表	山东	 4.06	15.11	15725	12912	  1.22	72	1	--  	      10838.75	
="600573"	惠泉啤酒	-1.52	9.73	-0.15	9.70	9.74	28240	123	          0.51	          1.13	9.76	9.89	9.65	9.88	    44.33	27549848	  0.71	啤酒	福建	 2.43	9.76	15214	13026	  1.17	7	7	--  	      25000.00	
="000100"	TCL 集团	-1.52	3.23	-0.05	3.22	3.23	3030114	40634	          0.00	          3.72	3.27	3.35	3.22	3.28	    10.32	992997184	  0.69	家用电器	广东	 3.96	3.28	1698110	1332004	  1.27	61653	15576	--  	     813618.25	
="000089"	深圳机场	-1.58	4.99	-0.08	4.98	4.99	108962	578	          0.20	          0.64	5.06	5.06	4.97	5.07	    33.00	54596628	  0.36	机场	深圳	 1.78	5.01	68514	40448	  1.69	1585	187	--  	     169169.27	
="000570"	苏常柴Ａ	-1.58	9.34	-0.15	9.34	9.35	72310	1069	          0.00	          1.76	9.60	9.60	9.31	9.49	    77.04	67770792	  0.84	农用机械	江苏	 3.06	9.37	45379	26931	  1.69	57	179	--  	      41137.42	
="002291"	星期六	-1.58	8.08	-0.13	8.08	8.09	32121	253	          0.00	          0.88	8.21	8.21	8.05	8.21	    76.40	26046834	  0.74	服饰	广东	 1.95	8.11	20485	11636	  1.76	55	151	--  	      36335.00	
="002318"	久立特材	-1.59	26.57	-0.43	26.57	26.58	56596	254	          0.30	          1.90	27.29	27.29	26.38	27.00	    37.97	151019536	  0.98	特钢	浙江	 3.37	26.68	39385	17211	  2.29	493	3	--  	      29783.93	
="300117"	嘉寓股份	-1.62	7.31	-0.12	7.29	7.31	34049	58	          0.27	          1.05	7.41	7.41	7.27	7.43	    40.75	24944870	  0.76	装修装饰	北京	 1.88	7.33	21873	12176	  1.80	413	36	--  	      32580.00	
="600812"	华北制药	-1.62	6.69	-0.11	6.68	6.69	145898	125	          0.00	          1.42	6.76	6.78	6.63	6.80	   363.52	97665656	  0.91	化学制药	河北	 2.21	6.69	91266	54632	  1.67	663	264	--  	     102857.75	
="600478"	科力远	-1.64	24.65	-0.41	24.64	24.65	52468	8	          0.08	          1.11	25.06	25.06	24.40	25.06	--  	129488832	  0.98	元器件	湖南	 2.63	24.68	29559	22909	  1.29	30	72	--  	      47223.51	
="002511"	中顺洁柔	-1.75	11.24	-0.20	11.23	11.24	68115	576	         -0.08	          1.68	11.60	11.60	11.00	11.44	    67.10	76339184	  0.69	造纸	广东	 5.24	11.21	42444	25671	  1.65	256	207	--  	      40451.92	
="000828"	东莞控股	-1.81	6.51	-0.12	6.50	6.51	99479	878	          0.15	          0.96	6.63	6.69	6.49	6.63	    11.91	65358616	  0.56	路桥	广东	 3.02	6.57	58016	41463	  1.40	241	623	--  	     103951.70	
="002208"	合肥城建	-1.83	9.10	-0.17	9.10	9.11	27166	214	          0.00	          0.86	9.09	9.24	8.98	9.27	    39.17	24711150	  0.57	区域地产	安徽	 2.80	9.10	17522	9644	  1.82	352	289	--  	      31671.60	
="601107"	四川成渝	-1.85	3.71	-0.07	3.70	3.71	190868	7	         -0.26	          0.88	3.81	3.84	3.70	3.78	     9.99	71609312	  0.73	路桥	四川	 3.70	3.75	90848	100020	  0.91	5874	1120	--  	     216274.00	
="601009"	南京银行	-1.87	10.52	-0.20	10.52	10.53	722353	482	         -0.09	          2.43	10.73	10.75	10.38	10.72	     5.63	762034432	  0.57	银行	江苏	 3.45	10.55	383432	338921	  1.13	275	17	--  	     296893.31	
="000301"	东方市场	-1.89	4.15	-0.08	4.15	4.16	206876	2499	         -0.24	          1.70	4.22	4.25	4.15	4.23	    24.30	86770152	  0.80	综合类	江苏	 2.36	4.19	116429	90447	  1.29	2070	3799	--  	     121823.64	
="600300"	维维股份	-1.90	5.68	-0.11	5.68	5.69	236218	45	          0.00	          1.41	5.78	5.84	5.60	5.79	    84.23	134219616	  0.61	软饮料	江苏	 4.15	5.68	146189	90029	  1.62	219	1359	--  	     167200.00	
="002333"	罗普斯金	-1.90	13.91	-0.27	13.84	13.91	29462	513	          0.43	          1.22	14.18	14.18	13.76	14.18	    57.17	40992952	  0.80	铝	江苏	 2.96	13.91	16484	12978	  1.27	10	540	--  	      24248.49	
="000553"	沙隆达Ａ	-1.91	13.85	-0.27	13.85	13.86	61685	1711	         -0.07	          1.70	14.10	14.12	13.85	14.12	    14.39	86001592	  0.57	农药化肥	湖北	 1.91	13.94	35365	26320	  1.34	928	397	--  	      36389.37	
="600851"	海欣股份	-1.93	8.13	-0.16	8.12	8.13	119131	207	         -0.12	          1.61	8.28	8.33	8.12	8.29	    59.91	97514104	  0.72	纺织	上海	 2.53	8.19	75142	43989	  1.71	730	303	--  	      73820.60	
="002370"	亚太药业	-1.96	17.51	-0.35	17.51	17.53	23621	374	         -0.28	          1.64	17.91	17.92	17.51	17.86	    95.75	41832660	  0.62	化学制药	浙江	 2.30	17.71	13705	9916	  1.38	83	7	--  	      14417.91	
="002046"	轴研科技	-1.96	10.48	-0.21	10.48	10.49	75589	571	          0.00	          2.22	10.65	10.65	10.42	10.69	   240.69	79306752	  0.40	机械基件	河南	 2.15	10.49	47302	28287	  1.67	208	206	--  	      34056.60	
="002690"	美亚光电	-1.98	45.56	-0.92	45.56	45.70	9249	40	          0.13	          0.83	46.46	46.58	45.39	46.48	    59.69	42419972	  0.84	专用机械	安徽	 2.56	45.86	5339	3910	  1.37	19	5	--  	      11095.95	
="600308"	华泰股份	-1.99	3.95	-0.08	3.95	3.96	249914	104	          0.00	          2.14	4.04	4.09	3.95	4.03	    51.52	99798512	  1.07	造纸	山东	 3.47	3.99	122875	127039	  0.97	3788	13	--  	     116756.14	
="600650"	锦江投资	-2.00	12.73	-0.26	12.73	12.74	44546	312	         -0.54	          1.14	12.76	13.00	12.61	12.99	    31.27	57093608	  0.26	公共交通	上海	 3.00	12.82	25230	19316	  1.31	33	190	--  	      39056.01	
="600683"	京投银泰	-2.01	6.34	-0.13	6.33	6.34	76785	33	          0.00	          1.04	6.47	6.51	6.32	6.47	--  	48875392	  0.82	区域地产	浙江	 2.94	6.37	52159	24626	  2.12	50	754	--  	      74077.75	
="300118"	东方日升	-2.02	10.19	-0.21	10.18	10.19	113592	1269	          0.09	          2.99	10.31	10.35	10.12	10.40	   150.40	116346696	  0.62	半导体	浙江	 2.21	10.24	62305	51287	  1.21	386	63	--  	      37982.94	
="600795"	国电电力	-2.02	2.91	-0.06	2.91	2.92	4318700	6362	         -0.34	          2.81	3.00	3.05	2.91	2.97	     7.35	1281870208	  0.69	火力发电	辽宁	 4.71	2.97	1845789	2472911	  0.75	14076	41769	--  	    1539514.88	
="002606"	大连电瓷	-2.05	15.78	-0.33	15.77	15.78	111926	824	         -0.12	          9.29	16.26	16.58	15.76	16.11	   143.14	181343328	  1.32	电气设备	辽宁	 5.09	16.20	59816	52110	  1.15	123	210	--  	      12050.00	
="600663"	陆家嘴	-2.05	21.00	-0.44	20.99	21.00	112150	229	         -0.33	          0.83	21.10	21.66	20.99	21.44	    29.81	238650048	  0.44	园区开发	上海	 3.13	21.28	65316	46834	  1.39	442	13	--  	     135808.41	
="600138"	中青旅	-2.10	16.32	-0.35	16.32	16.35	87360	666	         -0.24	          1.40	16.67	16.67	16.30	16.67	    29.42	143038240	  0.49	旅游服务	北京	 2.22	16.37	51860	35500	  1.46	5	65	--  	      62302.50	
="600609"	金杯汽车	-2.12	4.16	-0.09	4.16	4.17	170573	210	          0.00	          1.56	4.24	4.28	4.15	4.25	--  	71667520	  0.72	汽车整车	辽宁	 3.06	4.20	104428	66145	  1.58	409	2427	--  	     109266.71	
="000926"	福星股份	-2.13	8.27	-0.18	8.27	8.28	341262	2705	          0.12	          6.46	8.50	8.52	8.23	8.45	     7.62	285484480	  0.98	区域地产	湖北	 3.43	8.37	188570	152692	  1.23	890	2511	--  	      52853.94	
="002478"	常宝股份	-2.15	12.75	-0.28	12.74	12.75	42205	697	          0.00	          1.61	12.90	12.93	12.74	13.03	    20.40	54193864	  0.93	普钢	江苏	 1.46	12.84	25436	16769	  1.52	221	139	--  	      26154.86	
="000016"	深康佳Ａ	-2.18	5.83	-0.13	5.83	5.84	102230	1015	         -0.17	          1.70	5.91	5.96	5.80	5.96	   110.64	59893584	  0.42	家用电器	深圳	 2.68	5.86	60809	41421	  1.47	3108	496	--  	      59991.50	
="000981"	银亿股份	-2.18	11.65	-0.26	11.65	11.68	34788	685	          0.08	          0.41	11.86	11.94	11.55	11.91	    21.35	40959844	  0.85	区域地产	甘肃	 3.27	11.77	26123	8665	  3.01	375	222	--  	      85810.52	
="600676"	交运股份	-2.22	7.91	-0.18	7.90	7.91	283080	349	          0.00	          3.62	8.05	8.19	7.86	8.09	    21.44	226158400	  0.55	汽车配件	上海	 4.08	7.99	144746	138334	  1.05	449	60	--  	      78214.10	
="601179"	中国西电	-2.24	5.23	-0.12	5.23	5.24	901641	997	          0.00	          2.07	5.48	5.56	5.22	5.35	    31.18	483737248	  1.12	电气设备	陕西	 6.36	5.37	446777	454864	  0.98	187	500	--  	     435700.00	
="600221"	海南航空	-2.32	2.53	-0.06	2.53	2.54	4895355	9040	          0.79	          4.14	2.60	2.61	2.50	2.59	    12.24	1240884992	  0.63	空运	海南	 4.25	2.53	2686230	2209125	  1.22	4522	41651	--  	    1181206.38	
="000667"	美好集团	-2.41	2.83	-0.07	2.83	2.84	694826	8260	          0.00	          2.71	2.88	2.91	2.82	2.90	   193.21	198315744	  0.70	全国地产	云南	 3.10	2.85	395667	299159	  1.32	1220	6421	--  	     255959.23	
="600798"	宁波海运	-2.43	5.22	-0.13	5.21	5.22	234055	285	          0.19	          2.69	5.30	5.32	5.13	5.35	--  	121956928	  0.59	水运	浙江	 3.55	5.21	135877	98178	  1.38	361	1	--  	      87117.45	
="600020"	中原高速	-2.48	3.15	-0.08	3.16	3.17	226920	4098	          0.31	          1.01	3.18	3.22	3.13	3.23	     9.97	71740976	  0.58	路桥	河南	 2.79	3.16	125871	101049	  1.25	1940	2472	--  	     224737.19	
="600502"	安徽水利	-2.54	9.58	-0.25	9.57	9.58	149781	297	         -0.20	          2.98	9.75	9.84	9.51	9.83	    19.55	144162880	  0.65	建筑施工	安徽	 3.36	9.62	93038	56743	  1.64	289	161	--  	      50193.00	
="000725"	京东方Ａ	-2.59	2.63	-0.07	2.62	2.63	3065710	34061	          0.38	          2.66	2.70	2.71	2.62	2.70	    37.53	815596992	  0.76	元器件	北京	 3.33	2.66	1874395	1191315	  1.57	78432	1440	--  	    1150574.38	
="600269"	赣粤高速	-2.64	3.69	-0.10	3.69	3.70	347898	285	         -0.53	          1.49	3.78	3.79	3.69	3.79	    10.58	129794624	  0.53	路桥	江西	 2.64	3.73	167245	180653	  0.93	2738	4741	--  	     233540.70	
="600012"	皖通高速	-2.76	5.28	-0.15	5.28	5.29	105290	20	         -0.18	          0.90	5.42	5.42	5.26	5.43	     9.80	55983832	  0.67	路桥	安徽	 2.95	5.32	52405	52885	  0.99	267	944	--  	     116560.00	
="600033"	福建高速	-2.77	3.16	-0.09	3.16	3.17	581746	28	          0.00	          2.12	3.24	3.24	3.15	3.25	    13.03	184727296	  0.36	路桥	福建	 2.77	3.18	345756	235990	  1.47	1719	7428	--  	     274440.00	
="002259"	升达林业	-2.81	6.93	-0.20	6.92	6.93	203807	2602	          0.14	          3.36	7.11	7.12	6.92	7.13	   349.95	142056736	  0.72	家居用品	四川	 2.81	6.97	128256	75551	  1.70	3807	306	--  	      60716.10	
="600655"	豫园商城	-2.81	9.68	-0.28	9.67	9.68	157451	378	          0.20	          1.10	9.99	10.02	9.60	9.96	    17.88	154932928	  0.58	百货	上海	 4.22	9.84	87703	69748	  1.26	30	469	--  	     143732.20	
="600532"	宏达矿业	-2.83	10.29	-0.30	10.27	10.29	97845	64	         -0.57	          5.93	10.52	10.64	10.11	10.59	    26.14	100795336	  0.81	普钢	山东	 5.00	10.30	63410	34435	  1.84	32	22	--  	      16510.25	
="001896"	豫能控股	-2.84	8.91	-0.26	8.90	8.91	76047	816	         -0.66	          1.77	9.21	9.57	8.91	9.17	    13.70	70378152	  1.25	火力发电	河南	 7.20	9.25	47539	28508	  1.67	285	400	--  	      42999.25	
="600035"	楚天高速	-2.85	3.41	-0.10	3.41	3.42	182275	833	          0.00	          1.50	3.43	3.49	3.35	3.51	    11.54	62607000	  0.46	路桥	湖北	 3.99	3.43	87488	94787	  0.92	40	1027	--  	     121114.82	
="600896"	中海海盛	-3.36	5.46	-0.19	5.45	5.46	676087	358	          0.36	         11.63	5.73	5.73	5.28	5.65	--  	366083424	  2.44	水运	海南	 7.96	5.41	394879	281208	  1.40	538	7	--  	      58131.57	
="600068"	葛洲坝	-3.36	5.17	-0.18	5.16	5.17	1702212	724	          0.19	          4.88	5.38	5.40	5.10	5.35	    10.24	886020672	  1.46	建筑施工	湖北	 5.61	5.21	837819	864393	  0.97	2053	1205	--  	     348745.91	
="601996"	丰林集团	-3.47	8.91	-0.32	8.92	8.96	341864	1433	          0.00	          7.29	9.12	9.23	8.84	9.23	    44.60	305326880	  2.76	林业	广西	 4.23	8.93	222671	119193	  1.87	54	3	--  	      46891.19	
="600062"	华润双鹤	-3.56	21.42	-0.79	21.41	21.42	130751	171	         -0.04	          2.29	22.25	22.25	21.39	22.21	    21.38	283296800	  0.77	化学制药	北京	 3.87	21.67	82721	48030	  1.72	297	25	--  	      57169.58	
="600469"	风神股份	-3.85	12.99	-0.52	12.99	13.00	74245	11	          0.07	          1.98	13.50	13.59	12.94	13.51	    11.92	97926272	  1.00	汽车配件	河南	 4.81	13.19	46144	28101	  1.64	256	361	--  	      37494.21	
="600567"	山鹰纸业	-4.40	2.61	-0.12	2.60	2.61	886788	682	          0.00	          5.59	2.70	2.72	2.60	2.73	    42.63	234617792	  1.10	造纸	安徽	 4.40	2.65	511221	375567	  1.36	5393	1807	--  	     158601.70	
="000717"	韶钢松山	-4.76	2.80	-0.14	2.80	2.81	1455168	9197	         -0.35	         12.90	3.00	3.02	2.70	2.94	--  	416569152	  2.32	钢加工	广东	10.88	2.86	699122	756046	  0.92	18436	5765	--  	     112803.64	
="601919"	中国远洋	-4.89	4.67	-0.24	4.67	4.68	1353975	2080	          0.00	          1.77	4.89	4.89	4.63	4.91	--  	638621632	  0.92	水运	天津	 5.30	4.72	736216	617759	  1.19	5263	5456	--  	     763567.44	
="002169"	智光电气	-5.41	10.49	-0.60	10.48	10.49	280055	2556	          0.00	         11.39	11.00	11.49	10.46	11.09	    94.52	305263488	  1.42	电气设备	广东	 9.29	10.90	122343	157712	  0.78	1001	142	--  	      24588.78	
数据来源:通达信
