代码	名称	涨幅%%	现价	涨跌	买价	卖价	总量	现量	涨速%%	换手%%	今开	最高	最低	昨收	市盈(动)	总金额	量比	细分行业	地区	振幅%%	均价	内盘	外盘	内外比	买量	卖量	未匹配量	流通股本(万)	
="600569"	安阳钢铁	10.20	2.81	0.26	2.81	--  	8479	3	0.00	          0.04	2.81	2.81	2.81	2.55	    94.95	2382680	  0.03	普钢	河南	0.00	2.81	7681	798	  9.63	1605473	0	--  	     239368.45	
="600739"	辽宁成大	8.73	24.15	1.94	24.13	24.14	1402750	1257	0.45	         10.28	22.10	24.23	21.82	22.21	    37.71	3229325056	  1.06	商贸代理	辽宁	10.85	23.02	603011	799739	  0.75	323	1095	--  	     136470.98	
="600864"	哈投股份	7.48	12.79	0.89	12.80	12.81	357187	309	0.70	          6.54	11.99	12.85	11.79	11.90	   160.92	440694624	  1.38	火力发电	黑龙江	8.91	12.34	151225	205961	  0.73	347	284	--  	      54637.82	
="601991"	大唐发电	6.53	5.55	0.34	5.54	5.55	886158	158	-0.17	          0.89	5.19	5.68	5.15	5.21	    15.12	478499200	  1.13	火力发电	北京	10.17	5.40	406854	479304	  0.85	846	808	--  	     999436.00	
="601939"	建设银行	6.42	5.64	0.34	5.64	5.65	4529198	3274	0.53	          4.72	5.30	5.66	5.27	5.30	     5.56	2491078656	  0.89	银行	北京	7.36	5.50	2109015	2420183	  0.87	1038	51070	--  	     959365.75	
="601998"	中信银行	6.02	6.52	0.37	6.52	6.53	2654112	1785	0.61	          0.83	6.13	6.55	6.11	6.15	     7.09	1690281984	  1.17	银行	北京	7.15	6.37	1222293	1431818	  0.85	1253	1055	--  	    3190516.50	
="000011"	深物业A	5.56	10.63	0.56	10.62	10.63	216419	3041	0.28	         12.31	10.08	10.67	9.88	10.07	    14.70	221798464	  1.22	区域地产	深圳	7.85	10.25	96121	120298	  0.80	668	789	--  	      17586.25	
="600830"	香溢融通	5.54	12.00	0.63	12.01	12.03	433016	427	0.67	          9.53	11.37	12.03	11.22	11.37	    60.45	506460064	  1.38	多元金融	浙江	7.12	11.70	201331	231685	  0.87	215	14	--  	      45432.26	
="601699"	潞安环能	5.26	11.60	0.58	11.60	11.61	753157	223	0.17	          3.27	11.02	11.63	10.87	11.02	    31.53	852450560	  1.26	煤炭开采	山西	6.90	11.32	338119	415037	  0.81	625	421	--  	     230108.41	
="600016"	民生银行	4.62	8.61	0.38	8.59	8.60	7984831	6036	0.93	          2.95	8.20	8.62	8.14	8.23	     5.98	6692107776	  0.90	银行	北京	5.83	8.38	3794116	4190714	  0.91	3721	741	--  	    2710607.50	
="600015"	华夏银行	4.47	11.22	0.48	11.20	11.21	1950708	2081	0.53	          3.01	10.77	11.22	10.71	10.74	     5.69	2143391232	  0.94	银行	北京	4.75	10.99	863721	1086986	  0.79	1511	19	--  	     648768.69	
="600036"	招商银行	4.26	14.20	0.58	14.19	14.20	3827980	5460	0.42	          1.86	13.59	14.21	13.48	13.62	     5.86	5336939520	  0.76	银行	深圳	5.36	13.94	1799322	2028658	  0.89	1602	28878	--  	    2062894.50	
="600000"	浦发银行	4.15	13.29	0.53	13.28	13.29	4386880	3140	0.68	          2.94	12.70	13.30	12.65	12.76	     5.34	5706439680	  0.85	银行	上海	5.09	13.01	2145941	2240939	  0.96	4298	1069	--  	    1492277.75	
="601166"	兴业银行	4.13	13.37	0.53	13.38	13.39	3690161	7004	0.60	          2.28	12.80	13.39	12.76	12.84	     4.99	4841012736	  0.76	银行	福建	4.91	13.12	1691142	1999018	  0.85	5691	9208	--  	    1617961.63	
="600795"	国电电力	3.98	3.66	0.14	3.65	3.66	6278914	2770	0.27	          4.08	3.50	3.68	3.46	3.52	     9.24	2243294208	  0.93	火力发电	辽宁	6.25	3.57	2908217	3370696	  0.86	18070	28546	--  	    1539514.88	
="000937"	冀中能源	3.86	8.61	0.32	8.61	8.62	536934	5650	0.11	          2.43	8.25	8.61	8.20	8.29	   430.34	452667456	  1.24	煤炭开采	河北	4.95	8.43	249869	287064	  0.87	1062	2573	--  	     220706.56	
="000725"	京东方Ａ	3.86	3.23	0.12	3.22	3.23	5738210	72386	0.31	          4.99	3.10	3.26	3.08	3.11	    46.09	1821342208	  0.97	元器件	北京	5.79	3.17	2619149	3119060	  0.84	30214	44743	--  	    1150574.38	
="000933"	神火股份	3.62	5.72	0.20	5.72	5.73	381711	5381	0.00	          2.04	5.52	5.78	5.52	5.52	--  	215505360	  0.91	煤炭开采	河南	4.71	5.65	149051	232659	  0.64	2117	3035	--  	     187365.03	
="600123"	兰花科创	3.60	10.06	0.35	10.06	10.07	634202	502	0.09	          5.55	9.72	10.15	9.68	9.71	   490.48	629755200	  1.46	煤炭开采	山西	4.84	9.93	288819	345383	  0.84	113	331	--  	     114240.00	
="601857"	中国石油	3.58	9.56	0.33	9.55	9.56	1915451	3307	0.73	          0.12	9.16	9.58	9.13	9.23	    13.66	1796230528	  0.95	石油开采	北京	4.88	9.38	880550	1034900	  0.85	2680	3981	--  	   16192208.00	
="601898"	中煤能源	3.52	6.18	0.21	6.18	6.19	969572	612	0.32	          1.06	5.94	6.19	5.83	5.97	    93.22	587412160	  1.26	煤炭开采	北京	6.03	6.06	451662	517909	  0.87	2763	14462	--  	     915200.06	
="000983"	西山煤电	3.44	7.81	0.26	7.81	7.82	1016578	21419	0.12	          3.23	7.56	7.98	7.52	7.55	    53.87	786128192	  1.44	煤炭开采	山西	6.09	7.73	483142	533436	  0.91	21732	1620	--  	     315117.00	
="600050"	中国联通	3.42	4.54	0.15	4.53	4.54	4726979	3001	0.66	          2.23	4.36	4.54	4.31	4.39	    20.62	2095255936	  1.02	电信运营	上海	5.24	4.43	2174427	2552551	  0.85	5628	7460	--  	    2119659.75	
="601988"	中国银行	3.34	3.40	0.11	3.39	3.40	9440924	8961	0.59	          0.48	3.28	3.40	3.26	3.29	     6.21	3157806336	  0.84	银行	北京	4.26	3.34	3226523	6214401	  0.52	27627	299607	--  	   19591296.00	
="601288"	农业银行	3.33	3.10	0.10	3.09	3.10	7299800	16497	0.64	          0.26	3.00	3.10	2.99	3.00	     4.95	2228124672	  0.76	银行	北京	3.67	3.05	3090990	4208809	  0.73	55996	299914	--  	   28416352.00	
="601388"	怡球资源	3.29	10.69	0.34	10.69	10.70	155430	21	0.46	          6.98	10.27	10.76	10.21	10.35	   155.32	163333648	  1.24	铝	江苏	5.31	10.51	76452	78977	  0.97	365	816	--  	      22254.05	
="601088"	中国神华	3.00	17.85	0.52	17.86	17.87	890884	105	0.11	          0.54	17.25	17.91	17.15	17.33	     8.99	1567280384	  1.00	煤炭开采	北京	4.39	17.59	406191	484692	  0.84	1018	1066	--  	    1649103.75	
="601600"	中国铝业	2.95	5.23	0.15	5.23	5.24	1758219	896	0.57	          1.84	5.05	5.25	5.00	5.08	--  	901300608	  0.83	铝	北京	4.92	5.13	794928	963291	  0.83	1287	6470	--  	     958052.19	
="601398"	工商银行	2.91	4.25	0.12	4.24	4.25	4723266	1361	0.23	          0.18	4.12	4.27	4.12	4.13	     5.08	1978360448	  0.85	银行	北京	3.63	4.19	1891929	2831336	  0.67	17040	895	--  	   26471778.00	
="002378"	章源钨业	2.80	25.32	0.69	25.32	25.33	43688	1821	0.71	          1.02	24.58	25.32	24.40	24.63	   145.92	108986320	  0.67	小金属	江西	3.74	24.95	20315	23372	  0.87	354	26	--  	      42821.35	
="600578"	京能电力	2.77	5.56	0.15	5.55	5.56	918238	1428	0.18	          4.07	5.43	5.62	5.41	5.41	     8.98	508203776	  0.87	火力发电	北京	3.88	5.53	429235	489002	  0.88	4048	6492	--  	     225731.70	
="600581"	八一钢铁	2.76	5.58	0.15	5.58	5.60	361091	1388	0.35	          4.71	5.42	5.70	5.34	5.43	--  	200189664	  0.77	普钢	新疆	6.63	5.54	160928	200163	  0.80	40	3295	--  	      76644.89	
="600028"	中国石化	2.61	5.90	0.15	5.89	5.90	5228741	7873	0.51	          0.57	5.73	5.90	5.70	5.75	    10.10	3045694976	  0.89	石油加工	北京	3.48	5.82	2197470	3031270	  0.72	12215	26112	--  	    9128216.00	
="000758"	中色股份	2.58	13.94	0.35	13.94	13.95	352594	3471	0.14	          3.91	13.95	14.09	13.71	13.59	   146.21	489969120	  0.87	铅锌	北京	2.80	13.90	159158	193435	  0.82	1991	1111	--  	      90156.15	
="600005"	武钢股份	2.42	3.39	0.08	3.39	3.40	2012064	1174	0.29	          1.99	3.33	3.43	3.31	3.31	    33.31	678316416	  0.70	普钢	湖北	3.63	3.37	848272	1163792	  0.73	54	48499	--  	    1009378.00	
="600278"	东方创业	2.41	14.04	0.33	14.04	14.05	190436	47	0.42	          3.65	13.71	14.10	13.40	13.71	    57.58	261598032	  1.10	商贸代理	上海	5.11	13.74	90412	100024	  0.90	258	247	--  	      52224.17	
="601777"	力帆股份	2.18	10.32	0.22	10.32	10.33	217023	122	-0.09	          2.23	10.11	10.39	10.08	10.10	    24.33	222290384	  1.14	摩托车	重庆	3.07	10.24	98637	118386	  0.83	2	648	--  	      97137.89	
="300094"	国联水产	2.02	11.09	0.22	11.08	11.09	82875	837	1.09	          2.36	10.88	11.30	10.87	10.87	    98.67	91637496	  0.86	渔业	广东	3.96	11.06	33943	48931	  0.69	136	81	--  	      35072.21	
="601958"	金钼股份	1.95	9.95	0.19	9.94	9.96	246976	108	0.60	          0.77	9.76	9.97	9.64	9.76	   137.91	242018592	  0.85	小金属	陕西	3.38	9.80	119076	127900	  0.93	51	925	--  	     322660.44	
="600740"	山西焦化	1.91	6.94	0.13	6.94	6.95	234022	94	0.00	          3.56	6.77	6.97	6.77	6.81	   193.20	161111168	  1.24	焦炭加工	山西	2.94	6.88	114239	119783	  0.95	707	3072	--  	      65683.27	
="600058"	五矿发展	1.84	15.49	0.28	15.49	15.50	259222	198	0.06	          2.42	15.23	15.60	15.05	15.21	    70.48	397749664	  1.05	商贸代理	北京	3.62	15.34	126137	133084	  0.95	189	794	--  	     107191.07	
="002011"	盾安环境	1.83	10.60	0.19	10.60	10.61	365526	4274	0.09	          4.36	10.45	10.75	10.39	10.41	    58.60	387233056	  0.93	工程机械	浙江	3.46	10.59	181437	184088	  0.99	3594	1942	--  	      83800.65	
="002155"	辰州矿业	1.78	10.28	0.18	10.28	10.29	315035	8470	0.48	          3.16	10.00	10.28	9.95	10.10	    74.55	318471680	  0.89	黄金	湖南	3.27	10.11	143475	171560	  0.84	167	971	--  	      99608.52	
="002007"	华兰生物	1.74	36.25	0.62	36.25	36.26	95784	1039	0.11	          1.66	36.10	36.55	35.26	35.63	    37.39	344319616	  0.89	生物制药	河南	3.62	35.95	49631	46153	  1.08	312	238	--  	      57686.69	
="601007"	金陵饭店	1.61	11.96	0.19	11.95	11.97	43041	31	0.00	          1.43	11.79	12.06	11.75	11.77	   136.83	51271504	  0.93	酒店餐饮	江苏	2.63	11.91	15874	27166	  0.58	7	406	--  	      30000.00	
="600362"	江西铜业	1.60	17.74	0.28	17.74	17.75	494336	208	0.39	          2.38	17.50	17.88	17.13	17.46	    19.82	867303808	  0.81	铜	江西	4.30	17.54	230077	264259	  0.87	916	478	--  	     207524.73	
="600675"	中华企业	1.55	6.57	0.10	6.57	6.58	575267	487	0.15	          3.08	6.45	6.58	6.37	6.47	    59.81	372221728	  0.76	区域地产	上海	3.25	6.47	280764	294503	  0.95	1009	2309	--  	     186705.94	
="600638"	新黄浦	1.54	16.49	0.25	16.48	16.49	54849	23	0.12	          0.98	16.13	16.57	16.10	16.24	    93.75	89808904	  0.69	区域地产	上海	2.89	16.37	27105	27744	  0.98	120	0	--  	      56116.39	
="000012"	南  玻Ａ	1.45	9.08	0.13	9.08	9.09	598294	6109	0.00	          4.59	8.95	9.14	8.84	8.95	    19.17	538309952	  0.71	玻璃	深圳	3.35	9.00	277021	321273	  0.86	830	3247	--  	     130276.85	
="600648"	外高桥	1.26	33.85	0.42	33.86	33.87	160272	28	0.00	          1.98	33.45	34.45	32.80	33.43	    52.85	539816384	  1.08	园区开发	上海	4.94	33.68	77016	83255	  0.93	28	59	--  	      81022.34	
="002334"	英威腾	1.22	17.49	0.21	17.48	17.49	120078	1060	0.11	          4.77	17.33	17.64	17.03	17.28	    36.91	208526240	  1.16	电气设备	深圳	3.53	17.37	66234	53844	  1.23	1555	623	--  	      25181.50	
="000778"	新兴铸管	1.21	5.84	0.07	5.83	5.84	1192043	6458	0.17	          3.27	5.74	5.92	5.67	5.77	    23.79	691087808	  0.54	钢加工	河北	4.33	5.80	571730	620313	  0.92	7091	3022	--  	     364209.41	
="600642"	申能股份	1.16	6.08	0.07	6.07	6.08	684044	204	-0.16	          1.50	6.02	6.11	5.95	6.01	    14.59	412485568	  0.73	火力发电	上海	2.66	6.03	328978	355065	  0.93	1907	4649	--  	     455203.84	
="300189"	神农大丰	1.16	7.83	0.09	7.83	7.84	221544	3294	0.51	          6.59	7.75	7.96	7.61	7.74	--  	171847696	  1.00	种植业	海南	4.52	7.76	111270	110273	  1.01	41	2550	--  	      33626.87	
="000831"	五矿稀土	1.12	26.16	0.29	26.16	26.17	170390	1236	-0.07	          2.29	25.80	26.30	25.60	25.87	--  	442259232	  0.70	小金属	山西	2.71	25.96	84319	86071	  0.98	1940	383	--  	      74449.32	
="601928"	凤凰传媒	0.97	12.47	0.12	12.45	12.46	732196	106	0.32	         10.33	12.42	12.59	12.09	12.35	    32.41	906090752	  0.85	出版业	江苏	4.05	12.37	353760	378436	  0.93	2848	893	--  	      70878.35	
="000157"	中联重科	0.96	6.32	0.06	6.32	6.33	2742968	29964	0.00	          4.38	6.29	6.40	6.26	6.26	    36.52	1735427840	  0.81	工程机械	湖南	2.24	6.33	1295983	1446984	  0.90	10677	17281	--  	     626117.19	
="600277"	亿利能源	0.95	9.58	0.09	9.57	9.58	771194	236	-0.41	          3.69	9.65	9.85	9.47	9.49	    39.56	742483392	  0.94	化工原料	内蒙	4.00	9.63	329171	442023	  0.74	796	1531	--  	     208958.95	
="002221"	东华能源	0.95	15.97	0.15	15.97	15.98	49393	467	0.12	          1.10	15.90	16.10	15.68	15.82	   181.74	78441440	  0.52	石油贸易	江苏	2.65	15.88	24567	24825	  0.99	209	87	--  	      44718.82	
="002473"	圣莱达	0.94	27.90	0.26	27.90	27.92	14315	297	0.46	          0.89	27.60	28.09	27.31	27.64	--  	39848036	  1.61	家用电器	浙江	2.82	27.84	7285	7030	  1.04	60	100	--  	      16000.00	
="000401"	冀东水泥	0.89	11.30	0.10	11.30	11.31	223238	2105	0.08	          1.84	11.42	11.52	11.08	11.20	   550.62	252167344	  0.66	水泥	河北	3.93	11.30	116858	106380	  1.10	1213	663	--  	     121233.36	
="000069"	华侨城Ａ	0.88	6.88	0.06	6.87	6.88	1287864	6867	0.14	          4.14	6.78	6.91	6.64	6.82	    13.33	871393984	  0.81	旅游景点	深圳	3.96	6.77	688258	599605	  1.15	4594	2382	--  	     311246.41	
="600823"	世茂股份	0.86	12.93	0.11	12.91	12.94	165943	659	0.07	          1.42	12.77	12.95	12.60	12.82	    14.73	212617040	  0.68	全国地产	上海	2.73	12.81	69470	96473	  0.72	407	1688	--  	     117059.53	
="002075"	沙钢股份	0.75	5.40	0.04	5.40	5.41	268294	3008	0.18	          1.70	5.36	5.52	5.20	5.36	   121.99	144393264	  0.86	特钢	江苏	5.97	5.38	134289	134004	  1.00	2	1605	--  	     157626.48	
="000532"	力合股份	0.72	19.63	0.14	19.63	19.65	112781	1305	0.00	          3.29	19.50	20.00	18.98	19.49	   245.98	218618784	  0.68	元器件	广东	5.23	19.38	59871	52910	  1.13	264	597	--  	      34279.58	
="000568"	泸州老窖	0.68	20.62	0.14	20.62	20.63	263124	6567	0.34	          1.88	20.50	20.63	20.12	20.48	    17.39	534803872	  0.66	白酒	四川	2.49	20.33	132943	130181	  1.02	110	529	--  	     140022.59	
="600067"	冠城大通	0.67	7.47	0.05	7.47	7.48	443287	1500	0.53	          3.72	7.41	7.49	7.27	7.42	    19.57	326134656	  1.00	全国地产	福建	2.96	7.36	256790	186497	  1.38	391	10	--  	     119055.79	
="603399"	新华龙	0.63	11.25	0.07	11.25	11.26	70820	29	0.53	          5.65	11.18	11.27	11.05	11.18	    87.40	79002240	  0.93	小金属	辽宁	1.97	11.16	38609	32211	  1.20	227	66	--  	      12525.79	
="002160"	*ST常铝	0.60	6.71	0.04	6.71	6.72	82870	890	0.14	          2.55	6.67	6.85	6.57	6.67	   113.93	55413692	  1.02	铝	江苏	4.20	6.69	43960	38910	  1.13	766	427	--  	      32469.63	
="600162"	香江控股	0.57	7.01	0.04	7.01	7.02	248505	487	-0.14	          3.24	6.91	7.03	6.86	6.97	    16.42	172468864	  0.65	全国地产	深圳	2.44	6.94	138819	109685	  1.27	117	2368	--  	      76781.27	
="000876"	新 希 望	0.47	14.99	0.07	14.99	15.00	381637	5993	0.20	          2.21	14.94	14.99	14.67	14.92	    14.90	565768128	  0.91	饲料	四川	2.14	14.82	212726	168910	  1.26	2600	3598	--  	     172830.80	
="300255"	常山药业	0.39	36.20	0.14	36.20	36.21	35910	284	0.00	          2.78	36.25	36.55	35.30	36.06	    70.51	129043768	  0.61	生物制药	河北	3.47	35.94	19244	16665	  1.15	14	20	--  	      12918.53	
="000338"	潍柴动力	0.35	25.99	0.09	25.99	26.00	312643	5403	0.07	          2.99	25.77	26.28	25.61	25.90	     8.77	810771648	  0.60	汽车配件	山东	2.59	25.93	150579	162064	  0.93	2949	3279	--  	     104608.49	
="002032"	苏 泊 尔	0.34	17.57	0.06	17.56	17.57	22668	425	0.17	          0.67	17.39	17.64	17.29	17.51	    16.43	39502228	  1.10	家用电器	浙江	2.00	17.43	12934	9733	  1.33	29	40	--  	      33906.17	
="300144"	宋城演艺	0.33	30.32	0.10	30.31	30.32	52025	217	-0.09	          2.66	30.05	30.52	29.81	30.22	    40.10	157246176	  0.66	旅游景点	浙江	2.35	30.23	28705	23319	  1.23	54	47	--  	      19553.75	
="600335"	国机汽车	0.30	19.91	0.06	19.91	19.92	88660	20	-0.10	          1.58	19.89	20.59	19.60	19.85	    14.98	178339312	  1.36	汽车配件	天津	4.99	20.11	56226	32434	  1.73	70	117	--  	      56000.46	
="600621"	华鑫股份	0.25	8.10	0.02	8.09	8.10	123234	50	0.24	          2.35	8.08	8.14	7.91	8.08	    33.72	99114072	  0.87	全国地产	上海	2.85	8.04	72133	51100	  1.41	188	57	--  	      52408.23	
="000655"	金岭矿业	0.21	9.40	0.02	9.39	9.40	99388	4552	0.00	          1.67	9.40	9.45	9.22	9.38	    28.69	92967344	  0.65	普钢	山东	2.45	9.35	53733	45654	  1.18	247	1289	--  	      59534.01	
="600744"	华银电力	0.21	4.77	0.01	4.76	4.77	221584	35	0.21	          4.67	4.72	4.79	4.68	4.76	--  	104925888	  0.67	火力发电	湖南	2.31	4.74	115267	106316	  1.08	1726	535	--  	      47438.44	
="000926"	福星股份	0.20	9.88	0.02	9.88	9.89	266850	5242	0.20	          5.05	9.80	9.91	9.73	9.86	     9.10	261911184	  0.72	区域地产	湖北	1.83	9.81	140264	126585	  1.11	4392	1646	--  	      52853.94	
="600497"	驰宏锌锗	0.08	12.13	0.01	12.12	12.13	300453	110	0.00	          1.80	12.06	12.17	11.91	12.12	    99.22	361769024	  0.80	铅锌	云南	2.15	12.04	151290	149162	  1.01	561	334	--  	     166756.09	
="600066"	宇通客车	0.05	22.07	0.01	22.06	22.07	150045	72	0.27	          1.21	21.75	22.40	21.72	22.06	    18.66	330460544	  0.49	汽车整车	河南	3.08	22.02	80880	69164	  1.17	4	70	--  	     124421.64	
="600986"	科达股份	0.00	7.05	0.00	--  	--  	0	0	0.00	          0.00	--  	--  	--  	7.05	    36.88	0	  0.00	建筑施工	山东	0.00	7.05	0	0	--  	0	0	--  	      33526.96	
="600981"	汇鸿股份	0.00	4.21	0.00	--  	--  	0	0	0.00	          0.00	--  	--  	--  	4.21	    92.48	0	  0.00	商贸代理	江苏	0.00	4.21	0	0	--  	0	0	--  	      51610.64	
="600876"	洛阳玻璃	0.00	7.24	0.00	--  	--  	0	0	0.00	          0.00	--  	--  	--  	7.24	   374.48	0	  0.00	玻璃	河南	0.00	7.24	0	0	--  	0	0	--  	      25001.82	
="600846"	同济科技	0.00	10.23	0.00	10.23	10.24	386363	45	-0.19	          6.18	10.31	10.38	10.06	10.23	    60.89	394500032	  1.01	综合类	上海	3.13	10.21	195068	191295	  1.02	274	198	--  	      62476.14	
="600749"	西藏旅游	0.00	12.18	0.00	--  	--  	0	0	0.00	          0.00	--  	--  	--  	12.18	  1161.76	0	  0.00	旅游景点	西藏	0.00	12.18	0	0	--  	0	0	--  	      18913.78	
="600575"	皖江物流	0.00	4.11	0.00	--  	--  	0	0	0.00	          0.00	--  	--  	--  	4.11	--  	0	  0.00	港口	安徽	0.00	4.11	0	0	--  	0	0	--  	     142320.00	
="600517"	置信电气	0.00	12.45	0.00	--  	--  	0	0	0.00	          0.00	--  	--  	--  	12.45	    84.39	0	  0.00	电气设备	上海	0.00	12.45	0	0	--  	0	0	--  	     111366.89	
="600365"	通葡股份	0.00	11.38	0.00	--  	--  	0	0	0.00	          0.00	--  	--  	--  	11.38	  5686.21	0	  0.00	红黄药酒	吉林	0.00	11.38	0	0	--  	0	0	--  	      14000.00	
="600318"	巢东股份	0.00	11.20	0.00	--  	--  	0	0	0.00	          0.00	--  	--  	--  	11.20	    17.93	0	  0.00	水泥	安徽	0.00	11.20	0	0	--  	0	0	--  	      24200.00	
="600241"	时代万恒	0.00	8.28	0.00	--  	--  	0	0	0.00	          0.00	--  	--  	--  	8.28	--  	0	  0.00	商贸代理	辽宁	0.00	8.28	0	0	--  	0	0	--  	      18020.00	
="600105"	永鼎股份	0.00	9.86	0.00	--  	--  	0	0	0.00	          0.00	--  	--  	--  	9.86	    22.23	0	  0.00	通信设备	江苏	0.00	9.86	0	0	--  	0	0	--  	      38095.46	
="600103"	青山纸业	0.00	3.66	0.00	--  	--  	0	0	0.00	          0.00	--  	--  	--  	3.66	   601.14	0	  0.00	造纸	福建	0.00	3.66	0	0	--  	0	0	--  	     106184.15	
="600091"	ST明科	0.00	7.02	0.00	--  	--  	0	0	0.00	          0.00	--  	--  	--  	7.02	--  	0	  0.00	化工原料	内蒙	0.00	7.02	0	0	--  	0	0	--  	      33652.60	
="600090"	啤酒花	0.00	8.13	0.00	--  	--  	0	0	0.00	          0.00	--  	--  	--  	8.13	    36.46	0	  0.00	啤酒	新疆	0.00	8.13	0	0	--  	0	0	--  	      36791.66	
="300342"	天银机电	--  	17.85	--  	--  	--  	0	0	--  	          0.00	--  	--  	--  	17.85	    39.14	0	  0.00	元器件	江苏	0.00	17.85	0	0	--  	0	0	--  	       6650.00	
="300332"	天壕节能	--  	14.06	--  	--  	--  	0	0	--  	          0.00	--  	--  	--  	14.06	    40.57	0	  0.00	环境保护	北京	0.00	14.06	0	0	--  	0	0	--  	      22666.75	
="300313"	天山生物	--  	23.69	--  	--  	--  	0	0	--  	          0.00	--  	--  	--  	23.69	   258.62	0	  0.00	农业综合	新疆	0.00	23.69	0	0	--  	0	0	--  	       4177.81	
="002700"	新疆浩源	--  	25.29	--  	--  	--  	0	0	--  	          0.00	--  	--  	--  	25.29	    56.88	0	  0.00	供气供热	新疆	0.00	25.29	0	0	--  	0	0	--  	       9564.16	
="002608"	舜天船舶	--  	12.79	--  	--  	--  	0	0	--  	          0.00	--  	--  	--  	12.79	    86.27	0	  0.00	船舶	江苏	0.00	12.79	0	0	--  	0	0	--  	      32855.16	
="002558"	世纪游轮	--  	31.65	--  	--  	--  	0	0	--  	          0.00	--  	--  	--  	31.65	   271.60	0	  0.00	旅游服务	重庆	0.00	31.65	0	0	--  	0	0	--  	       3244.39	
="002529"	海源机械	--  	15.03	--  	--  	--  	0	0	--  	          0.00	--  	--  	--  	15.03	--  	0	  0.00	专用机械	福建	0.00	15.03	0	0	--  	0	0	--  	      15608.25	
="002509"	天广消防	--  	12.27	--  	--  	--  	0	0	--  	          0.00	--  	--  	--  	12.27	    51.77	0	  0.00	专用机械	福建	0.00	12.27	0	0	--  	0	0	--  	      23109.89	
="002426"	胜利精密	--  	11.26	--  	--  	--  	0	0	--  	          0.00	--  	--  	--  	11.26	    68.41	0	  0.00	元器件	江苏	0.00	11.26	0	0	--  	0	0	--  	      35306.58	
="002324"	普利特	--  	19.90	--  	--  	--  	0	0	--  	          0.00	--  	--  	--  	19.90	    26.33	0	  0.00	塑料	上海	0.00	19.90	0	0	--  	0	0	--  	      15582.66	
="002323"	中联电气	--  	21.95	--  	--  	--  	0	0	--  	          0.00	--  	--  	--  	21.95	   130.92	0	  0.00	电气设备	江苏	0.00	21.95	0	0	--  	0	0	--  	       8350.16	
="002168"	深圳惠程	--  	10.13	--  	--  	--  	0	0	--  	          0.00	--  	--  	--  	10.13	--  	0	  0.00	电气设备	深圳	0.00	10.13	0	0	--  	0	0	--  	      56803.58	
="002044"	江苏三友	--  	10.04	--  	--  	--  	0	0	--  	          0.00	--  	--  	--  	10.04	    43.13	0	  0.00	服饰	江苏	0.00	10.04	0	0	--  	0	0	--  	      22410.00	
="002009"	天奇股份	--  	16.30	--  	--  	--  	0	0	--  	          0.00	--  	--  	--  	16.30	    47.89	0	  0.00	工程机械	江苏	0.00	16.30	0	0	--  	0	0	--  	      25991.22	
="002006"	*ST精功	--  	8.75	--  	--  	--  	0	0	--  	          0.00	--  	--  	--  	8.75	--  	0	  0.00	工程机械	浙江	0.00	8.75	0	0	--  	0	0	--  	      43677.89	
="000900"	现代投资	0.00	7.41	0.00	7.41	7.42	230359	4496	0.00	          2.28	7.40	7.58	7.32	7.41	    19.28	170900864	  0.72	路桥	湖南	3.51	7.42	128502	101857	  1.26	279	1706	--  	     101128.75	
="000796"	易食股份	--  	7.23	--  	--  	--  	0	0	--  	          0.00	--  	--  	--  	7.23	    95.94	0	  0.00	食品	陕西	0.00	7.23	0	0	--  	0	0	--  	      24652.30	
="000710"	天兴仪表	--  	13.60	--  	--  	--  	0	0	--  	          0.00	--  	--  	--  	13.60	--  	0	  0.00	汽车配件	四川	0.00	13.60	0	0	--  	0	0	--  	      15120.00	
="000627"	天茂集团	--  	4.10	--  	--  	--  	0	0	--  	          0.00	--  	--  	--  	4.10	    28.37	0	  0.00	化工原料	湖北	0.00	4.10	0	0	--  	0	0	--  	     135358.98	
="000533"	万 家 乐	--  	5.97	--  	--  	--  	0	0	--  	          0.00	--  	--  	--  	5.97	    35.25	0	  0.00	家用电器	广东	0.00	5.97	0	0	--  	0	0	--  	      68487.71	
="000514"	渝 开 发	--  	7.08	--  	--  	--  	0	0	--  	          0.00	--  	--  	--  	7.08	    36.98	0	  0.00	区域地产	重庆	0.00	7.08	0	0	--  	0	0	--  	      84377.09	
="000498"	山东路桥	--  	4.64	--  	--  	--  	0	0	--  	          0.00	--  	--  	--  	4.64	    27.67	0	  0.00	建筑施工	山东	0.00	4.64	0	0	--  	0	0	--  	      35417.01	
="603001"	奥康国际	-0.05	18.53	-0.01	18.50	18.53	30044	14	-0.37	          2.57	18.54	18.85	18.33	18.54	    30.03	55766136	  0.52	服饰	浙江	2.80	18.56	14523	15521	  0.94	81	19	--  	      11694.90	
="600089"	特变电工	-0.08	12.09	-0.01	12.09	12.10	1325453	188	0.33	          4.19	12.17	12.48	11.89	12.10	    21.30	1608842752	  0.72	电气设备	新疆	4.88	12.14	695325	630127	  1.10	844	2412	--  	     316591.31	
="600259"	广晟有色	-0.20	50.58	-0.10	50.60	50.61	87193	7	0.17	          3.50	50.71	50.80	49.58	50.68	  1107.62	437957504	  0.91	小金属	海南	2.41	50.23	41093	46099	  0.89	191	35	--  	      24940.00	
="002646"	青青稞酒	-0.29	20.51	-0.06	20.51	20.52	67716	368	0.00	          4.30	20.70	20.70	20.22	20.57	    25.60	138368064	  0.71	白酒	青海	2.33	20.43	36969	30747	  1.20	22	203	--  	      15750.00	
="601899"	紫金矿业	-0.30	3.27	-0.01	3.26	3.27	3098947	6874	0.30	          1.96	3.26	3.29	3.20	3.28	    26.96	1003539648	  0.65	黄金	福建	2.74	3.24	1568098	1530849	  1.02	32228	32186	--  	    1580380.38	
="600804"	鹏博士	-0.36	19.53	-0.07	19.54	19.56	375366	370	-0.20	          2.80	19.50	19.77	19.05	19.60	    48.28	728478720	  0.51	电信运营	四川	3.67	19.41	206274	169091	  1.22	67	20	--  	     134194.16	
="600111"	包钢稀土	-0.47	25.18	-0.12	25.18	25.19	754598	442	0.03	          5.10	25.23	25.35	24.48	25.30	   115.26	1882815232	  0.71	小金属	内蒙	3.44	24.95	384423	370174	  1.04	44	668	--  	     147946.98	
="000729"	燕京啤酒	-0.49	8.16	-0.04	8.15	8.16	216493	3228	0.24	          0.87	8.15	8.25	8.03	8.20	    18.77	175606288	  0.79	啤酒	北京	2.68	8.11	133291	83202	  1.60	243	2223	--  	     249943.92	
="600521"	华海药业	-0.50	16.00	-0.08	15.98	16.00	72690	5	0.12	          0.93	16.10	16.27	15.83	16.08	    46.58	116202336	  0.59	化学制药	浙江	2.74	15.99	38698	33992	  1.14	57	1493	--  	      78087.79	
="002220"	天宝股份	-0.50	9.92	-0.05	9.91	9.92	67389	388	0.20	          1.73	10.01	10.08	9.72	9.97	    26.77	66436052	  0.72	食品	辽宁	3.61	9.86	35535	31854	  1.12	65	291	--  	      38948.12	
="600009"	上海机场	-0.51	19.68	-0.10	19.67	19.68	188750	147	0.25	          1.73	19.55	19.77	19.31	19.78	    18.02	368820608	  0.44	机场	上海	2.33	19.54	96240	92509	  1.04	330	2	--  	     109347.64	
="601339"	百隆东方	-0.53	11.36	-0.06	11.34	11.35	58515	86	0.26	          3.05	11.43	11.47	11.24	11.42	    16.03	66274592	  0.71	纺织	浙江	2.01	11.33	28581	29933	  0.95	18	43	--  	      19200.00	
="600377"	宁沪高速	-0.56	7.09	-0.04	7.09	7.10	93823	78	-0.14	          0.25	7.13	7.19	7.01	7.13	    12.95	66386172	  0.38	路桥	江苏	2.52	7.08	47051	46772	  1.01	1	68	--  	     379275.53	
="601117"	中国化学	-0.57	8.69	-0.05	8.68	8.69	1956880	577	0.23	          3.97	8.61	8.95	8.42	8.74	    12.50	1692429696	  1.01	建筑施工	北京	6.06	8.65	982697	974182	  1.01	988	1178	--  	     493300.00	
="600673"	东阳光科	-0.59	18.53	-0.11	18.53	18.55	171879	50	0.16	          2.09	18.70	18.92	18.00	18.64	   117.77	319567584	  0.75	铝	广东	4.94	18.59	97490	74389	  1.31	60	49	--  	      82261.22	
="600875"	东方电气	-0.65	18.46	-0.12	18.48	18.49	329540	311	0.32	          1.98	18.58	19.10	18.16	18.58	    25.47	610985088	  0.80	电气设备	四川	5.06	18.54	179162	150378	  1.19	179	225	--  	     166386.00	
="300202"	聚龙股份	-0.66	33.16	-0.22	33.16	33.17	35421	149	0.06	          0.64	33.37	33.67	32.53	33.38	   131.82	117309504	  0.76	专用机械	辽宁	3.42	33.12	18283	17138	  1.07	52	90	--  	      54950.39	
="600489"	中金黄金	-0.68	10.30	-0.07	10.29	10.30	725999	346	0.00	          2.47	10.23	10.32	10.10	10.37	    57.84	741201024	  0.68	黄金	北京	2.12	10.21	359355	366644	  0.98	1764	387	--  	     294322.88	
="601139"	深圳燃气	-0.68	8.70	-0.06	8.69	8.70	145201	434	-0.22	          0.73	8.70	8.76	8.58	8.76	    22.18	125814432	  0.72	供气供热	深圳	2.05	8.66	81436	63764	  1.28	38	138	--  	     198045.67	
="002561"	徐家汇	-0.74	13.46	-0.10	13.46	13.47	67348	966	0.14	          1.77	13.58	13.58	13.32	13.56	    23.17	90322096	  0.72	百货	上海	1.92	13.41	39019	28328	  1.38	128	241	--  	      37991.03	
="600426"	华鲁恒升	-0.75	10.61	-0.08	10.61	10.62	305784	34	0.28	          3.21	10.68	10.75	10.39	10.69	    12.21	323411360	  0.64	农药化肥	山东	3.37	10.58	145247	160536	  0.90	489	1098	--  	      95362.50	
="600549"	厦门钨业	-0.76	32.66	-0.25	32.64	32.66	125386	63	-0.09	          1.84	32.90	33.08	32.15	32.91	    96.08	409249568	  0.94	小金属	福建	2.83	32.64	68528	56858	  1.21	31	137	--  	      68198.00	
="002325"	洪涛股份	-0.78	11.45	-0.09	11.44	11.45	146347	840	0.00	          2.94	11.60	11.80	11.37	11.54	    26.92	169054624	  0.94	装修装饰	深圳	3.73	11.55	81586	64760	  1.26	223	857	--  	      49715.00	
="600873"	梅花生物	-0.88	6.72	-0.06	6.72	6.73	596217	90	0.14	          1.92	6.71	6.88	6.66	6.78	    57.75	402292160	  0.94	食品	西藏	3.24	6.75	324099	272118	  1.19	754	596	--  	     310822.66	
="600284"	浦东建设	-0.93	11.68	-0.11	11.67	11.68	309914	138	0.25	          4.69	11.90	11.97	11.54	11.79	    25.56	362150432	  0.87	建筑施工	上海	3.65	11.69	164040	145873	  1.12	66	95	--  	      66104.00	
="600018"	上港集团	-0.94	6.29	-0.06	6.29	6.30	930287	880	0.15	          0.41	6.29	6.35	6.21	6.35	    22.94	583481216	  0.54	港口	上海	2.20	6.27	500055	430231	  1.16	7	8745	--  	    2275518.00	
="600764"	中电广通	-1.01	11.78	-0.12	11.78	11.79	53606	103	0.17	          1.63	12.09	12.10	11.60	11.90	   630.79	63277600	  0.71	通信设备	北京	4.20	11.80	32081	21524	  1.49	152	129	--  	      32972.69	
="600801"	华新水泥	-1.01	9.76	-0.10	9.75	9.76	277975	10	-0.50	          2.86	9.82	9.95	9.64	9.86	    13.44	271860928	  0.59	水泥	湖北	3.14	9.78	135533	142442	  0.95	218	46	--  	      97167.99	
="600824"	益民集团	-1.01	6.83	-0.07	6.82	6.83	128863	54	0.00	          1.47	6.89	6.91	6.77	6.90	    28.66	87943528	  0.69	百货	上海	2.03	6.82	72082	56780	  1.27	661	749	--  	      87835.59	
="600280"	中央商场	-1.03	14.39	-0.15	14.38	14.39	98802	137	-0.20	          1.72	14.47	15.11	14.36	14.54	    12.53	144776096	  0.76	百货	江苏	5.16	14.65	57158	41643	  1.37	190	71	--  	      57416.73	
="600805"	悦达投资	-1.03	12.46	-0.13	12.46	12.47	331166	170	0.16	          3.90	12.58	12.58	12.30	12.59	    10.59	411047296	  0.67	综合类	江苏	2.22	12.41	191674	139491	  1.37	19	955	--  	      84920.21	
="000726"	鲁  泰Ａ	-1.06	11.20	-0.12	11.19	11.20	93954	1663	0.08	          1.67	11.25	11.37	11.10	11.32	    11.31	105360048	  0.53	纺织	山东	2.39	11.21	56562	37391	  1.51	226	703	--  	      56110.69	
="000539"	粤电力Ａ	-1.09	7.26	-0.08	7.26	7.27	293596	2214	-0.13	          1.38	7.30	7.31	7.12	7.34	     9.44	211497520	  0.64	火力发电	广东	2.59	7.20	154457	139138	  1.11	2938	1209	--  	     212769.03	
="002237"	恒邦股份	-1.09	17.17	-0.19	17.17	17.18	107923	742	0.17	          2.70	17.17	17.21	16.82	17.36	    24.96	183781728	  0.81	黄金	山东	2.25	17.03	57776	50146	  1.15	893	2031	--  	      40015.00	
="600978"	宜华木业	-1.10	6.29	-0.07	6.29	6.30	529944	4	-0.15	          3.57	6.40	6.44	6.22	6.36	    15.57	333784480	  0.91	家居用品	广东	3.46	6.30	265883	264061	  1.01	758	1112	--  	     148287.00	
="600676"	交运股份	-1.21	9.01	-0.11	9.01	9.02	171275	47	0.00	          2.19	9.18	9.19	8.91	9.12	    24.43	154550368	  0.76	汽车配件	上海	3.07	9.02	94657	76618	  1.24	148	494	--  	      78214.10	
="600197"	伊力特	-1.22	12.19	-0.15	12.18	12.20	89007	517	0.00	          2.02	12.33	12.33	12.16	12.34	    14.84	108751584	  0.62	白酒	新疆	1.38	12.22	51309	37698	  1.36	298	513	--  	      44100.00	
="600498"	烽火通信	-1.22	16.25	-0.20	16.24	16.25	102273	27	0.24	          1.06	16.30	16.56	16.07	16.45	    32.30	165697792	  0.64	通信设备	湖北	2.98	16.20	65897	36376	  1.81	35	560	--  	      96650.10	
="000525"	红 太 阳	-1.25	16.58	-0.21	16.58	16.59	55136	273	0.00	          1.09	16.78	16.78	16.51	16.79	    15.85	91484320	  0.71	农药化肥	江苏	1.61	16.59	31794	23342	  1.36	366	160	--  	      50698.30	
="600690"	青岛海尔	-1.32	18.69	-0.25	18.69	18.70	510733	128	0.21	          1.87	18.95	19.00	18.35	18.94	    10.13	950569152	  0.74	家用电器	山东	3.43	18.61	256179	254554	  1.01	144	865	--  	     273684.13	
="000993"	闽东电力	-1.32	10.45	-0.14	10.44	10.45	48535	501	0.00	          1.30	10.51	10.70	10.28	10.59	    33.15	50695512	  0.53	水力发电	福建	3.97	10.45	27719	20815	  1.33	49	295	--  	      37300.00	
="600007"	中国国贸	-1.32	14.92	-0.20	14.90	14.93	35916	33	0.26	          0.36	15.11	15.11	14.69	15.12	    26.27	53439492	  0.42	园区开发	北京	2.78	14.88	20402	15514	  1.32	10	19	--  	     100728.25	
="600143"	金发科技	-1.33	6.69	-0.09	6.68	6.69	628571	153	0.14	          2.46	6.79	6.84	6.61	6.78	    28.13	419701664	  0.77	塑料	广东	3.39	6.68	317500	311071	  1.02	2286	669	--  	     256000.00	
="601633"	长城汽车	-1.34	39.65	-0.54	39.65	39.67	55430	121	0.48	          0.28	40.20	40.25	39.30	40.19	    16.20	219430272	  0.67	汽车整车	河北	2.36	39.59	33350	22079	  1.51	35	34	--  	     200924.30	
="601058"	赛轮股份	-1.35	17.57	-0.24	17.55	17.59	25809	50	0.00	          0.68	17.86	17.86	17.45	17.81	    23.17	45506792	  0.48	汽车配件	山东	2.30	17.63	14080	11728	  1.20	1	11	--  	      37800.00	
="600085"	同仁堂	-1.36	21.82	-0.30	21.81	21.82	124404	116	-0.04	          0.95	22.00	22.03	21.61	22.12	    37.03	271057152	  0.58	中成药	北京	1.90	21.79	73040	51363	  1.42	183	78	--  	     131114.31	
="300345"	红宇新材	-1.37	22.31	-0.31	22.31	22.38	17631	67	-0.35	          2.85	22.71	23.20	22.03	22.62	   910.56	40072636	  0.93	钢加工	湖南	5.17	22.73	8948	8682	  1.03	85	17	--  	       6180.70	
="601233"	桐昆股份	-1.38	8.58	-0.12	8.58	8.59	165549	42	0.23	          1.73	8.79	8.79	8.55	8.70	   363.52	143349552	  0.95	化纤	浙江	2.76	8.66	73707	91841	  0.80	777	19	--  	      95927.07	
="000792"	盐湖股份	-1.39	23.35	-0.33	23.34	23.35	129802	1625	0.04	          1.21	23.63	23.63	23.18	23.68	    42.67	302373760	  0.53	农药化肥	青海	1.90	23.30	71884	57917	  1.24	542	267	--  	     107353.50	
="002162"	斯米克	-1.40	9.18	-0.13	9.17	9.18	87375	1063	-0.10	          2.09	9.38	9.43	9.05	9.31	   395.83	80431008	  0.85	陶瓷	上海	4.08	9.21	53406	33968	  1.57	476	232	--  	      41800.00	
="300088"	长信科技	-1.45	18.34	-0.27	18.34	18.35	130613	355	0.21	          2.67	18.73	18.88	18.25	18.61	    42.07	241034656	  0.86	元器件	安徽	3.39	18.45	78531	52081	  1.51	272	306	--  	      48943.12	
="000789"	万年青	-1.51	13.05	-0.20	13.05	13.06	149176	1511	-0.22	          3.65	13.38	13.45	12.91	13.25	    10.67	195313888	  0.65	水泥	江西	4.08	13.09	83296	65879	  1.26	1282	526	--  	      40888.75	
="600196"	复星医药	-1.52	22.09	-0.34	22.08	22.09	296789	84	0.04	          1.56	22.35	22.55	21.84	22.43	    24.32	654190272	  0.73	化学制药	上海	3.17	22.04	164505	132284	  1.24	14	6	--  	     190439.23	
="002461"	珠江啤酒	-1.53	17.97	-0.28	17.97	17.98	43071	158	0.11	          0.63	18.26	18.50	17.86	18.25	   152.77	77831712	  0.52	啤酒	广东	3.51	18.07	22667	20404	  1.11	518	119	--  	      68016.17	
="000988"	华工科技	-1.63	13.87	-0.23	13.86	13.87	253863	3588	-0.28	          2.85	14.10	14.54	13.78	14.10	    62.79	357742784	  0.90	电器仪表	湖北	5.39	14.09	137287	116575	  1.18	593	64	--  	      89111.65	
="600779"	水井坊	-1.75	10.09	-0.18	10.09	10.10	135420	19	0.19	          4.59	10.19	10.25	10.03	10.27	--  	136836224	  0.71	白酒	四川	2.14	10.10	77916	57504	  1.35	763	466	--  	      29532.34	
="300070"	碧水源	-1.76	37.38	-0.67	37.38	37.39	156512	610	-0.05	          2.42	38.05	38.27	36.80	38.05	   179.65	587591744	  0.53	环境保护	北京	3.86	37.54	73827	82684	  0.89	552	16	--  	      64693.33	
="601877"	正泰电器	-1.80	32.79	-0.60	32.80	32.81	24993	27	0.00	          0.25	33.40	33.79	32.50	33.39	    18.87	82230800	  0.52	电气设备	浙江	3.86	32.90	14512	10481	  1.38	36	19	--  	     101144.64	
="000032"	深桑达Ａ	-1.82	11.88	-0.22	11.87	11.88	43472	277	-0.08	          1.87	12.20	12.20	11.84	12.10	--  	52060884	  0.76	元器件	深圳	2.98	11.98	25856	17616	  1.47	47	452	--  	      23282.71	
="600519"	贵州茅台	-1.85	180.63	-3.41	180.62	180.64	51129	3	0.42	          0.45	183.70	183.70	178.11	184.04	    14.47	918180160	  0.59	白酒	贵州	3.04	179.58	30112	21017	  1.43	2	21	--  	     114199.79	
="600720"	祁连山	-1.87	9.99	-0.19	9.98	9.99	502262	576	-0.10	          6.47	10.16	10.31	9.91	10.18	     9.16	504917312	  0.62	水泥	甘肃	3.93	10.05	295798	206463	  1.43	2118	89	--  	      77616.27	
="600100"	同方股份	-1.95	13.60	-0.27	13.59	13.60	638399	355	0.07	          3.08	13.84	13.85	13.46	13.87	   182.04	868530496	  0.64	电脑设备	北京	2.81	13.60	355330	283069	  1.26	340	149	--  	     207020.14	
="300072"	三聚环保	-1.98	25.71	-0.52	25.70	25.71	74653	577	-0.11	          1.63	26.26	26.30	25.50	26.23	    34.98	192704448	  0.60	化工原料	北京	3.05	25.81	41899	32754	  1.28	152	142	--  	      45855.16	
="600887"	伊利股份	-2.02	27.14	-0.56	27.15	27.16	798041	96	0.14	          2.65	27.71	27.80	26.86	27.70	    17.53	2165550848	  0.73	乳制品	内蒙	3.39	27.14	416231	381809	  1.09	198	151	--  	     300782.38	
="600763"	通策医疗	-2.08	54.72	-1.16	54.70	54.71	7822	5	0.75	          0.49	55.75	55.75	53.20	55.88	    72.37	42541400	  0.63	医疗保健	浙江	4.56	54.39	3696	4125	  0.90	5	2	--  	      16032.00	
="000538"	云南白药	-2.08	58.90	-1.25	58.90	58.91	145479	1589	0.00	          1.40	60.00	60.00	58.49	60.15	    23.66	856429376	  0.76	中成药	云南	2.51	58.87	76823	68656	  1.12	800	240	--  	     104136.53	
="600486"	扬农化工	-2.11	27.31	-0.59	27.27	27.32	52343	25	-0.25	          2.03	27.96	28.21	27.10	27.90	    16.68	144350896	  1.02	农药化肥	江苏	3.98	27.58	28895	23447	  1.23	35	8	--  	      25824.91	
="600225"	天津松江	-2.12	8.33	-0.18	8.33	8.34	192302	33	0.00	          3.11	8.40	8.44	8.10	8.51	--  	159271616	  0.64	区域地产	天津	4.00	8.28	103047	89254	  1.15	667	203	--  	      61814.21	
="002063"	远光软件	-2.15	23.19	-0.51	23.18	23.19	104875	1595	0.00	          2.68	23.89	23.89	23.13	23.70	    56.41	244899968	  0.66	软件服务	广东	3.21	23.35	64327	40548	  1.59	182	414	--  	      39144.10	
="002385"	大北农	-2.17	14.89	-0.33	14.89	14.90	175571	1616	-0.06	          1.86	15.25	15.29	14.81	15.22	    41.75	262693360	  0.77	饲料	北京	3.15	14.96	111134	64436	  1.72	547	917	--  	      94184.88	
="300068"	南都电源	-2.19	11.62	-0.26	11.62	11.63	189045	1669	0.60	          4.66	11.86	11.94	11.48	11.88	    47.15	220483296	  0.68	电气设备	浙江	3.87	11.66	113239	75805	  1.49	64	36	--  	      40610.39	
="601333"	广深铁路	-2.31	4.22	-0.10	4.22	4.23	2022259	508	0.23	          3.58	4.30	4.30	4.13	4.32	    34.50	849604608	  0.88	铁路	深圳	3.94	4.20	1011409	1010849	  1.00	4301	9536	--  	     565223.69	
="600449"	宁夏建材	-2.37	11.96	-0.29	11.96	11.97	203919	41	0.33	          8.13	12.18	12.27	11.81	12.25	    15.42	244248336	  0.73	水泥	宁夏	3.76	11.98	117764	86154	  1.37	105	492	--  	      25076.77	
="300027"	华谊兄弟	-2.60	29.18	-0.78	29.17	29.18	532126	4103	0.17	          6.22	29.89	30.25	29.00	29.96	    59.54	1562746624	  0.74	影视音像	浙江	4.17	29.37	286326	245799	  1.16	1996	90	--  	      85552.46	
="000795"	太原刚玉	-2.70	11.54	-0.32	11.53	11.54	115729	1746	0.26	          4.18	11.80	11.85	11.40	11.86	--  	134103952	  0.93	矿物制品	山西	3.79	11.59	66653	49075	  1.36	741	712	--  	      27679.44	
="002415"	海康威视	-2.80	23.28	-0.67	23.28	23.29	218385	860	0.04	          0.69	24.00	24.10	23.00	23.95	    25.88	513081920	  0.67	电器仪表	浙江	4.59	23.49	128163	90222	  1.42	25	13	--  	     315046.75	
="000581"	威孚高科	-2.89	28.58	-0.85	28.58	28.59	146360	1324	-0.03	          2.16	29.42	29.54	28.48	29.43	    17.64	420586688	  0.72	汽车配件	江苏	3.60	28.74	89638	56721	  1.58	284	55	--  	      67848.32	
="601933"	永辉超市	-2.96	9.18	-0.28	9.18	9.19	635992	502	0.21	          2.07	9.39	9.45	9.08	9.46	    34.53	584236608	  0.65	超市连锁	福建	3.91	9.19	330204	305787	  1.08	971	2634	--  	     307160.00	
="600809"	山西汾酒	-3.13	21.99	-0.71	21.99	22.00	140968	1	0.09	          1.63	22.25	22.50	21.68	22.70	    35.83	310112224	  0.88	白酒	山西	3.61	22.00	82788	58179	  1.42	34	504	--  	      86584.82	
="002302"	西部建设	-3.21	15.66	-0.52	15.66	15.67	84884	1678	-0.25	          3.13	16.18	16.19	15.55	16.18	    35.54	133725592	  0.55	水泥	新疆	3.96	15.75	50146	34737	  1.44	131	3	--  	      27091.33	
="000877"	天山股份	-3.52	9.31	-0.34	9.31	9.32	536881	6373	0.32	          6.10	9.70	9.74	9.26	9.65	    20.00	504970592	  0.62	水泥	新疆	4.97	9.41	310647	226234	  1.37	9054	504	--  	      88001.99	
数据来源:通达信
