代码	名称	涨幅%%	现价	涨跌	买价	卖价	总量	现量	涨速%%	换手%%	今开	最高	最低	昨收	市盈(动)	总金额	量比	细分行业	地区	振幅%%	均价	内盘	外盘	内外比	买量	卖量	未匹配量	流通股本(万)	
="600873"	梅花生物	9.83	7.82	0.70	7.83	--  	1488153	60	-0.12	          4.79	7.25	7.83	7.25	7.12	    67.20	1147254272	  3.02	食品	西藏	8.15	7.71	713721	774431	  0.92	9446	0	--  	     310822.66	
="000799"	酒 鬼 酒	7.16	16.92	1.13	16.91	16.92	361927	6469	0.89	         16.14	15.77	17.30	15.50	15.79	--  	594713664	  1.93	白酒	湖南	11.40	16.43	160948	200978	  0.80	52	4056	--  	      22420.16	
="600747"	大连控股	3.26	6.97	0.22	6.96	6.97	544559	15	0.14	          5.12	6.72	7.30	6.67	6.75	--  	381337184	  2.08	元器件	辽宁	9.33	7.00	256202	288357	  0.89	945	258	--  	     106432.84	
="600648"	外高桥	3.19	33.97	1.05	33.95	33.96	269906	151	0.17	          3.33	34.10	36.00	33.85	32.92	    53.04	937694720	  3.00	园区开发	上海	6.53	34.74	125195	144710	  0.87	393	8	--  	      81022.34	
="600695"	大江股份	2.89	7.83	0.22	7.83	7.84	120677	117	0.38	          3.66	7.55	8.08	7.53	7.61	--  	93331880	  2.06	食品	上海	7.23	7.73	57823	62854	  0.92	5	561	--  	      32957.28	
="600511"	国药股份	2.55	32.97	0.82	32.92	32.99	47528	23	-0.24	          1.71	32.15	33.94	32.01	32.15	    31.59	156803040	  1.09	医药商业	北京	6.00	32.99	19069	28459	  0.67	97	7	--  	      27764.33	
="603128"	华贸物流	2.45	15.49	0.37	15.48	15.49	106574	22	0.64	          6.66	15.33	16.19	15.25	15.12	    58.12	167153840	  1.51	仓储物流	上海	6.22	15.68	53205	53368	  1.00	51	18	--  	      16000.00	
="002024"	苏宁云商	2.03	9.53	0.19	9.52	9.53	2836742	26188	0.21	          5.74	9.32	9.84	9.29	9.34	--  	2710645760	  1.60	电器连锁	江苏	5.89	9.56	1264308	1572434	  0.80	13503	2215	--  	     494071.41	
="600779"	水井坊	1.94	10.49	0.20	10.48	10.49	308483	194	0.67	         10.45	10.33	10.75	10.00	10.29	--  	321298848	  1.87	白酒	四川	7.29	10.42	142139	166344	  0.85	47	116	--  	      29532.34	
="600335"	国机汽车	1.72	20.67	0.35	20.64	20.65	101145	3	0.09	          1.81	20.84	21.40	19.79	20.32	    15.56	207957840	  1.12	汽车配件	天津	7.92	20.56	45556	55589	  0.82	388	14	--  	      56000.46	
="000826"	桑德环境	1.44	28.96	0.41	28.95	28.96	244044	1560	0.20	          2.91	28.38	29.50	28.30	28.55	    35.77	707273344	  1.26	环境保护	湖北	4.20	28.98	118289	125755	  0.94	324	833	--  	      83933.35	
="000063"	中兴通讯	1.42	19.99	0.28	19.98	19.99	1300972	14016	0.00	          4.64	19.81	20.78	19.64	19.71	    28.14	2629735936	  1.18	通信设备	深圳	5.78	20.21	635570	665401	  0.96	1193	3226	--  	     280129.03	
="000012"	南  玻Ａ	1.33	9.13	0.12	9.13	9.14	644213	4933	0.00	          4.94	9.02	9.29	8.86	9.01	    19.27	586836096	  1.00	玻璃	深圳	4.77	9.11	276759	367453	  0.75	5172	1048	--  	     130276.85	
="600196"	复星医药	1.31	22.37	0.29	22.36	22.37	474680	20	0.40	          2.49	22.32	22.95	22.20	22.08	    24.63	1071251840	  1.13	化学制药	上海	3.40	22.57	246925	227754	  1.08	15	1433	--  	     190439.23	
="600874"	创业环保	1.26	12.05	0.15	12.02	12.04	595115	745	0.24	          5.47	11.81	12.48	11.68	11.90	    50.70	718944448	  1.40	环境保护	天津	6.72	12.08	284215	310899	  0.91	44	2264	--  	     108722.84	
="000726"	鲁  泰Ａ	1.08	12.15	0.13	12.15	12.16	90358	961	0.16	          1.61	12.10	12.31	12.00	12.02	    12.26	110009472	  0.58	纺织	山东	2.58	12.17	38458	51899	  0.74	290	357	--  	      56110.69	
="600309"	万华化学	0.91	24.28	0.22	24.29	24.30	433778	300	0.37	          2.01	24.41	24.80	23.56	24.06	    18.77	1052312192	  0.85	化工原料	山东	5.15	24.26	216230	217548	  0.99	167	1447	--  	     216233.45	
="600018"	上港集团	0.90	6.73	0.06	6.73	6.74	1500064	797	0.44	          0.66	6.70	6.93	6.68	6.67	    24.55	1019525248	  1.25	港口	上海	3.75	6.80	729022	771042	  0.95	341	432	--  	    2275518.00	
="600508"	上海能源	0.84	12.06	0.10	12.05	12.06	201843	61	-0.08	          2.79	12.03	12.30	11.90	11.96	    91.72	243834400	  0.98	煤炭开采	上海	3.34	12.08	109359	92483	  1.18	178	1403	--  	      72271.79	
="600778"	友好集团	0.79	10.27	0.08	10.27	10.28	222792	19	0.88	          7.18	9.98	10.33	9.91	10.19	    29.87	226231248	  1.25	百货	新疆	4.12	10.15	119417	103375	  1.16	18	741	--  	      31031.28	
="000758"	中色股份	0.76	15.87	0.12	15.86	15.87	493136	11487	1.40	          5.47	15.78	16.14	15.17	15.75	   166.45	773441024	  0.79	铅锌	北京	6.16	15.68	266267	226869	  1.17	77	329	--  	      90156.15	
="600416"	湘电股份	0.74	12.31	0.09	12.31	12.32	196062	10	0.08	          3.22	12.60	12.94	12.29	12.22	   169.32	246731712	  1.49	电气设备	湖南	5.32	12.58	97696	98366	  0.99	38	1629	--  	      60848.44	
="600805"	悦达投资	0.66	12.13	0.08	12.12	12.13	283367	68	0.16	          3.34	12.05	12.29	11.86	12.05	    10.31	343527904	  0.88	综合类	江苏	3.57	12.12	149878	133489	  1.12	482	133	--  	      84920.21	
="300255"	常山药业	0.53	34.19	0.18	34.14	34.19	16661	405	0.55	          1.29	34.30	34.88	33.90	34.01	    66.60	57327212	  0.77	生物制药	河北	2.88	34.41	8350	8310	  1.00	43	232	--  	      12945.29	
="002672"	东江环保	0.51	37.20	0.19	37.19	37.20	17103	120	-0.64	          1.35	37.01	37.89	36.88	37.01	    49.34	63873200	  0.66	环境保护	广东	2.73	37.35	8098	9005	  0.90	3	13	--  	      12657.33	
="000729"	燕京啤酒	0.49	8.21	0.04	8.20	8.21	196162	1887	0.00	          0.78	8.18	8.34	8.14	8.17	    18.89	161727872	  0.75	啤酒	北京	2.45	8.24	97408	98753	  0.99	1253	36	--  	     250045.17	
="600195"	中牧股份	0.49	16.50	0.08	16.50	16.51	69166	142	0.30	          1.61	16.47	16.75	16.34	16.42	    22.27	114450952	  0.88	饲料	北京	2.50	16.55	33738	35427	  0.95	159	59	--  	      42980.00	
="300002"	神州泰岳	0.38	18.46	0.07	18.46	18.47	449200	2274	-0.16	          6.19	18.27	19.00	17.91	18.39	    50.14	830511296	  1.44	软件服务	北京	5.93	18.49	214349	234851	  0.91	272	21	--  	      72615.95	
="600199"	金种子酒	0.33	12.02	0.04	12.02	12.06	249380	615	0.16	          4.49	11.90	12.40	11.62	11.98	    89.07	298394720	  0.89	白酒	安徽	6.51	11.97	120771	128608	  0.94	28	25	--  	      55577.50	
="002200"	云投生态	0.33	18.16	0.06	18.16	18.17	29713	1386	0.44	          2.76	17.99	18.25	17.75	18.10	--  	53294572	  0.69	环境保护	云南	2.76	17.94	16290	13423	  1.21	1273	85	--  	      10782.91	
="600612"	老凤祥	0.21	34.05	0.07	34.08	34.10	18356	33	-0.14	          0.58	33.52	34.40	33.02	33.98	    18.42	61839500	  0.71	服饰	上海	4.06	33.69	9017	9339	  0.97	5	29	--  	      31710.96	
="600101"	明星电力	0.20	9.95	0.02	9.95	9.96	196174	11	-0.10	          6.05	9.84	10.17	9.64	9.93	    21.18	194401648	  1.67	水力发电	四川	5.34	9.91	94635	101539	  0.93	58	174	--  	      32417.90	
="000759"	中百集团	0.11	9.03	0.01	9.03	9.04	80164	1141	0.00	          1.18	9.02	9.26	8.97	9.02	    47.21	73019176	  1.02	超市连锁	湖北	3.22	9.11	31897	48266	  0.66	5	97	--  	      68057.63	
="000869"	张  裕Ａ	0.05	36.74	0.02	36.74	36.75	38004	583	-0.02	          0.84	36.58	37.41	36.00	36.72	    23.64	138840000	  0.77	红黄药酒	山东	3.84	36.53	20922	17081	  1.22	592	305	--  	      45346.07	
="600986"	科达股份	0.00	7.05	0.00	--  	--  	0	0	0.00	          0.00	--  	--  	--  	7.05	    36.88	0	  0.00	建筑施工	山东	0.00	7.05	0	0	--  	0	0	--  	      33526.96	
="600981"	汇鸿股份	0.00	4.21	0.00	--  	--  	0	0	0.00	          0.00	--  	--  	--  	4.21	    92.48	0	  0.00	商贸代理	江苏	0.00	4.21	0	0	--  	0	0	--  	      51610.64	
="600749"	西藏旅游	0.00	12.18	0.00	--  	--  	0	0	0.00	          0.00	--  	--  	--  	12.18	  1161.76	0	  0.00	旅游景点	西藏	0.00	12.18	0	0	--  	0	0	--  	      18913.78	
="600575"	皖江物流	0.00	4.11	0.00	--  	--  	0	0	0.00	          0.00	--  	--  	--  	4.11	--  	0	  0.00	水运	安徽	0.00	4.11	0	0	--  	0	0	--  	     142320.00	
="600365"	通葡股份	0.00	11.38	0.00	--  	--  	0	0	0.00	          0.00	--  	--  	--  	11.38	  5686.21	0	  0.00	红黄药酒	吉林	0.00	11.38	0	0	--  	0	0	--  	      14000.00	
="600318"	巢东股份	0.00	11.20	0.00	--  	--  	0	0	0.00	          0.00	--  	--  	--  	11.20	    17.93	0	  0.00	水泥	安徽	0.00	11.20	0	0	--  	0	0	--  	      24200.00	
="600277"	亿利能源	0.00	9.00	0.00	9.00	9.02	243852	1243	0.33	          1.17	9.00	9.08	8.90	9.00	    37.16	219273360	  0.46	化工原料	内蒙	2.00	8.99	142106	101745	  1.40	46	1756	--  	     208958.95	
="600241"	时代万恒	0.00	8.28	0.00	--  	--  	0	0	0.00	          0.00	--  	--  	--  	8.28	--  	0	  0.00	商贸代理	辽宁	0.00	8.28	0	0	--  	0	0	--  	      18020.00	
="600105"	永鼎股份	0.00	9.86	0.00	--  	--  	0	0	0.00	          0.00	--  	--  	--  	9.86	    22.23	0	  0.00	通信设备	江苏	0.00	9.86	0	0	--  	0	0	--  	      38095.46	
="600103"	青山纸业	0.00	3.66	0.00	--  	--  	0	0	0.00	          0.00	--  	--  	--  	3.66	   601.14	0	  0.00	造纸	福建	0.00	3.66	0	0	--  	0	0	--  	     106184.15	
="600091"	ST明科	0.00	7.02	0.00	--  	--  	0	0	0.00	          0.00	--  	--  	--  	7.02	--  	0	  0.00	化工原料	内蒙	0.00	7.02	0	0	--  	0	0	--  	      33652.60	
="600090"	啤酒花	0.00	8.13	0.00	--  	--  	0	0	0.00	          0.00	--  	--  	--  	8.13	    36.46	0	  0.00	啤酒	新疆	0.00	8.13	0	0	--  	0	0	--  	      36791.66	
="600056"	中国医药	0.00	17.56	0.00	--  	--  	0	0	0.00	          0.00	--  	--  	--  	17.56	    31.65	0	  0.00	医药商业	北京	0.00	17.56	0	0	--  	0	0	--  	      88445.85	
="300313"	天山生物	--  	23.69	--  	--  	--  	0	0	--  	          0.00	--  	--  	--  	23.69	   258.62	0	  0.00	农业综合	新疆	0.00	23.69	0	0	--  	0	0	--  	       4177.81	
="300144"	宋城演艺	--  	30.12	--  	--  	--  	0	0	--  	          0.00	--  	--  	--  	30.12	    39.83	0	  0.00	旅游景点	浙江	0.00	30.12	0	0	--  	0	0	--  	      19553.75	
="002558"	世纪游轮	--  	31.65	--  	--  	--  	0	0	--  	          0.00	--  	--  	--  	31.65	   271.60	0	  0.00	旅游服务	重庆	0.00	31.65	0	0	--  	0	0	--  	       3244.39	
="002529"	海源机械	--  	15.03	--  	--  	--  	0	0	--  	          0.00	--  	--  	--  	15.03	--  	0	  0.00	专用机械	福建	0.00	15.03	0	0	--  	0	0	--  	      15608.25	
="002509"	天广消防	--  	12.27	--  	--  	--  	0	0	--  	          0.00	--  	--  	--  	12.27	    51.77	0	  0.00	专用机械	福建	0.00	12.27	0	0	--  	0	0	--  	      23109.89	
="002324"	普利特	--  	19.90	--  	--  	--  	0	0	--  	          0.00	--  	--  	--  	19.90	    26.33	0	  0.00	塑料	上海	0.00	19.90	0	0	--  	0	0	--  	      15582.66	
="002323"	中联电气	--  	21.95	--  	--  	--  	0	0	--  	          0.00	--  	--  	--  	21.95	   130.92	0	  0.00	电气设备	江苏	0.00	21.95	0	0	--  	0	0	--  	       8350.16	
="002168"	深圳惠程	--  	10.13	--  	--  	--  	0	0	--  	          0.00	--  	--  	--  	10.13	--  	0	  0.00	电气设备	深圳	0.00	10.13	0	0	--  	0	0	--  	      56803.58	
="002044"	江苏三友	--  	10.04	--  	--  	--  	0	0	--  	          0.00	--  	--  	--  	10.04	    43.13	0	  0.00	服饰	江苏	0.00	10.04	0	0	--  	0	0	--  	      22410.00	
="002009"	天奇股份	--  	16.30	--  	--  	--  	0	0	--  	          0.00	--  	--  	--  	16.30	    47.89	0	  0.00	工程机械	江苏	0.00	16.30	0	0	--  	0	0	--  	      25991.22	
="002006"	*ST精功	--  	8.75	--  	--  	--  	0	0	--  	          0.00	--  	--  	--  	8.75	--  	0	  0.00	工程机械	浙江	0.00	8.75	0	0	--  	0	0	--  	      43677.89	
="000796"	易食股份	--  	7.23	--  	--  	--  	0	0	--  	          0.00	--  	--  	--  	7.23	    95.94	0	  0.00	食品	陕西	0.00	7.23	0	0	--  	0	0	--  	      24652.30	
="000627"	天茂集团	--  	4.10	--  	--  	--  	0	0	--  	          0.00	--  	--  	--  	4.10	    28.37	0	  0.00	化工原料	湖北	0.00	4.10	0	0	--  	0	0	--  	     135358.98	
="000538"	云南白药	0.00	66.70	0.00	66.70	66.72	115356	1020	0.00	          1.11	66.58	69.59	66.37	66.70	    26.79	778768000	  0.63	中成药	云南	4.83	67.51	58611	56745	  1.03	13	8	--  	     104136.53	
="000514"	渝 开 发	--  	7.08	--  	--  	--  	0	0	--  	          0.00	--  	--  	--  	7.08	    36.98	0	  0.00	区域地产	重庆	0.00	7.08	0	0	--  	0	0	--  	      84377.09	
="000498"	山东路桥	--  	4.64	--  	--  	--  	0	0	--  	          0.00	--  	--  	--  	4.64	    27.67	0	  0.00	建筑施工	山东	0.00	4.64	0	0	--  	0	0	--  	      35417.01	
="300015"	爱尔眼科	-0.03	29.20	-0.01	29.19	29.20	52130	422	0.00	          1.00	29.02	30.00	29.02	29.21	    56.14	153752336	  0.98	医疗保健	湖南	3.36	29.49	25020	27110	  0.92	10	137	--  	      52327.30	
="002415"	海康威视	-0.04	25.74	-0.01	25.74	25.75	257543	1216	0.11	          0.82	26.00	26.50	25.70	25.75	    28.99	673889728	  0.88	电器仪表	浙江	3.11	26.17	123959	133583	  0.93	37	661	--  	     315046.75	
="600388"	龙净环保	-0.06	35.15	-0.02	35.17	35.19	173006	27	0.39	          4.05	35.00	36.25	34.77	35.17	    38.05	615458304	  0.84	专用机械	福建	4.21	35.57	83799	89207	  0.94	126	39	--  	      42762.00	
="002372"	伟星新材	-0.12	16.43	-0.02	16.42	16.43	34006	810	0.06	          0.88	16.46	16.55	15.96	16.45	    19.26	55265276	  0.73	其他建材	浙江	3.59	16.25	14188	19818	  0.72	403	27	--  	      38494.82	
="600066"	宇通客车	-0.16	24.22	-0.04	24.23	24.24	153790	4	0.00	          1.24	24.20	24.46	23.51	24.26	    23.81	368904672	  0.58	汽车整车	河南	3.92	23.99	81848	71942	  1.14	21	135	--  	     124421.64	
="600596"	新安股份	-0.18	10.94	-0.02	10.92	10.93	236341	5	0.27	          3.48	10.90	11.08	10.82	10.96	    59.03	258792848	  1.30	农药化肥	浙江	2.37	10.95	119654	116686	  1.03	78	179	--  	      67918.46	
="000418"	小天鹅Ａ	-0.22	13.89	-0.03	13.89	13.90	56514	261	0.00	          1.29	13.92	14.00	13.66	13.92	    12.81	78163552	  0.59	家用电器	江苏	2.44	13.83	25624	30889	  0.83	277	198	--  	      43776.10	
="600267"	海正药业	-0.29	17.42	-0.05	17.41	17.43	88706	60	0.23	          1.06	17.50	17.68	17.27	17.47	    55.56	154858176	  0.64	化学制药	浙江	2.35	17.46	54874	33832	  1.62	1027	45	--  	      83970.90	
="002481"	双塔食品	-0.29	17.07	-0.05	16.98	17.07	28258	115	0.11	          0.75	17.13	17.25	16.70	17.12	    49.48	47644636	  1.03	食品	山东	3.21	16.86	17246	11011	  1.57	505	61	--  	      37455.17	
="300048"	合康变频	-0.31	12.70	-0.04	12.61	12.70	80805	6397	0.95	          2.71	12.59	12.82	12.52	12.74	   145.31	102310104	  0.61	电气设备	北京	2.35	12.66	43715	37089	  1.18	116	360	--  	      29812.73	
="600638"	新黄浦	-0.37	16.26	-0.06	16.26	16.27	93596	70	-0.18	          1.67	16.27	16.47	15.90	16.32	    92.45	151773984	  1.07	区域地产	上海	3.49	16.22	26946	66650	  0.40	68	9	--  	      56116.39	
="002001"	新 和 成	-0.38	15.83	-0.06	15.83	15.84	172104	1395	-0.06	          1.60	15.93	16.19	15.80	15.89	    18.14	274718592	  0.74	化学制药	浙江	2.45	15.96	91511	80593	  1.14	134	324	--  	     107301.28	
="600073"	上海梅林	-0.42	9.46	-0.04	9.45	9.46	134168	86	0.00	          1.63	9.51	9.58	9.34	9.50	    59.27	126699184	  0.69	食品	上海	2.53	9.44	76424	57744	  1.32	1071	194	--  	      82273.52	
="600804"	鹏博士	-0.42	18.81	-0.08	18.81	18.82	234479	8	0.58	          1.75	18.86	19.10	18.61	18.89	    46.50	442673792	  0.81	电信运营	四川	2.59	18.88	128109	106370	  1.20	100	12	--  	     134194.16	
="600814"	杭州解百	-0.43	9.18	-0.04	9.17	9.18	87680	25	-0.21	          2.82	9.21	9.57	9.17	9.22	    26.88	81515624	  0.77	百货	浙江	4.34	9.30	47702	39977	  1.19	1072	35	--  	      31038.30	
="601139"	深圳燃气	-0.46	8.73	-0.04	8.72	8.73	117003	436	0.00	          0.59	8.75	8.88	8.71	8.77	    22.25	102806816	  0.92	供气供热	深圳	1.94	8.79	61143	55859	  1.09	987	417	--  	     198059.78	
="600183"	生益科技	-0.51	7.76	-0.04	7.76	7.77	185726	21	0.12	          1.31	7.81	7.87	7.74	7.80	    19.72	144835072	  0.54	元器件	广东	1.67	7.80	103294	82431	  1.25	199	1193	--  	     142301.81	
="601098"	中南传媒	-0.53	17.00	-0.09	16.99	17.00	140356	25	-0.23	          0.78	16.99	17.47	16.86	17.09	    24.53	241932128	  0.77	出版业	湖南	3.57	17.24	78396	61960	  1.27	1	700	--  	     179600.00	
="002032"	苏 泊 尔	-0.56	17.67	-0.10	17.67	17.68	12808	72	0.00	          0.38	17.72	17.97	17.51	17.77	    16.53	22680954	  0.64	家用电器	浙江	2.59	17.71	8165	4642	  1.76	91	16	--  	      33956.62	
="600467"	好当家	-0.60	6.59	-0.04	6.58	6.59	174125	51	0.30	          2.38	6.62	6.65	6.53	6.63	   163.60	114689832	  1.01	渔业	山东	1.81	6.59	96283	77842	  1.24	219	9	--  	      73049.71	
="601877"	正泰电器	-0.61	30.88	-0.19	30.87	30.88	32962	1	0.00	          0.33	31.07	31.19	30.40	31.07	    17.77	101019776	  0.66	电气设备	浙江	2.54	30.65	17274	15688	  1.10	8	4	--  	     101144.64	
="600697"	欧亚集团	-0.63	25.22	-0.16	25.27	25.29	35347	2	-0.15	          2.28	25.50	26.00	25.21	25.38	    16.25	90319888	  0.85	百货	吉林	3.11	25.55	23314	12033	  1.94	23	10	--  	      15515.59	
="600197"	伊力特	-0.63	12.57	-0.08	12.57	12.58	100980	3	0.07	          2.29	12.63	12.79	12.41	12.65	    15.30	127113664	  0.64	白酒	新疆	3.00	12.59	52209	48770	  1.07	50	244	--  	      44100.00	
="000417"	合肥百货	-0.70	8.49	-0.06	8.48	8.49	197040	1572	-0.11	          2.53	8.55	8.57	8.30	8.55	    17.19	165677456	  0.60	百货	安徽	3.16	8.41	101944	95096	  1.07	466	473	--  	      77859.75	
="000723"	美锦能源	-0.73	8.19	-0.06	8.18	8.19	129269	1703	0.12	          6.63	8.17	8.40	8.01	8.25	   506.48	106524368	  0.80	焦炭加工	山西	4.73	8.24	66793	62475	  1.07	302	157	--  	      19486.41	
="002221"	东华能源	-0.77	16.85	-0.13	16.85	16.87	33606	357	0.59	          0.75	16.99	17.45	16.68	16.98	   191.75	57037664	  0.74	石油贸易	江苏	4.53	16.97	19404	14202	  1.37	168	22	--  	      44718.82	
="600690"	青岛海尔	-0.80	19.84	-0.16	19.84	19.85	316442	16	0.35	          1.16	20.00	20.25	19.51	20.00	    10.75	629245824	  0.58	家用电器	山东	3.70	19.89	181846	134596	  1.35	8	6	--  	     273684.13	
="002233"	塔牌集团	-0.80	9.92	-0.08	9.91	9.92	102488	1680	0.10	          1.84	10.00	10.10	9.87	10.00	    13.48	101962552	  0.39	水泥	广东	2.30	9.95	54895	47592	  1.15	210	279	--  	      55565.60	
="000401"	冀东水泥	-0.80	12.40	-0.10	12.39	12.40	239361	2420	0.32	          1.97	12.40	12.53	12.07	12.50	   604.21	292854432	  0.90	水泥	河北	3.68	12.23	143674	95686	  1.50	1159	1263	--  	     121233.36	
="600121"	郑州煤电	-0.82	6.02	-0.05	6.01	6.02	212739	16	0.00	          3.05	6.11	6.24	5.95	6.07	--  	129902912	  0.99	煤炭开采	河南	4.78	6.11	108031	104707	  1.03	1080	167	--  	      69834.40	
="600085"	同仁堂	-0.84	23.66	-0.20	23.68	23.70	166144	55	0.29	          1.27	23.84	24.36	23.50	23.86	    40.15	397410784	  0.61	中成药	北京	3.60	23.92	92140	74004	  1.25	74	187	--  	     131114.31	
="600009"	上海机场	-0.89	20.00	-0.18	19.96	19.97	198117	22	1.01	          1.81	20.18	20.18	19.73	20.18	    18.31	394024864	  0.78	机场	上海	2.23	19.89	99033	99084	  1.00	242	42	--  	     109347.64	
="000521"	美菱电器	-1.07	6.48	-0.07	6.48	6.49	111415	994	0.00	          1.88	6.54	6.58	6.44	6.55	    15.52	72414032	  0.52	家用电器	安徽	2.14	6.50	65360	46054	  1.42	424	157	--  	      59107.98	
="000957"	中通客车	-1.14	15.55	-0.18	15.55	15.56	122543	2352	0.32	          5.14	15.70	15.97	15.30	15.73	    10.02	191483280	  0.75	汽车整车	山东	4.26	15.63	66249	56293	  1.18	450	219	--  	      23847.91	
="600614"	鼎立股份	-1.15	13.74	-0.16	13.76	13.77	110412	13	0.00	          2.47	13.95	14.18	13.63	13.90	   330.20	153389536	  0.74	综合类	上海	3.96	13.89	64258	46154	  1.39	12	298	--  	      44675.94	
="002033"	丽江旅游	-1.28	15.48	-0.20	15.45	15.48	40194	1095	0.12	          2.04	15.66	15.67	15.20	15.68	    20.12	62133480	  0.84	旅游景点	云南	3.00	15.46	22500	17693	  1.27	43	356	--  	      19658.59	
="002431"	棕榈园林	-1.28	21.60	-0.28	21.60	21.62	94752	402	0.23	          3.74	21.80	22.19	21.51	21.88	    30.97	205730656	  0.76	建筑施工	广东	3.11	21.71	52451	42300	  1.24	2872	6	--  	      25304.64	
="601010"	文峰股份	-1.38	9.99	-0.14	9.99	10.00	91210	54	0.00	          1.23	10.03	10.11	9.90	10.13	    17.04	91155792	  0.74	超市连锁	江苏	2.07	9.99	56063	35147	  1.60	557	199	--  	      73920.00	
="600089"	特变电工	-1.41	13.24	-0.19	13.23	13.24	1287869	256	0.22	          4.07	13.62	13.80	13.18	13.43	    23.33	1741030656	  0.92	电气设备	新疆	4.62	13.52	644525	643343	  1.00	2053	46	--  	     316591.31	
="002646"	青青稞酒	-1.42	21.47	-0.31	21.47	21.48	44709	326	-0.13	          0.99	21.78	21.99	21.38	21.78	    26.80	96763744	  0.66	白酒	青海	2.80	21.64	24976	19732	  1.27	896	38	--  	      45000.00	
="600252"	中恒集团	-1.43	16.57	-0.24	16.56	16.57	224339	3	0.24	          2.05	16.77	16.97	16.50	16.81	    19.55	375102336	  0.85	中成药	广西	2.80	16.72	135493	88846	  1.53	78	45	--  	     109174.75	
="601933"	永辉超市	-1.44	8.92	-0.13	8.91	8.92	385026	22	0.00	          1.25	9.10	9.16	8.82	9.05	    33.55	344558080	  0.89	超市连锁	福建	3.76	8.95	222149	162876	  1.36	320	90	--  	     307160.00	
="000899"	赣能股份	-1.45	7.48	-0.11	7.47	7.48	396430	1749	0.26	          7.14	7.50	7.75	7.45	7.59	    12.88	301144768	  1.73	火力发电	江西	3.95	7.60	182749	213680	  0.86	1128	2647	--  	      55518.16	
="601857"	中国石油	-1.45	12.21	-0.18	12.20	12.21	4257348	1142	0.41	          0.26	12.20	13.14	12.08	12.39	    17.45	5362076672	  1.35	石油开采	北京	8.56	12.59	2137546	2119801	  1.01	259	781	--  	   16192208.00	
="600616"	金枫酒业	-1.54	9.57	-0.15	9.56	9.58	116441	21	-0.41	          2.65	9.69	9.80	9.53	9.72	    55.13	112330744	  0.86	红黄药酒	上海	2.78	9.65	59464	56977	  1.04	51	335	--  	      43867.14	
="600230"	沧州大化	-1.55	12.09	-0.19	12.08	12.09	120128	70	-0.16	          4.08	12.03	12.38	12.03	12.28	--  	146515152	  1.23	农药化肥	河北	2.85	12.20	62359	57769	  1.08	825	99	--  	      29418.82	
="000552"	靖远煤电	-1.55	10.78	-0.17	10.78	10.79	138716	2227	0.00	          3.92	10.92	11.20	10.67	10.95	    21.35	151702544	  0.65	煤炭开采	甘肃	4.84	10.94	73460	65256	  1.13	904	187	--  	      35412.42	
="000780"	平庄能源	-1.55	6.34	-0.10	6.34	6.35	245778	2698	-0.47	          2.42	6.40	6.55	6.25	6.44	--  	157787792	  0.63	煤炭开采	内蒙	4.66	6.42	111380	134398	  0.83	2120	181	--  	     101430.63	
="600295"	鄂尔多斯	-1.56	9.44	-0.15	9.44	9.45	85233	11	-0.42	          1.39	9.62	9.71	9.41	9.59	    27.59	81485392	  0.86	服饰	内蒙	3.13	9.56	42185	43047	  0.98	96	164	--  	      61200.00	
="002028"	思源电气	-1.65	13.12	-0.22	13.11	13.12	134643	1638	0.07	          2.89	13.39	13.45	13.07	13.34	    18.77	178003792	  0.83	电气设备	上海	2.85	13.22	75266	59376	  1.27	1027	307	--  	      46646.76	
="601607"	上海医药	-1.76	17.27	-0.31	17.27	17.28	248372	244	0.23	          1.29	17.56	17.78	17.18	17.58	    18.21	431532576	  0.56	医药商业	上海	3.41	17.37	140971	107400	  1.31	5	348	--  	     192293.50	
="600284"	浦东建设	-1.84	11.71	-0.22	11.71	11.72	226494	46	0.00	          3.43	11.93	12.10	11.70	11.93	    25.63	268774272	  0.84	建筑施工	上海	3.35	11.87	124237	102256	  1.21	381	47	--  	      66104.00	
="601666"	平煤股份	-1.85	6.38	-0.12	6.37	6.38	617992	230	-0.15	          2.62	6.50	6.68	6.33	6.50	   130.70	402061696	  0.73	煤炭开采	河南	5.38	6.51	326255	291736	  1.12	1411	502	--  	     236116.50	
="000655"	金岭矿业	-1.86	9.51	-0.18	9.50	9.51	96792	1744	-0.10	          1.63	9.61	9.77	9.50	9.69	    29.02	93126512	  0.75	普钢	山东	2.79	9.62	52704	44087	  1.20	2463	253	--  	      59534.01	
="600461"	洪城水业	-1.86	11.61	-0.22	11.62	11.63	73524	12	-0.08	          2.23	11.79	11.89	11.58	11.83	    25.26	86112576	  0.59	水务	江西	2.62	11.71	42669	30855	  1.38	20	106	--  	      33000.00	
="000792"	盐湖股份	-1.98	23.75	-0.48	23.75	23.76	166162	1604	-0.04	          1.55	24.41	24.85	23.60	24.23	    43.40	398756800	  0.89	农药化肥	青海	5.16	24.00	97319	68843	  1.41	94	559	--  	     107353.50	
="000725"	京东方Ａ	-2.01	3.41	-0.07	3.40	3.41	3664076	46951	-0.29	          3.18	3.47	3.54	3.40	3.48	    48.66	1265813120	  0.90	元器件	北京	4.02	3.45	1945896	1718179	  1.13	111839	15980	--  	    1150574.38	
="600060"	海信电器	-2.05	11.94	-0.25	11.94	11.95	269176	7	-0.16	          2.06	12.14	12.22	11.91	12.19	    12.75	324083936	  0.61	家用电器	山东	2.54	12.04	143756	125419	  1.15	507	910	--  	     130848.13	
="000937"	冀中能源	-2.14	8.68	-0.19	8.68	8.69	435598	6334	0.11	          1.97	8.81	9.06	8.59	8.87	   433.84	383139456	  0.58	煤炭开采	河北	5.30	8.80	239976	195622	  1.23	107	309	--  	     220706.56	
="000789"	万年青	-2.22	13.65	-0.31	13.65	13.66	104856	2194	0.44	          2.56	13.87	13.91	13.53	13.96	    11.16	143245888	  0.52	水泥	江西	2.72	13.66	56680	48176	  1.18	708	333	--  	      40888.75	
="600123"	兰花科创	-2.23	10.51	-0.24	10.50	10.51	507588	21	0.28	          4.44	10.67	10.95	10.42	10.75	   512.42	540512256	  0.63	煤炭开采	山西	4.93	10.65	257206	250382	  1.03	279	762	--  	     114240.00	
="600166"	福田汽车	-2.29	6.39	-0.15	6.39	6.40	634313	6	0.15	          2.50	6.55	6.59	6.36	6.54	    44.70	410231488	  0.84	汽车整车	北京	3.52	6.47	374589	259724	  1.44	306	1487	--  	     253810.02	
="600322"	天房发展	-2.33	4.62	-0.11	4.61	4.62	205426	53	0.65	          1.86	4.73	4.76	4.59	4.73	    58.32	95457456	  0.51	区域地产	天津	3.59	4.65	134203	71223	  1.88	496	390	--  	     110570.00	
="600054"	黄山旅游	-2.35	15.40	-0.37	15.41	15.43	27745	1	0.00	          2.36	15.70	15.74	15.35	15.77	    25.49	43013196	  0.66	旅游景点	安徽	2.47	15.50	17872	9873	  1.81	38	2	--  	      11762.00	
="000669"	金鸿能源	-2.35	27.79	-0.67	27.79	27.88	19083	121	0.39	          0.83	28.37	28.63	27.40	28.46	    35.77	53275276	  0.64	供气供热	吉林	4.32	27.92	10875	8208	  1.32	47	13	--  	      22855.91	
="000058"	深 赛 格	-2.37	7.00	-0.17	6.99	7.00	100848	3061	-0.42	          1.87	7.28	7.30	7.00	7.17	    88.44	71883488	  0.98	元器件	深圳	4.18	7.13	59747	41100	  1.45	150	1658	--  	      53831.10	
="000488"	晨鸣纸业	-2.38	6.57	-0.16	6.57	6.58	522442	6004	0.45	          4.73	6.91	6.99	6.54	6.73	    27.97	354006368	  1.08	造纸	山东	6.69	6.78	273416	249025	  1.10	2162	801	--  	     110503.72	
="600007"	中国国贸	-2.44	14.82	-0.37	14.83	14.85	25543	33	-0.53	          0.25	15.18	15.29	14.80	15.19	    26.09	38203080	  0.42	园区开发	北京	3.23	14.96	15531	10012	  1.55	42	68	--  	     100728.25	
="000404"	华意压缩	-2.48	7.85	-0.20	7.84	7.85	141889	1582	0.00	          2.86	8.02	8.05	7.83	8.05	    20.47	112162336	  0.51	专用机械	江西	2.73	7.90	90475	51413	  1.76	834	1249	--  	      49550.89	
="000572"	海马汽车	-2.49	5.49	-0.14	5.48	5.49	431581	5699	0.36	          2.63	5.64	5.71	5.47	5.63	    42.89	239588528	  1.09	汽车整车	海南	4.26	5.55	222600	208981	  1.07	1509	2450	--  	     164205.73	
="601699"	潞安环能	-2.50	12.11	-0.31	12.10	12.11	492589	187	0.16	          2.14	12.33	12.60	11.96	12.42	    32.91	604658816	  0.68	煤炭开采	山西	5.15	12.28	262954	229634	  1.15	728	273	--  	     230108.41	
="000737"	南风化工	-2.51	5.04	-0.13	5.04	5.05	112980	1340	-0.19	          2.06	5.13	5.16	5.04	5.17	--  	57522232	  0.98	日用化工	山西	2.32	5.09	71135	41844	  1.70	684	1187	--  	      54873.12	
="000608"	阳光股份	-2.54	4.98	-0.13	4.98	4.99	184341	3572	-0.20	          2.46	5.10	5.11	4.98	5.11	   156.63	92601408	  0.47	区域地产	广西	2.54	5.02	117187	67154	  1.75	5921	775	--  	      74991.32	
="600159"	大龙地产	-2.59	4.51	-0.12	4.50	4.51	144730	24	0.00	          1.74	4.63	4.69	4.50	4.63	    30.53	65820832	  0.45	区域地产	北京	4.10	4.55	86170	58559	  1.47	1026	276	--  	      83000.32	
="601678"	滨化股份	-2.66	10.61	-0.29	10.60	10.61	192517	70	-0.09	          2.92	10.81	11.08	10.60	10.90	    16.64	208318080	  0.90	化工原料	山东	4.40	10.82	112296	80221	  1.40	700	138	--  	      66000.00	
="600116"	三峡水利	-2.67	14.22	-0.39	14.21	14.23	85831	910	0.21	          3.21	14.56	14.73	14.17	14.61	    24.48	123223176	  0.56	水力发电	重庆	3.83	14.36	50830	35000	  1.45	5	90	--  	      26753.32	
="002128"	露天煤业	-2.69	9.77	-0.27	9.77	9.78	195828	1621	0.20	          1.48	10.00	10.25	9.67	10.04	    52.11	194827440	  0.75	煤炭开采	内蒙	5.78	9.95	112089	83739	  1.34	696	276	--  	     132668.17	
="601636"	旗滨集团	-2.71	8.61	-0.24	8.61	8.62	57282	20	0.00	          1.03	8.86	8.90	8.56	8.85	    32.27	49919036	  0.90	玻璃	湖南	3.84	8.71	34554	22727	  1.52	217	38	--  	      55578.58	
="000422"	湖北宜化	-2.74	7.82	-0.22	7.81	7.82	230901	2509	0.00	          2.64	8.00	8.03	7.79	8.04	   289.70	181995824	  0.54	农药化肥	湖北	2.99	7.88	135810	95090	  1.43	873	531	--  	      87374.47	
="600012"	皖通高速	-2.77	6.31	-0.18	6.31	6.32	100850	20	0.00	          0.87	6.49	6.50	6.30	6.49	    11.71	64250060	  0.68	路桥	安徽	3.08	6.37	62131	38719	  1.60	342	776	--  	     116560.00	
="600621"	华鑫股份	-2.88	8.09	-0.24	8.08	8.09	90734	200	-0.24	          1.73	8.29	8.38	8.08	8.33	    33.68	74286760	  0.61	全国地产	上海	3.60	8.19	47943	42790	  1.12	1204	72	--  	      52408.23	
="600888"	新疆众和	-2.90	8.04	-0.24	8.04	8.05	143883	63	0.12	          2.24	8.27	8.27	8.01	8.28	--  	116519360	  0.69	铝	新疆	3.14	8.10	88090	55793	  1.58	187	77	--  	      64122.58	
="300262"	巴安水务	-2.90	20.08	-0.60	20.07	20.08	88015	881	0.00	          5.60	20.23	20.79	20.01	20.68	    64.04	179269280	  0.86	环境保护	上海	3.77	20.37	42819	45196	  0.95	5	138	--  	      15727.58	
="600377"	宁沪高速	-2.90	7.36	-0.22	7.35	7.36	116978	59	0.40	          0.31	7.52	7.55	7.32	7.58	    13.45	86527728	  0.53	路桥	江苏	3.03	7.40	74836	42142	  1.78	6	1308	--  	     379275.53	
="600280"	中央商场	-2.90	14.05	-0.42	14.04	14.06	67727	46	0.28	          1.18	14.52	14.56	13.97	14.47	    12.24	95854400	  0.72	百货	江苏	4.08	14.15	45354	22372	  2.03	33	7	--  	      57416.73	
="600801"	华新水泥	-3.04	10.21	-0.32	10.20	10.21	214729	43	0.39	          2.21	10.40	10.54	10.11	10.53	    14.06	220697760	  0.53	水泥	湖北	4.08	10.28	123378	91350	  1.35	305	96	--  	      97167.99	
="600723"	首商股份	-3.06	8.24	-0.26	8.22	8.25	89767	162	0.24	          1.37	8.49	8.49	8.22	8.50	    19.45	74811520	  0.90	百货	北京	3.18	8.33	54034	35733	  1.51	495	66	--  	      65722.45	
="600106"	重庆路桥	-3.07	5.68	-0.18	5.68	5.69	275086	126	0.35	          3.03	5.84	5.85	5.65	5.86	    19.96	157163712	  0.74	路桥	重庆	3.41	5.71	157152	117933	  1.33	158	758	--  	      90774.20	
="002155"	辰州矿业	-3.08	11.00	-0.35	11.00	11.01	325918	2819	0.00	          3.27	11.20	11.27	10.92	11.35	    79.77	361344736	  0.56	黄金	湖南	3.08	11.09	177688	148229	  1.20	915	359	--  	      99608.52	
="600859"	王府井	-3.23	22.19	-0.74	22.18	22.19	81724	11	0.13	          1.77	22.93	22.93	22.13	22.93	    15.82	183026432	  0.64	百货	北京	3.49	22.40	50233	31490	  1.60	7	264	--  	      46276.80	
="000690"	宝新能源	-3.25	6.55	-0.22	6.55	6.56	457434	8309	-0.15	          2.67	6.77	6.80	6.54	6.77	    10.18	304091936	  0.80	火力发电	广东	3.84	6.65	248211	209223	  1.19	181	1261	--  	     171265.66	
="002244"	滨江集团	-3.26	8.00	-0.27	7.98	8.00	158373	399	0.37	          1.38	8.28	8.28	7.97	8.27	    14.25	127802584	  0.56	区域地产	浙江	3.75	8.07	103252	55121	  1.87	110	92	--  	     114773.00	
="600688"	上海石化	-3.28	4.42	-0.15	4.40	4.41	1213829	424	0.45	          5.09	4.50	4.67	4.40	4.57	--  	547856320	  0.66	石油加工	上海	5.91	4.51	653790	560038	  1.17	23893	136	--  	     238500.00	
="600642"	申能股份	-3.30	6.45	-0.22	6.45	6.46	541792	224	-0.15	          1.19	6.64	6.69	6.44	6.67	    15.48	353233888	  0.77	火力发电	上海	3.75	6.52	317678	224113	  1.42	251	1896	--  	     455203.84	
="002628"	成都路桥	-3.42	5.64	-0.20	5.63	5.64	274128	2325	0.17	          4.18	5.82	5.85	5.62	5.84	    28.27	156074448	  0.87	建筑施工	四川	3.94	5.69	172589	101539	  1.70	2818	1071	--  	      65581.46	
="600362"	江西铜业	-3.45	19.05	-0.68	19.07	19.08	521480	172	0.42	          2.51	19.63	19.89	18.82	19.73	    21.28	1002721088	  0.66	铜	江西	5.42	19.23	278814	242665	  1.15	62	519	--  	     207524.73	
="600675"	中华企业	-3.51	6.60	-0.24	6.60	6.61	380652	258	0.15	          2.04	6.79	6.83	6.57	6.84	    60.08	254407360	  0.47	区域地产	上海	3.80	6.68	223692	156960	  1.43	514	966	--  	     186705.94	
="000537"	广宇发展	-3.52	8.77	-0.32	8.77	8.78	175924	2639	0.22	          3.43	9.08	9.08	8.73	9.09	    13.71	155991520	  0.46	区域地产	天津	3.85	8.87	103962	71961	  1.44	2669	666	--  	      51271.33	
="000830"	鲁西化工	-3.52	5.48	-0.20	5.47	5.48	319938	4921	0.36	          2.19	5.68	5.69	5.46	5.68	    19.93	177911488	  0.69	农药化肥	山东	4.05	5.56	169654	150283	  1.13	2072	1109	--  	     146398.02	
="600729"	重庆百货	-3.52	25.73	-0.94	25.73	25.75	96076	9	-0.11	          2.58	26.67	26.85	25.71	26.67	    16.16	250972576	  0.71	百货	重庆	4.27	26.12	48893	47182	  1.04	42	2	--  	      37231.14	
="000157"	中联重科	-3.55	6.80	-0.25	6.80	6.81	1924707	24152	0.14	          3.07	7.04	7.04	6.75	7.05	    39.29	1317981184	  0.76	工程机械	湖南	4.11	6.85	1066715	857992	  1.24	594	2062	--  	     626117.19	
="600326"	西藏天路	-3.56	8.66	-0.32	8.65	8.67	154042	30	0.34	          2.82	8.96	8.97	8.58	8.98	    69.67	134482512	  0.84	建筑施工	西藏	4.34	8.73	90682	63359	  1.43	205	75	--  	      54720.00	
="600583"	海油工程	-3.66	10.27	-0.39	10.26	10.27	1348549	196	0.19	          3.33	10.64	10.76	10.24	10.66	    13.14	1409279616	  0.83	石油开采	天津	4.88	10.45	718488	630061	  1.14	500	2591	--  	     404901.41	
="000935"	四川双马	-3.69	7.31	-0.28	7.31	7.32	147955	1079	0.55	          7.83	7.50	7.55	7.22	7.59	   129.56	108953216	  0.80	水泥	四川	4.35	7.36	94069	53886	  1.75	542	29	--  	      18890.02	
="600015"	华夏银行	-3.73	12.65	-0.49	12.65	12.66	1335240	28	0.07	          2.06	13.15	13.20	12.61	13.14	     6.41	1707294976	  0.62	银行	北京	4.49	12.79	675956	659283	  1.03	135	2652	--  	     648768.69	
="600641"	万业企业	-3.76	6.15	-0.24	6.14	6.15	142915	51	0.16	          1.77	6.38	6.39	6.13	6.39	    14.18	88928472	  0.55	区域地产	上海	4.07	6.22	86044	56870	  1.51	499	26	--  	      80615.88	
="600058"	五矿发展	-3.88	16.60	-0.67	16.61	16.62	252881	228	0.12	          2.36	17.27	17.34	16.50	17.27	    75.53	424388672	  0.70	商贸代理	北京	4.86	16.78	142238	110643	  1.29	186	538	--  	     107191.07	
="600618"	氯碱化工	-4.10	9.83	-0.42	9.85	9.86	100930	19	0.10	          1.35	10.23	10.30	9.78	10.25	--  	101133648	  0.83	化工原料	上海	5.07	10.02	61911	39018	  1.59	5	108	--  	      74984.00	
="601398"	工商银行	-4.17	4.83	-0.21	4.83	4.84	6920491	186	0.41	          0.26	5.05	5.07	4.80	5.04	     5.81	3396521216	  0.64	银行	北京	5.36	4.91	3435758	3484732	  0.99	59216	11194	--  	   26670016.00	
="601369"	陕鼓动力	-4.19	9.37	-0.41	9.37	9.38	252561	5	-0.10	          1.54	9.60	9.72	9.35	9.78	    39.12	240355120	  1.00	机械基件	陕西	3.78	9.52	142562	109998	  1.30	5	2	--  	     163877.02	
="600143"	金发科技	-4.27	7.17	-0.32	7.16	7.17	770128	125	0.56	          3.01	7.49	7.56	7.12	7.49	    30.15	561752576	  1.05	塑料	广东	5.87	7.29	447563	322565	  1.39	1060	3135	--  	     256000.00	
="000718"	苏宁环球	-4.29	6.25	-0.28	6.25	6.26	306390	3564	0.32	          2.08	6.52	6.55	6.22	6.53	   265.81	193372496	  0.95	区域地产	吉林	5.05	6.31	159894	146495	  1.09	2147	168	--  	     146984.73	
="601888"	中国国旅	-4.50	45.66	-2.15	45.77	45.78	65330	10	-0.08	          0.67	47.99	48.30	45.50	47.81	    28.04	302097216	  0.91	旅游服务	北京	5.86	46.24	38933	26396	  1.47	6	4	--  	      97623.77	
="600581"	八一钢铁	-4.66	5.53	-0.27	5.53	5.54	249743	230	0.54	          3.26	5.78	5.80	5.50	5.80	--  	139430896	  1.03	普钢	新疆	5.17	5.58	142099	107644	  1.32	100	1323	--  	      76644.89	
="600858"	银座股份	-4.78	9.95	-0.50	9.95	9.96	175669	610	0.30	          3.39	10.50	10.50	9.91	10.45	    19.57	177622704	  1.11	百货	山东	5.65	10.11	98586	77082	  1.28	661	65	--  	      51754.80	
="600489"	中金黄金	-4.83	11.82	-0.60	11.82	11.83	1116665	23	-0.08	          3.79	12.07	12.27	11.74	12.42	    66.38	1337235712	  0.87	黄金	北京	4.27	11.98	615248	501416	  1.23	22	243	--  	     294322.88	
="600050"	中国联通	-5.97	5.04	-0.32	5.04	5.05	5486685	10	-0.19	          2.59	5.38	5.38	5.02	5.36	    22.89	2829286144	  0.94	电信运营	上海	6.72	5.16	2787858	2698826	  1.03	3195	863	--  	    2119659.75	
="000533"	万 家 乐	-9.88	5.38	-0.59	5.37	5.38	831391	5422	0.00	         12.14	5.37	5.79	5.37	5.97	    31.77	452745824	  3.19	家用电器	广东	7.04	5.45	413019	418372	  0.99	47041	5701	--  	      68487.71	
数据来源:通达信
