代码	名称	涨幅%%	现价	涨跌	买价	卖价	总量	现量	涨速%%	换手%%	今开	最高	最低	昨收	市盈(动)	总金额	量比	细分行业	地区	振幅%%	均价	内盘	外盘	内外比	买量	卖量	未匹配量	流通股本	
="000900"	现代投资	10.00	5.94	0.54	5.94	--  	379264	4481	          0.00	          3.75	5.49	5.94	5.49	5.40	    17.29	221778240	  3.04	路桥	湖南	 8.33	5.85	242797	136467	  1.78	342071	0	--  	     101128.75	
="000912"	泸 天 化	9.97	6.62	0.60	6.62	--  	409872	251	          0.00	         15.34	6.17	6.62	6.13	6.02	--  	267623088	  5.39	农药化肥	四川	 8.14	6.53	239553	170319	  1.41	22878	0	--  	      26715.00	
="000791"	甘肃电投	8.40	9.29	0.72	9.28	9.29	202770	3630	          1.19	         17.67	8.57	9.43	8.55	8.57	   735.52	185526768	  5.03	水力发电	甘肃	10.27	9.15	104022	98748	  1.05	10	6164	--  	      11477.80	
="002668"	奥马电器	6.15	23.30	1.35	23.29	23.30	205104	1668	         -0.21	         28.35	21.95	24.15	21.87	21.95	    16.47	484789504	  3.59	家用电器	广东	10.39	23.64	123575	81529	  1.52	238	903	--  	       7235.00	
="002073"	软控股份	5.65	12.52	0.67	12.52	12.53	671783	5821	          0.00	         10.86	11.83	12.90	11.83	11.85	    42.70	835528320	  2.47	软件服务	山东	 9.03	12.44	286939	384844	  0.75	926	1454	--  	      61879.48	
="002480"	新筑股份	5.54	9.52	0.50	9.51	9.52	184236	3804	          0.00	          3.33	8.97	9.69	8.90	9.02	   325.71	171756816	  1.79	机械基件	四川	 8.76	9.32	69040	115196	  0.60	1268	1451	--  	      55366.37	
="600735"	新华锦	5.50	11.89	0.62	11.87	11.89	81662	14	          0.25	          3.91	11.27	12.08	11.20	11.27	    66.98	96544168	  1.26	纺织	山东	 7.81	11.82	36303	45359	  0.80	517	51	--  	      20899.75	
="600238"	海南椰岛	4.55	9.19	0.40	9.19	9.20	275194	5	         -0.32	          6.23	8.91	9.26	8.82	8.79	    49.51	249904848	  1.25	红黄药酒	海南	 5.01	9.08	123636	151558	  0.82	9	1957	--  	      44203.16	
="000902"	新洋丰	4.06	14.37	0.56	14.36	14.37	125989	1114	          0.00	          4.88	13.97	14.89	13.83	13.81	    15.07	181306592	  1.49	农药化肥	湖北	 7.68	14.39	66254	59735	  1.11	341	745	--  	      25800.00	
="002530"	丰东股份	3.98	9.14	0.35	9.14	9.15	119326	1381	          0.10	          4.45	8.68	9.34	8.56	8.79	   129.92	108609624	  2.40	专用机械	江苏	 8.87	9.10	55261	64065	  0.86	1421	494	--  	      26800.00	
="300159"	新研股份	3.90	12.00	0.45	12.00	12.01	204362	3029	         -0.16	          7.26	11.51	12.47	11.51	11.55	   134.24	246027040	  1.89	农用机械	新疆	 8.31	12.04	82279	122083	  0.67	4723	53	--  	      28153.14	
="000022"	深赤湾Ａ	3.86	14.80	0.55	14.79	14.80	56403	1097	          0.13	          1.21	14.25	15.12	14.12	14.25	    20.27	82505856	  2.83	港口	深圳	 7.02	14.63	24362	32041	  0.76	4502	547	--  	      46486.73	
="000978"	桂林旅游	3.43	8.15	0.27	8.14	8.15	155935	1523	          0.24	          4.33	7.88	8.33	7.85	7.88	--  	126639360	  2.84	旅游景点	广西	 6.09	8.12	67777	88158	  0.77	194	42	--  	      36010.00	
="300123"	太阳鸟	3.41	13.34	0.44	13.33	13.34	163546	1098	         -0.14	          6.35	12.82	13.90	12.78	12.90	   120.55	219977248	  1.76	船舶	湖南	 8.68	13.45	68974	94572	  0.73	472	76	--  	      25749.13	
="002563"	森马服饰	2.97	33.95	0.98	33.94	33.95	30718	266	          0.29	          4.39	33.11	34.19	32.62	32.97	    33.09	103250488	  2.41	服饰	浙江	 4.76	33.61	10160	20558	  0.49	90	14	--  	       7000.00	
="600853"	龙建股份	2.72	4.15	0.11	4.14	4.15	123232	236	          0.24	          2.30	4.03	4.25	4.02	4.04	   327.70	50858876	  1.29	建筑施工	黑龙江	 5.69	4.13	53866	69366	  0.78	457	920	--  	      53680.76	
="601007"	金陵饭店	2.51	11.03	0.27	11.03	11.04	118027	4	          0.09	          3.93	10.98	11.50	10.81	10.76	   106.17	131138448	  2.21	酒店餐饮	江苏	 6.41	11.11	58083	59944	  0.97	102	241	--  	      30000.00	
="000652"	泰达股份	2.49	5.77	0.14	5.77	5.78	527857	9812	         -0.51	          3.60	5.53	5.98	5.36	5.63	--  	295546368	  0.95	综合类	天津	11.01	5.60	267157	260700	  1.02	2932	1816	--  	     146567.00	
="002696"	百洋股份	2.20	13.48	0.29	13.47	13.48	42401	2383	          1.35	          5.31	13.24	13.90	13.10	13.19	    61.33	56380976	  1.55	渔业	广西	 6.07	13.30	18344	24057	  0.76	27	297	--  	       7990.91	
="000099"	中信海直	2.11	12.57	0.26	12.57	12.58	265045	2351	          0.00	          4.37	12.35	13.20	12.21	12.31	    45.49	336684608	  1.06	空运	深圳	 8.04	12.70	120750	144295	  0.84	320	760	--  	      60607.03	
="000738"	中航动控	2.05	17.46	0.35	17.45	17.46	272260	2204	          0.05	          2.38	17.17	17.86	16.80	17.11	    99.88	477535520	  1.17	航空航天	江苏	 6.20	17.54	132791	139469	  0.95	266	1055	--  	     114564.22	
="000816"	江淮动力	1.95	6.26	0.12	6.25	6.26	446734	3639	          0.16	          4.10	6.16	6.41	6.07	6.14	   109.63	278842912	  1.94	机械基件	江苏	 5.54	6.24	202415	244319	  0.83	1257	1267	--  	     108877.75	
="600337"	美克家居	1.92	8.51	0.16	8.51	8.52	79970	13	          0.00	          1.25	8.35	8.61	8.29	8.35	    29.36	67772104	  1.31	家居用品	新疆	 3.83	8.47	37920	42050	  0.90	38	142	--  	      63833.23	
="002439"	启明星辰	1.87	23.39	0.43	23.38	23.39	53459	1207	          0.21	          2.05	23.17	23.75	23.17	22.96	--  	125267488	  1.20	软件服务	北京	 2.53	23.43	24151	29308	  0.82	239	213	--  	      26088.46	
="600731"	湖南海利	1.83	8.36	0.15	8.36	8.37	65840	23	          0.11	          2.58	8.18	8.60	8.18	8.21	   291.84	55503548	  1.42	农药化肥	湖南	 5.12	8.43	34329	31511	  1.09	73	106	--  	      25557.66	
="600727"	鲁北化工	1.70	5.98	0.10	5.99	6.00	174057	267	          0.67	          4.96	5.86	6.19	5.84	5.88	   162.41	104991320	  1.71	农药化肥	山东	 5.95	6.03	90639	83418	  1.09	32	170	--  	      35092.66	
="300203"	聚光科技	1.63	19.91	0.32	19.90	19.91	161693	1186	         -0.49	          3.63	19.60	20.43	19.41	19.59	    75.16	324717952	  1.57	电器仪表	浙江	 5.21	20.08	82881	78812	  1.05	280	116	--  	      44500.00	
="600076"	青鸟华光	1.62	6.90	0.11	6.89	6.90	118754	27	         -0.28	          3.25	6.80	7.11	6.74	6.79	--  	82668312	  1.59	通信设备	山东	 5.45	6.96	55208	63546	  0.87	34	369	--  	      36553.60	
="600758"	红阳能源	1.57	9.73	0.15	9.73	9.74	77868	27	          0.00	          6.77	9.58	10.19	9.52	9.58	   102.02	76465968	  2.40	供气供热	辽宁	 6.99	9.82	38659	39209	  0.99	73	177	--  	      11505.03	
="002046"	轴研科技	1.50	10.17	0.15	10.16	10.17	100176	1816	         -0.09	          2.94	10.08	10.29	10.02	10.02	   120.79	101810544	  0.83	机械基件	河南	 2.69	10.16	43715	56461	  0.77	13	109	--  	      34056.60	
="600865"	百大集团	1.47	8.30	0.12	8.29	8.30	48650	100	          0.12	          1.29	8.18	8.41	8.18	8.18	    16.87	40569056	  1.22	百货	浙江	 2.81	8.34	21316	27334	  0.78	11	54	--  	      37624.03	
="600985"	雷鸣科化	1.46	15.99	0.23	15.98	15.99	27530	33	         -0.12	          2.12	15.73	16.59	15.73	15.76	    22.81	44499816	  1.26	化工原料	安徽	 5.46	16.16	10584	16946	  0.62	35	12	--  	      12960.00	
="601717"	郑煤机	1.33	6.86	0.09	6.85	6.86	185352	283	          0.43	          1.35	6.77	6.94	6.75	6.77	    31.95	127181064	  0.97	工程机械	河南	 2.81	6.86	83819	101533	  0.83	328	305	--  	     137788.78	
="002232"	启明信息	1.27	11.94	0.15	11.94	11.95	146275	2382	          0.00	          3.68	11.75	12.10	11.45	11.79	  1896.60	173369024	  1.58	软件服务	吉林	 5.51	11.85	73516	72759	  1.01	1046	787	--  	      39797.07	
="002035"	华帝股份	1.21	12.54	0.15	12.54	12.55	86065	1010	          0.07	          2.90	12.32	12.85	12.32	12.39	    18.51	108633680	  1.35	家用电器	广东	 4.28	12.62	38043	48022	  0.79	34	183	--  	      29677.21	
="600707"	彩虹股份	1.10	11.95	0.13	11.93	11.95	183854	1200	          0.25	          2.50	11.79	12.16	11.65	11.82	--  	218791904	  0.59	元器件	陕西	 4.31	11.90	94593	89261	  1.06	200	13	--  	      73471.77	
="600590"	泰豪科技	1.09	9.28	0.10	9.28	9.29	166086	21	          0.21	          3.32	9.22	9.63	9.12	9.18	--  	156067472	  0.82	电气设备	江西	 5.56	9.40	74860	91226	  0.82	19	23	--  	      50032.57	
="601989"	中国重工	1.08	6.53	0.07	6.54	6.55	2511378	1705	          0.61	          1.61	6.49	6.64	6.46	6.46	    43.00	1643668480	  1.11	船舶	北京	 2.79	6.54	1013239	1498139	  0.68	4023	10629	--  	    1561259.25	
="600415"	小商品城	1.06	6.69	0.07	6.69	6.70	121669	98	          0.45	          0.45	6.62	6.83	6.60	6.62	    42.54	81619640	  0.82	商品城	浙江	 3.47	6.71	55491	66178	  0.84	61	731	--  	     272160.72	
="002230"	科大讯飞	1.00	31.18	0.31	31.17	31.18	278160	950	          0.09	          4.81	30.96	32.18	30.83	30.87	   106.99	879352576	  1.71	软件服务	安徽	 4.37	31.61	124172	153988	  0.81	1929	121	--  	      57848.67	
="600694"	大商股份	0.99	31.78	0.31	31.78	31.79	99455	74	          0.22	          3.39	31.40	32.19	31.40	31.47	     6.22	316870720	  1.13	百货	辽宁	 2.51	31.86	48254	51201	  0.94	35	92	--  	      29371.86	
="600671"	天目药业	0.96	16.76	0.16	16.76	16.77	31850	4	         -0.05	          2.62	16.50	17.14	16.42	16.60	--  	53689892	  0.95	中成药	浙江	 4.34	16.86	13546	18304	  0.74	4	60	--  	      12172.04	
="000088"	盐 田 港	0.96	6.30	0.06	6.29	6.30	243698	5285	          0.15	          1.25	6.24	6.38	6.12	6.24	    27.35	153084080	  1.24	港口	深圳	 4.17	6.28	126405	117293	  1.08	1947	1037	--  	     194212.78	
="600728"	佳都科技	0.89	15.85	0.14	15.85	15.86	93859	6	          0.18	          2.59	15.70	16.28	15.65	15.71	   235.65	150076080	  0.78	软件服务	广东	 4.01	15.99	43539	50320	  0.87	25	125	--  	      36280.03	
="300189"	神农大丰	0.87	8.09	0.07	8.09	8.10	269751	1850	          0.24	          8.05	7.97	8.28	7.95	8.02	   226.49	219662832	  1.41	种植业	海南	 4.11	8.14	133463	136288	  0.98	1408	1203	--  	      33498.87	
="000014"	沙河股份	0.84	14.38	0.12	14.38	14.39	27802	314	          0.34	          1.38	14.26	14.47	14.13	14.26	    57.99	39860356	  0.76	全国地产	深圳	 2.38	14.34	13820	13982	  0.99	101	287	--  	      20170.51	
="002291"	星期六	0.78	7.80	0.06	7.78	7.80	35246	325	          0.38	          0.97	7.74	7.95	7.72	7.74	    42.52	27584086	  1.01	服饰	广东	 2.97	7.83	14209	21037	  0.68	179	87	--  	      36335.00	
="002582"	好想你	0.77	22.28	0.17	22.27	22.28	39174	167	         -0.04	          4.28	22.12	22.80	22.12	22.11	    42.31	87970840	  1.09	食品	河南	 3.08	22.46	22011	17163	  1.28	210	5	--  	       9155.75	
="002496"	辉丰股份	0.65	17.12	0.11	17.11	17.12	68639	273	         -0.05	          3.72	17.00	17.70	17.00	17.01	    26.14	119374672	  1.15	农药化肥	江苏	 4.12	17.39	33806	34833	  0.97	368	656	--  	      18456.77	
="000989"	九 芝 堂	0.60	15.19	0.09	15.19	15.20	172165	1026	         -0.19	          5.79	15.11	15.77	15.10	15.10	    29.10	266311312	  1.40	中成药	湖南	 4.44	15.47	88757	83408	  1.06	420	145	--  	      29760.52	
="600478"	科力远	0.60	25.32	0.15	25.33	25.34	70327	11	         -0.03	          1.49	25.25	25.59	25.12	25.17	  1350.58	178170928	  1.00	元器件	湖南	 1.87	25.33	36573	33754	  1.08	76	94	--  	      47223.51	
="600038"	哈飞股份	0.58	38.36	0.22	38.40	38.41	75621	7	          0.41	          2.24	38.10	39.50	37.35	38.14	    74.08	291827648	  1.05	航空航天	黑龙江	 5.64	38.59	39080	36541	  1.07	26	13	--  	      33735.00	
="600120"	浙江东方	0.57	15.91	0.09	15.91	15.93	266623	103	          0.44	          5.27	15.93	16.43	15.78	15.82	    13.76	429036896	  0.59	商贸代理	浙江	 4.11	16.09	130922	135701	  0.96	44	20	--  	      50547.33	
="600098"	广州发展	0.55	5.50	0.03	5.49	5.50	86198	20	          0.54	          0.35	5.49	5.53	5.46	5.47	    11.63	47387232	  0.93	火力发电	广东	 1.28	5.50	44899	41299	  1.09	366	1741	--  	     243737.45	
="600859"	王府井	0.52	19.17	0.10	19.16	19.18	91678	1	          0.10	          2.20	19.15	19.45	19.01	19.07	    11.73	176320720	  0.58	百货	北京	 2.31	19.23	51246	40432	  1.27	83	22	--  	      41764.19	
="600333"	长春燃气	0.50	7.98	0.04	7.98	7.99	73970	3	         -0.12	          1.49	7.93	8.07	7.90	7.94	   244.52	59023428	  0.97	供气供热	吉林	 2.14	7.98	41009	32961	  1.24	410	1592	--  	      49601.98	
="600505"	西昌电力	0.47	10.74	0.05	10.74	10.75	20549	50	          0.28	          0.56	10.70	10.85	10.55	10.69	  1098.12	22010260	  0.87	水力发电	四川	 2.81	10.71	8655	11894	  0.73	264	473	--  	      36456.75	
="002702"	海欣食品	0.45	18.00	0.08	18.00	18.06	13104	81	          0.11	          2.15	17.93	18.25	17.90	17.92	--  	23705564	  1.05	食品	福建	 1.95	18.09	4829	8275	  0.58	58	38	--  	       6100.00	
="002469"	三维工程	0.45	13.52	0.06	13.51	13.52	42138	448	          0.07	          1.67	13.46	13.85	13.40	13.46	    35.62	57590428	  0.97	建筑施工	山东	 3.34	13.67	20691	21447	  0.96	81	392	--  	      25195.47	
="002687"	乔治白	0.36	11.18	0.04	11.17	11.18	34283	541	         -0.08	          4.92	11.20	11.39	11.05	11.14	    34.77	38462544	  0.79	服饰	浙江	 3.05	11.22	18498	15785	  1.17	20	5	--  	       6961.27	
="002224"	三 力 士	0.35	8.66	0.03	8.66	8.67	83972	1550	          0.69	          1.90	8.65	8.72	8.57	8.63	    37.61	72372560	  0.67	橡胶	浙江	 1.74	8.62	46572	37400	  1.25	661	455	--  	      44120.33	
="600035"	楚天高速	0.34	2.98	0.01	2.97	2.98	95160	128	          0.00	          0.79	2.96	3.00	2.96	2.97	    13.95	28395788	  0.77	路桥	湖北	 1.35	2.98	42126	53034	  0.79	1912	371	--  	     121114.82	
="600293"	三峡新材	0.28	7.05	0.02	7.05	7.07	55653	43	         -0.14	          1.62	7.04	7.17	7.02	7.03	   561.17	39381520	  0.80	玻璃	湖北	 2.13	7.08	29542	26111	  1.13	161	1099	--  	      34450.26	
="000153"	丰原药业	0.26	11.50	0.03	11.49	11.50	58480	1658	         -0.43	          1.97	11.40	11.58	11.16	11.47	    95.77	66418904	  0.62	化学制药	安徽	 3.66	11.36	31377	27103	  1.16	3	765	--  	      29664.51	
="600781"	辅仁药业	0.25	20.40	0.05	20.42	20.43	41342	6	          0.09	          2.33	20.26	20.70	20.05	20.35	   130.74	84572960	  1.05	中成药	河南	 3.19	20.46	20959	20383	  1.03	20	28	--  	      17759.28	
="600710"	常林股份	0.23	4.40	0.01	4.41	4.43	80710	135	          2.08	          1.26	4.40	4.42	4.31	4.39	--  	35182408	  0.95	工程机械	江苏	 2.51	4.36	46243	34467	  1.34	111	648	--  	      64028.39	
="002615"	哈尔斯	0.20	29.50	0.06	29.49	29.50	28910	138	          0.10	          5.66	29.34	30.63	29.10	29.44	    32.78	86368616	  1.34	家居用品	浙江	 5.20	29.87	15148	13762	  1.10	2	162	--  	       5106.25	
="000040"	宝安地产	0.19	5.16	0.01	5.15	5.16	87514	481	          0.00	          1.88	5.11	5.31	5.11	5.15	   147.29	45745240	  1.96	全国地产	深圳	 3.88	5.23	35275	52239	  0.68	103	519	--  	      46443.83	
="300180"	华峰超纤	0.19	20.83	0.04	20.83	20.84	24329	62	          0.14	          2.11	20.75	21.64	20.61	20.79	    28.67	51452300	  2.03	化纤	上海	 4.95	21.15	11319	13010	  0.87	12	248	--  	      11531.30	
="002244"	滨江集团	0.14	6.97	0.01	6.97	6.98	91172	280	          0.28	          0.79	6.97	7.11	6.93	6.96	    10.46	64028980	  1.14	区域地产	浙江	 2.59	7.02	47599	43573	  1.09	930	185	--  	     114773.00	
="000613"	大东海A	0.14	7.15	0.01	7.14	7.15	40163	627	          0.28	          1.54	7.11	7.24	7.07	7.14	--  	28733498	  0.86	旅游服务	海南	 2.38	7.15	20840	19323	  1.08	477	57	--  	      26056.48	
="002673"	西部证券	0.07	14.63	0.01	14.63	14.64	268283	1582	         -0.06	          3.90	14.62	15.05	14.45	14.62	    57.64	396543424	  0.89	证券	陕西	 4.10	14.78	126916	141367	  0.90	781	658	--  	      68761.11	
="603366"	日出东方	0.06	15.92	0.01	15.93	15.94	44137	10	          0.25	          3.12	15.86	16.36	15.82	15.91	    18.32	70938040	  1.21	家用电器	江苏	 3.39	16.07	21360	22777	  0.94	41	125	--  	      14140.00	
="002680"	黄海机械	0.03	33.51	0.01	33.50	33.51	17791	84	         -0.17	          7.42	33.46	34.69	32.82	33.50	   139.28	60884460	  0.95	工程机械	江苏	 5.58	34.22	7654	10137	  0.76	1	92	--  	       2399.22	
="601928"	凤凰传媒	0.00	10.71	0.00	--  	--  	0	0	          0.00	          0.00	--  	--  	--  	10.71	    23.65	0	  0.00	出版业	江苏	 0.00	10.71	0	0	--  	0	0	--  	      65788.35	
="601886"	江河创建	0.00	7.53	0.00	7.53	7.54	67417	32	          0.26	          0.74	7.53	7.62	7.49	7.53	    24.53	50901528	  0.63	装修装饰	北京	 1.73	7.55	40205	27212	  1.48	16	380	--  	      90723.52	
="600986"	科达股份	0.00	7.05	0.00	--  	--  	0	0	          0.00	          0.00	--  	--  	--  	7.05	    95.92	0	  0.00	建筑施工	山东	 0.00	7.05	0	0	--  	0	0	--  	      33526.96	
="600981"	汇鸿股份	0.00	4.21	0.00	--  	--  	0	0	          0.00	          0.00	--  	--  	--  	4.21	    91.20	0	  0.00	商贸代理	江苏	 0.00	4.21	0	0	--  	0	0	--  	      51610.64	
="600881"	亚泰集团	0.00	5.14	0.00	--  	--  	0	0	          0.00	          0.00	--  	--  	--  	5.14	    41.03	0	  0.00	水泥	吉林	 0.00	5.14	0	0	--  	0	0	--  	     189473.20	
="600876"	洛阳玻璃	0.00	7.24	0.00	--  	--  	0	0	          0.00	          0.00	--  	--  	--  	7.24	    56.10	0	  0.00	玻璃	河南	 0.00	7.24	0	0	--  	0	0	--  	      25001.82	
="600847"	万里股份	0.00	18.19	0.00	--  	--  	0	0	          0.00	          0.00	--  	--  	--  	18.19	   644.02	0	  0.00	电气设备	重庆	 0.00	18.19	0	0	--  	0	0	--  	      13316.49	
="600749"	西藏旅游	0.00	12.18	0.00	--  	--  	0	0	          0.00	          0.00	--  	--  	--  	12.18	--  	0	  0.00	旅游景点	西藏	 0.00	12.18	0	0	--  	0	0	--  	      18913.78	
="600726"	华电能源	0.00	4.07	0.00	--  	--  	0	0	          0.00	          0.00	--  	--  	--  	4.07	    15.11	0	  0.00	火力发电	黑龙江	 0.00	4.07	0	0	--  	0	0	--  	      72058.04	
="600589"	广东榕泰	0.00	6.36	0.00	6.35	6.36	122935	12	          0.15	          2.04	6.37	6.51	6.30	6.36	    53.77	78728248	  1.09	塑料	广东	 3.30	6.40	65761	57174	  1.15	63	2	--  	      60173.00	
="600575"	皖江物流	0.00	4.11	0.00	--  	--  	0	0	          0.00	          0.00	--  	--  	--  	4.11	    69.90	0	  0.00	港口	安徽	 0.00	4.11	0	0	--  	0	0	--  	     142320.00	
="600569"	安阳钢铁	0.00	2.32	0.00	--  	--  	0	0	          0.00	          0.00	--  	--  	--  	2.32	    58.76	0	  0.00	普钢	河南	 0.00	2.32	0	0	--  	0	0	--  	     239368.45	
="600532"	宏达矿业	0.00	9.75	0.00	--  	--  	0	0	          0.00	          0.00	--  	--  	--  	9.75	    31.26	0	  0.00	普钢	山东	 0.00	9.75	0	0	--  	0	0	--  	      16510.25	
="600517"	置信电气	0.00	12.45	0.00	--  	--  	0	0	          0.00	          0.00	--  	--  	--  	12.45	    80.24	0	  0.00	电气设备	上海	 0.00	12.45	0	0	--  	0	0	--  	     111366.89	
="600497"	驰宏锌锗	0.00	10.39	0.00	--  	--  	0	0	          0.00	          0.00	--  	--  	--  	10.39	    91.83	0	  0.00	铅锌	云南	 0.00	10.39	0	0	--  	0	0	--  	     166756.09	
="600400"	红豆股份	0.00	5.69	0.00	--  	--  	0	0	          0.00	          0.00	--  	--  	--  	5.69	    69.40	0	  0.00	服饰	江苏	 0.00	5.69	0	0	--  	0	0	--  	      56039.96	
="600369"	西南证券	0.00	10.54	0.00	--  	--  	0	0	          0.00	          0.00	--  	--  	--  	10.54	    27.45	0	  0.00	证券	重庆	 0.00	10.54	0	0	--  	0	0	--  	     232255.45	
="600365"	通葡股份	0.00	11.38	0.00	--  	--  	0	0	          0.00	          0.00	--  	--  	--  	11.38	   755.95	0	  0.00	红黄药酒	吉林	 0.00	11.38	0	0	--  	0	0	--  	      14000.00	
="600318"	巢东股份	0.00	11.20	0.00	--  	--  	0	0	          0.00	          0.00	--  	--  	--  	11.20	    13.31	0	  0.00	水泥	安徽	 0.00	11.20	0	0	--  	0	0	--  	      24200.00	
="600241"	时代万恒	0.00	8.28	0.00	--  	--  	0	0	          0.00	          0.00	--  	--  	--  	8.28	--  	0	  0.00	商贸代理	辽宁	 0.00	8.28	0	0	--  	0	0	--  	      18020.00	
="600239"	云南城投	0.00	6.01	0.00	--  	--  	0	0	          0.00	          0.00	--  	--  	--  	6.01	    27.83	0	  0.00	区域地产	云南	 0.00	6.01	0	0	--  	0	0	--  	      82342.92	
="600165"	新日恒力	0.00	9.31	0.00	9.31	9.32	27747	10	          0.00	          1.43	9.27	9.40	9.25	9.31	    78.33	25861230	  0.46	钢加工	宁夏	 1.61	9.32	16335	11412	  1.43	309	215	--  	      19395.34	
="600105"	永鼎股份	0.00	9.86	0.00	--  	--  	0	0	          0.00	          0.00	--  	--  	--  	9.86	    17.13	0	  0.00	通信设备	江苏	 0.00	9.86	0	0	--  	0	0	--  	      38095.46	
="600103"	青山纸业	0.00	3.66	0.00	--  	--  	0	0	          0.00	          0.00	--  	--  	--  	3.66	    60.41	0	  0.00	造纸	福建	 0.00	3.66	0	0	--  	0	0	--  	     106184.15	
="600091"	ST明科	0.00	7.02	0.00	--  	--  	0	0	          0.00	          0.00	--  	--  	--  	7.02	--  	0	  0.00	化工原料	内蒙	 0.00	7.02	0	0	--  	0	0	--  	      33652.60	
="600090"	啤酒花	0.00	8.13	0.00	--  	--  	0	0	          0.00	          0.00	--  	--  	--  	8.13	    50.77	0	  0.00	啤酒	新疆	 0.00	8.13	0	0	--  	0	0	--  	      36791.66	
="600005"	武钢股份	0.00	2.38	0.00	--  	--  	0	0	          0.00	          0.00	--  	--  	--  	2.38	    28.06	0	  0.00	普钢	湖北	 0.00	2.38	0	0	--  	0	0	--  	    1009378.00	
="300332"	天壕节能	--  	0.00	--  	--  	--  	0	0	--  	          0.00	--  	--  	--  	14.06	    38.55	0	  0.00	环境保护	北京	 0.00	14.06	0	0	--  	0	0	--  	      22666.75	
="300230"	永利带业	--  	0.00	--  	--  	--  	0	0	--  	          0.00	--  	--  	--  	9.63	    37.74	0	  0.00	塑料	上海	 0.00	9.63	0	0	--  	0	0	--  	      10127.07	
="300194"	福安药业	--  	0.00	--  	--  	--  	0	0	--  	          0.00	--  	--  	--  	21.58	    84.71	0	  0.00	化学制药	重庆	 0.00	21.58	0	0	--  	0	0	--  	      12880.26	
="300138"	晨光生物	--  	0.00	--  	--  	--  	0	0	--  	          0.00	--  	--  	--  	11.24	   155.06	0	  0.00	食品	河北	 0.00	11.24	0	0	--  	0	0	--  	      12796.33	
="300074"	华平股份	--  	0.00	--  	--  	--  	0	0	--  	          0.00	--  	--  	--  	18.61	    61.30	0	  0.00	通信设备	上海	 0.00	18.61	0	0	--  	0	0	--  	      21427.27	
="300072"	三聚环保	--  	0.00	--  	--  	--  	0	0	--  	          0.00	--  	--  	--  	27.13	    37.91	0	  0.00	化工原料	北京	 0.00	27.13	0	0	--  	0	0	--  	      45855.16	
="300013"	新宁物流	--  	0.00	--  	--  	--  	0	0	--  	          0.00	--  	--  	--  	9.26	   315.91	0	  0.00	仓储物流	江苏	 0.00	9.26	0	0	--  	0	0	--  	      18000.00	
="002608"	舜天船舶	--  	0.00	--  	--  	--  	0	0	--  	          0.00	--  	--  	--  	12.79	    57.18	0	  0.00	船舶	江苏	 0.00	12.79	0	0	--  	0	0	--  	      32855.16	
="002537"	海立美达	--  	0.00	--  	--  	--  	0	0	--  	          0.00	--  	--  	--  	19.19	    53.98	0	  0.00	机械基件	山东	 0.00	19.19	0	0	--  	0	0	--  	      15000.00	
="002529"	海源机械	--  	0.00	--  	--  	--  	0	0	--  	          0.00	--  	--  	--  	15.03	--  	0	  0.00	专用机械	福建	 0.00	15.03	0	0	--  	0	0	--  	      15608.25	
="002509"	天广消防	--  	0.00	--  	--  	--  	0	0	--  	          0.00	--  	--  	--  	12.27	    49.43	0	  0.00	专用机械	福建	 0.00	12.27	0	0	--  	0	0	--  	      23109.89	
="002483"	润邦股份	--  	0.00	--  	--  	--  	0	0	--  	          0.00	--  	--  	--  	12.22	    35.76	0	  0.00	工程机械	江苏	 0.00	12.22	0	0	--  	0	0	--  	      29250.00	
="002450"	康得新	--  	0.00	--  	--  	--  	0	0	--  	          0.00	--  	--  	--  	32.67	    33.05	0	  0.00	化工原料	江苏	 0.00	32.67	0	0	--  	0	0	--  	      94531.45	
="002426"	胜利精密	--  	0.00	--  	--  	--  	0	0	--  	          0.00	--  	--  	--  	11.26	    68.93	0	  0.00	元器件	江苏	 0.00	11.26	0	0	--  	0	0	--  	      35306.58	
="002375"	亚厦股份	--  	0.00	--  	--  	--  	0	0	--  	          0.00	--  	--  	--  	23.21	    21.90	0	  0.00	装修装饰	浙江	 0.00	23.21	0	0	--  	0	0	--  	      68105.28	
="002324"	普利特	--  	0.00	--  	--  	--  	0	0	--  	          0.00	--  	--  	--  	19.90	    27.22	0	  0.00	塑料	上海	 0.00	19.90	0	0	--  	0	0	--  	      15582.66	
="002323"	中联电气	--  	0.00	--  	--  	--  	0	0	--  	          0.00	--  	--  	--  	21.95	   122.80	0	  0.00	电气设备	江苏	 0.00	21.95	0	0	--  	0	0	--  	       8350.16	
="002282"	博深工具	--  	0.00	--  	--  	--  	0	0	--  	          0.00	--  	--  	--  	11.50	    69.15	0	  0.00	轻工机械	河北	 0.00	11.50	0	0	--  	0	0	--  	      11982.66	
="002103"	广博股份	--  	0.00	--  	--  	--  	0	0	--  	          0.00	--  	--  	--  	10.18	   196.01	0	  0.00	文教休闲	浙江	 0.00	10.18	0	0	--  	0	0	--  	      17095.44	
="002086"	东方海洋	0.00	11.01	0.00	11.01	11.02	53280	569	         -0.09	          2.24	11.01	11.18	10.91	11.01	    38.97	58915160	  0.45	渔业	山东	 2.45	11.06	28219	25061	  1.13	323	278	--  	      23780.85	
="002084"	海鸥卫浴	--  	0.00	--  	--  	--  	0	0	--  	          0.00	--  	--  	--  	7.60	    89.04	0	  0.00	家居用品	广东	 0.00	7.60	0	0	--  	0	0	--  	      40605.57	
="002044"	江苏三友	--  	0.00	--  	--  	--  	0	0	--  	          0.00	--  	--  	--  	10.04	    43.13	0	  0.00	服饰	江苏	 0.00	10.04	0	0	--  	0	0	--  	      22410.00	
="002036"	宜科科技	--  	0.00	--  	--  	--  	0	0	--  	          0.00	--  	--  	--  	10.86	   153.77	0	  0.00	服饰	浙江	 0.00	10.86	0	0	--  	0	0	--  	      19791.78	
="002013"	中航机电	--  	0.00	--  	--  	--  	0	0	--  	          0.00	--  	--  	--  	22.15	    43.52	0	  0.00	汽车配件	湖北	 0.00	22.15	0	0	--  	0	0	--  	      29285.81	
="002009"	天奇股份	--  	0.00	--  	--  	--  	0	0	--  	          0.00	--  	--  	--  	16.30	    47.89	0	  0.00	工程机械	江苏	 0.00	16.30	0	0	--  	0	0	--  	      25991.22	
="002006"	*ST精功	--  	0.00	--  	--  	--  	0	0	--  	          0.00	--  	--  	--  	8.75	   155.21	0	  0.00	工程机械	浙江	 0.00	8.75	0	0	--  	0	0	--  	      43677.89	
="000936"	华西股份	--  	0.00	--  	--  	--  	0	0	--  	          0.00	--  	--  	--  	5.17	   119.27	0	  0.00	化纤	江苏	 0.00	5.17	0	0	--  	0	0	--  	      74768.59	
="000920"	南方汇通	--  	0.00	--  	--  	--  	0	0	--  	          0.00	--  	--  	--  	13.23	   128.57	0	  0.00	运输设备	贵州	 0.00	13.23	0	0	--  	0	0	--  	      42200.00	
="000796"	易食股份	--  	0.00	--  	--  	--  	0	0	--  	          0.00	--  	--  	--  	7.23	    91.08	0	  0.00	食品	陕西	 0.00	7.23	0	0	--  	0	0	--  	      24652.30	
="000795"	太原刚玉	--  	0.00	--  	--  	--  	0	0	--  	          0.00	--  	--  	--  	10.92	--  	0	  0.00	矿物制品	山西	 0.00	10.92	0	0	--  	0	0	--  	      27679.44	
="000718"	苏宁环球	--  	0.00	--  	--  	--  	0	0	--  	          0.00	--  	--  	--  	5.39	   112.95	0	  0.00	区域地产	吉林	 0.00	5.39	0	0	--  	0	0	--  	     146984.73	
="000710"	天兴仪表	--  	0.00	--  	--  	--  	0	0	--  	          0.00	--  	--  	--  	13.60	--  	0	  0.00	汽车配件	四川	 0.00	13.60	0	0	--  	0	0	--  	      15120.00	
="000668"	荣丰控股	--  	0.00	--  	--  	--  	0	0	--  	          0.00	--  	--  	--  	13.98	--  	0	  0.00	区域地产	上海	 0.00	13.98	0	0	--  	0	0	--  	      14668.41	
="000627"	天茂集团	--  	0.00	--  	--  	--  	0	0	--  	          0.00	--  	--  	--  	4.10	    15.68	0	  0.00	化工原料	湖北	 0.00	4.10	0	0	--  	0	0	--  	     135358.98	
="000563"	陕国投Ａ	--  	0.00	--  	--  	--  	0	0	--  	          0.00	--  	--  	--  	8.18	    22.63	0	  0.00	多元金融	陕西	 0.00	8.18	0	0	--  	0	0	--  	      75266.72	
="000533"	万 家 乐	--  	0.00	--  	--  	--  	0	0	--  	          0.00	--  	--  	--  	5.97	    35.25	0	  0.00	家用电器	广东	 0.00	5.97	0	0	--  	0	0	--  	      68487.71	
="000498"	山东路桥	--  	0.00	--  	--  	--  	0	0	--  	          0.00	--  	--  	--  	4.64	    28.22	0	  0.00	建筑施工	山东	 0.00	4.64	0	0	--  	0	0	--  	      35417.01	
="000415"	渤海租赁	--  	0.00	--  	--  	--  	0	0	--  	          0.00	--  	--  	--  	10.28	    19.77	0	  0.00	多元金融	新疆	 0.00	10.28	0	0	--  	0	0	--  	     126917.42	
="000090"	天健集团	--  	0.00	--  	--  	--  	0	0	--  	          0.00	--  	--  	--  	8.44	    25.79	0	  0.00	建筑施工	深圳	 0.00	8.44	0	0	--  	0	0	--  	      55253.07	
="000035"	中国天楹	-0.08	13.05	-0.01	12.98	13.05	37737	991	          1.00	          2.00	13.03	13.18	12.88	13.06	    66.88	49205024	  0.86	通信设备	深圳	 2.30	13.04	21036	16701	  1.26	10	97	--  	      18895.36	
="600168"	武汉控股	-0.09	10.61	-0.01	10.60	10.61	150412	1	          0.28	          3.41	10.49	10.65	10.33	10.62	    18.95	158082544	  0.67	水务	湖北	 3.01	10.51	73876	76536	  0.97	287	30	--  	      44115.00	
="002409"	雅克科技	-0.09	21.20	-0.02	21.00	21.20	13292	1003	          1.29	          1.61	21.33	21.42	20.60	21.22	    54.56	28098962	  1.63	化工原料	江苏	 3.86	21.14	4881	8411	  0.58	50	837	--  	       8253.00	
="000786"	北新建材	-0.11	18.68	-0.02	18.62	18.69	24827	116	          0.43	          0.43	18.85	18.89	18.55	18.70	    15.78	46483672	  0.50	其他建材	北京	 1.82	18.72	12144	12683	  0.96	30	173	--  	      57509.30	
="300320"	海达股份	-0.11	17.52	-0.02	17.51	17.52	17042	245	         -0.05	          2.46	17.51	18.13	17.50	17.54	    27.02	30359610	  1.06	橡胶	江苏	 3.59	17.81	8670	8372	  1.04	123	4	--  	       6921.29	
="000593"	大通燃气	-0.12	8.32	-0.01	8.32	8.35	47698	265	         -0.35	          2.14	8.33	8.57	8.28	8.33	   549.76	40164676	  0.88	供气供热	四川	 3.48	8.42	24151	23547	  1.03	126	373	--  	      22317.48	
="300211"	亿通科技	-0.14	21.92	-0.03	21.92	21.93	7399	46	          0.41	          1.56	21.88	22.25	21.70	21.95	   100.73	16287283	  0.48	通信设备	江苏	 2.51	22.01	3857	3542	  1.09	18	12	--  	       4739.52	
="000748"	长城信息	-0.14	29.15	-0.04	29.15	29.16	23595	210	          0.06	          0.63	29.47	29.47	29.00	29.19	   194.48	68798144	  0.55	电脑设备	湖南	 1.61	29.16	13819	9776	  1.41	1	76	--  	      37556.21	
="300152"	燃控科技	-0.14	13.95	-0.02	13.95	13.96	72638	631	          0.00	          3.06	14.05	14.20	13.83	13.97	    64.52	101939512	  0.69	专用机械	江苏	 2.65	14.03	35660	36978	  0.96	108	138	--  	      23760.00	
="002269"	美邦服饰	-0.18	11.09	-0.02	11.08	11.09	263024	2860	          0.00	          2.62	11.12	11.31	10.92	11.11	    31.34	293296864	  1.29	服饰	上海	 3.51	11.15	128909	134115	  0.96	436	6	--  	     100500.00	
="600012"	皖通高速	-0.20	5.05	-0.01	5.05	5.06	49040	15	          0.59	          0.42	5.07	5.08	5.01	5.06	     9.55	24672886	  0.74	路桥	安徽	 1.38	5.03	35127	13913	  2.52	25	665	--  	     116560.00	
="600573"	惠泉啤酒	-0.22	9.09	-0.02	9.09	9.12	23497	7	          0.11	          0.94	9.15	9.28	9.03	9.11	    41.42	21514096	  0.59	啤酒	福建	 2.74	9.16	9006	14491	  0.62	50	91	--  	      25000.00	
="600483"	福建南纺	-0.24	8.28	-0.02	8.20	8.30	29619	8	          0.85	          1.03	8.32	8.36	8.19	8.30	   841.11	24493700	  0.60	纺织	福建	 2.05	8.27	15851	13768	  1.15	245	94	--  	      28848.36	
="600386"	北巴传媒	-0.27	11.03	-0.03	11.02	11.03	90417	118	          0.00	          2.24	11.06	11.15	10.81	11.06	    23.05	99640256	  0.91	公共交通	北京	 3.07	11.02	49927	40490	  1.23	13	250	--  	      40320.00	
="002339"	积成电子	-0.28	10.77	-0.03	10.76	10.77	83524	158	         -0.09	          2.94	10.80	11.06	10.71	10.80	   120.47	91386120	  1.06	软件服务	山东	 3.24	10.94	42814	40710	  1.05	209	263	--  	      28414.25	
="600372"	中航电子	-0.31	28.80	-0.09	28.78	28.81	140674	76	         -0.10	          0.80	28.76	29.80	28.76	28.89	    93.60	411787392	  0.92	航空航天	江西	 3.60	29.27	65157	75517	  0.86	117	16	--  	     175916.30	
="002547"	春兴精工	-0.32	15.62	-0.05	15.62	15.63	44881	111	          0.00	          3.12	15.66	15.99	15.46	15.67	    43.46	70287912	  0.99	通信设备	江苏	 3.38	15.66	22848	22033	  1.04	130	93	--  	      14378.58	
="002293"	罗莱家纺	-0.33	23.81	-0.08	23.81	23.82	19764	254	         -0.12	          0.70	23.92	24.10	23.70	23.89	    18.12	47234432	  0.96	服饰	江苏	 1.67	23.90	11420	8344	  1.37	200	166	--  	      28072.61	
="600712"	南宁百货	-0.38	5.23	-0.02	5.23	5.24	86515	5	         -0.19	          1.61	5.26	5.28	5.21	5.25	   186.75	45367796	  0.66	百货	广西	 1.33	5.24	53306	33209	  1.61	1168	482	--  	      53772.91	
="601008"	连云港	-0.38	5.19	-0.02	5.19	5.20	238872	20	          0.19	          2.94	5.29	5.48	5.15	5.21	    50.71	126945208	  1.14	港口	江苏	 6.33	5.31	118119	120753	  0.98	613	912	--  	      81163.50	
="600795"	国电电力	-0.40	2.51	-0.01	2.50	2.51	568975	100	          0.39	          0.37	2.53	2.54	2.49	2.52	     7.29	142979072	  0.52	火力发电	辽宁	 1.98	2.51	351550	217425	  1.62	4972	34256	--  	    1539514.88	
="601311"	骆驼股份	-0.41	14.75	-0.06	14.75	14.76	86239	10	          0.68	          1.02	14.83	15.09	14.51	14.81	    21.63	127680592	  0.75	电气设备	湖北	 3.92	14.81	39508	46731	  0.85	112	2	--  	      84461.57	
="002087"	新野纺织	-0.41	4.82	-0.02	4.82	4.83	128314	604	          0.00	          2.47	4.82	4.94	4.80	4.84	    35.62	62411620	  1.11	纺织	河南	 2.89	4.86	73818	54496	  1.35	199	686	--  	      51961.51	
="300176"	鸿特精密	-0.42	16.59	-0.07	16.58	16.59	7291	100	         -0.24	          0.68	16.66	16.72	16.35	16.66	    98.76	12070689	  0.48	汽车配件	广东	 2.22	16.56	3732	3559	  1.05	8	216	--  	      10728.00	
="000683"	远兴能源	-0.42	4.72	-0.02	4.71	4.72	141847	671	          0.42	          1.85	4.76	4.84	4.69	4.74	--  	67874608	  1.03	化工原料	内蒙	 3.16	4.79	67259	74588	  0.90	327	468	--  	      76781.39	
="600449"	宁夏建材	-0.44	9.00	-0.04	9.00	9.01	76957	20	          0.00	          3.07	9.09	9.26	8.97	9.04	    11.60	70035048	  0.82	水泥	宁夏	 3.21	9.10	42385	34572	  1.23	26	377	--  	      25076.77	
="600004"	白云机场	-0.47	8.40	-0.04	8.43	8.44	89265	757	          0.00	          0.78	8.38	8.65	8.35	8.44	     9.21	75836464	  1.15	机场	广东	 3.55	8.50	47860	41405	  1.16	9244	549	--  	     115000.00	
="002593"	日上集团	-0.51	11.77	-0.06	11.71	11.77	20655	128	          0.59	          1.58	11.83	11.95	11.68	11.83	    58.89	24384736	  0.52	汽车配件	福建	 2.28	11.81	11815	8840	  1.34	426	149	--  	      13042.04	
="300314"	戴维医疗	-0.53	26.40	-0.14	26.36	26.40	31158	284	          0.00	          7.17	26.65	27.55	26.31	26.54	    76.09	84296640	  0.88	医疗保健	浙江	 4.67	27.05	13055	18103	  0.72	180	59	--  	       4345.00	
="002082"	栋梁新材	-0.53	9.34	-0.05	9.33	9.34	30130	286	          0.21	          1.62	9.39	9.54	9.30	9.39	    20.53	28431626	  0.88	铝	浙江	 2.56	9.44	17980	12150	  1.48	45	94	--  	      18605.09	
="000650"	仁和药业	-0.56	7.09	-0.04	7.08	7.09	104644	1322	          0.28	          1.06	7.19	7.27	7.07	7.13	    28.08	75051816	  0.46	中成药	江西	 2.81	7.17	58940	45704	  1.29	2889	1122	--  	      99040.99	
="002002"	鸿达兴业	-0.60	11.53	-0.07	11.52	11.53	36932	1011	          0.52	          1.58	11.52	11.85	11.41	11.60	    40.16	42998280	  0.55	塑料	广东	 3.79	11.64	19371	17561	  1.10	33	937	--  	      23365.13	
="300218"	安利股份	-0.64	12.35	-0.08	12.33	12.35	19004	208	         -0.24	          1.16	12.41	12.50	12.01	12.43	    40.91	23424282	  0.87	塑料	安徽	 3.94	12.33	11359	7645	  1.49	116	110	--  	      16368.00	
="002054"	德美化工	-0.67	8.92	-0.06	8.92	8.93	41639	821	          1.13	          1.73	8.96	9.09	8.80	8.98	    30.81	37177116	  0.44	化工原料	广东	 3.23	8.93	19225	22414	  0.86	185	333	--  	      24029.83	
="601199"	江南水务	-0.68	17.52	-0.12	17.48	17.57	17587	50	          0.34	          0.75	17.60	17.65	17.39	17.64	    28.51	30800166	  1.03	水务	江苏	 1.47	17.51	10220	7367	  1.39	6	1	--  	      23380.00	
="601113"	华鼎股份	-0.71	5.58	-0.04	5.57	5.58	55704	110	          0.54	          0.87	5.64	5.71	5.54	5.62	--  	31470152	  0.36	化纤	浙江	 3.02	5.65	30211	25493	  1.19	533	69	--  	      64000.00	
="000785"	武汉中商	-0.72	8.22	-0.06	8.20	8.22	31903	127	         -0.48	          1.27	8.30	8.43	8.15	8.28	    34.85	26514482	  0.90	百货	湖北	 3.38	8.31	17516	14387	  1.22	191	1003	--  	      25109.36	
="600481"	双良节能	-0.74	10.77	-0.08	10.75	10.77	98366	5	          0.18	          1.21	10.85	11.01	10.69	10.85	    29.05	106775824	  0.53	化工原料	江苏	 2.95	10.85	53201	45165	  1.18	92	461	--  	      81010.45	
="600215"	长春经开	-0.76	5.21	-0.04	5.22	5.23	46021	24	          0.19	          0.99	5.25	5.39	5.18	5.25	--  	24403238	  0.79	园区开发	吉林	 4.00	5.30	25831	20190	  1.28	31	31	--  	      46503.28	
="002690"	美亚光电	-0.77	45.30	-0.35	45.30	45.32	13614	119	         -0.04	          1.23	45.25	45.98	44.88	45.65	    71.69	61351460	  0.89	专用机械	安徽	 2.41	45.06	7647	5967	  1.28	98	28	--  	      11095.95	
="002538"	司尔特	-0.78	12.69	-0.10	12.69	12.70	18264	73	         -0.07	          0.64	12.78	12.82	12.58	12.79	    26.49	23259334	  0.80	农药化肥	安徽	 1.88	12.73	8084	10180	  0.79	610	110	--  	      28379.00	
="600308"	华泰股份	-0.79	3.77	-0.03	3.76	3.77	86231	200	          0.53	          0.74	3.80	3.83	3.75	3.80	    38.91	32648320	  0.54	造纸	山东	 2.11	3.79	55411	30820	  1.80	873	2156	--  	     116756.14	
="000910"	大亚科技	-0.80	7.46	-0.06	7.45	7.46	29519	177	          0.13	          0.56	7.53	7.59	7.41	7.52	    40.78	22093722	  0.96	家居用品	江苏	 2.39	7.48	19834	9685	  2.05	459	98	--  	      52750.00	
="600613"	神奇制药	-0.80	18.55	-0.15	18.53	18.56	20639	25	         -0.05	          1.40	18.84	18.95	18.51	18.70	    47.04	38678944	  0.66	中成药	上海	 2.35	18.74	12028	8611	  1.40	278	41	--  	      14769.17	
="600231"	凌钢股份	-0.81	3.67	-0.03	3.67	3.68	44492	100	          0.00	          0.55	3.70	3.73	3.66	3.70	--  	16434161	  0.47	普钢	辽宁	 1.89	3.69	30271	14221	  2.13	131	486	--  	      80400.21	
="600861"	北京城乡	-0.81	9.78	-0.08	9.78	9.79	61870	2	          0.10	          1.95	9.92	10.16	9.76	9.86	    33.72	61616104	  0.84	百货	北京	 4.06	9.96	31843	30027	  1.06	32	90	--  	      31680.49	
="002003"	伟星股份	-0.83	9.54	-0.08	9.50	9.54	28982	259	          0.52	          0.99	9.61	9.68	9.49	9.62	    15.47	27766966	  0.68	服饰	浙江	 1.98	9.58	18375	10607	  1.73	288	180	--  	      29320.38	
="000837"	秦川发展	-0.83	10.73	-0.09	10.72	10.73	130999	923	          0.94	          5.13	10.66	11.27	10.60	10.82	--  	143423664	  0.94	机床制造	陕西	 6.19	10.95	71934	59065	  1.22	85	348	--  	      25558.96	
="300259"	新天科技	-0.85	13.98	-0.12	13.96	13.98	15690	221	          0.07	          1.10	14.08	14.27	13.94	14.10	    64.84	22146952	  0.58	电器仪表	河南	 2.34	14.12	8806	6884	  1.28	20	578	--  	      14223.29	
="600167"	联美控股	-0.86	13.77	-0.12	13.76	13.77	19924	7	          0.07	          0.94	13.90	14.03	13.75	13.89	    12.60	27571460	  1.06	供气供热	辽宁	 2.02	13.84	15591	4333	  3.60	68	748	--  	      21100.00	
="000863"	三湘股份	-0.86	6.88	-0.06	6.87	6.88	44770	835	          0.00	          2.56	6.92	7.00	6.87	6.94	    66.33	31039584	  0.66	区域地产	上海	 1.87	6.93	29345	15425	  1.90	3392	39	--  	      17462.02	
="600359"	新农开发	-0.90	9.91	-0.09	9.91	9.92	45853	24	          0.20	          1.43	9.97	10.13	9.88	10.00	   315.52	45836576	  0.43	农业综合	新疆	 2.50	10.00	26083	19770	  1.32	37	40	--  	      32100.00	
="300240"	飞力达	-0.90	14.25	-0.13	14.24	14.25	14411	186	          0.14	          0.89	14.40	14.68	14.21	14.38	    58.49	20785892	  0.58	仓储物流	江苏	 3.27	14.42	8930	5481	  1.63	23	124	--  	      16245.00	
="600792"	云煤能源	-0.94	12.68	-0.12	12.73	12.74	28114	62	          0.55	          0.70	12.76	12.96	12.53	12.80	   576.29	35785592	  0.99	焦炭加工	云南	 3.36	12.73	16743	11371	  1.47	12	208	--  	      40022.50	
="600276"	恒瑞医药	-0.96	38.20	-0.37	38.15	38.21	32080	4	          0.13	          0.21	38.57	38.77	37.90	38.57	    37.80	122957336	  0.68	化学制药	江苏	 2.26	38.33	16148	15932	  1.01	2	29	--  	     149624.31	
="002061"	江山化工	-0.96	5.16	-0.05	5.15	5.16	119312	1303	         -0.19	          2.92	5.20	5.29	5.13	5.21	--  	62023320	  0.83	化工原料	浙江	 3.07	5.20	68856	50456	  1.36	1117	201	--  	      40887.76	
="600221"	海南航空	-0.96	2.06	-0.02	2.05	2.06	1081758	478	          0.48	          0.92	2.07	2.09	2.05	2.08	    25.99	223938048	  0.38	空运	海南	 1.92	2.07	610338	471420	  1.29	74294	15154	--  	    1181206.38	
="600078"	澄星股份	-1.04	8.60	-0.09	8.53	8.55	185720	55	          0.93	          2.80	8.70	8.75	8.38	8.69	   149.99	159356672	  0.65	化工原料	江苏	 4.26	8.58	105536	80184	  1.32	22	7	--  	      66257.28	
="600993"	马应龙	-1.04	20.97	-0.22	20.91	20.92	70532	16	          0.81	          2.13	21.05	21.67	20.73	21.19	    26.63	150295760	  0.80	中成药	湖北	 4.44	21.31	36788	33744	  1.09	6	43	--  	      33087.71	
="002534"	杭锅股份	-1.04	18.00	-0.19	17.99	18.00	32119	888	          0.44	          0.82	18.13	18.13	17.88	18.19	    56.11	57778364	  1.03	专用机械	浙江	 1.37	17.99	16834	15285	  1.10	8	129	--  	      39168.26	
="002369"	卓翼科技	-1.08	11.89	-0.13	11.88	11.89	146129	1043	          0.00	          4.16	12.02	12.23	11.87	12.02	    88.13	176123984	  0.68	通信设备	深圳	 3.00	12.05	83308	62821	  1.33	1189	408	--  	      35093.60	
="000025"	特  力Ａ	-1.09	11.82	-0.13	11.81	11.82	12126	79	          0.16	          0.68	11.83	12.19	11.80	11.95	   241.97	14560838	  0.60	汽车服务	深圳	 3.26	12.01	5891	6235	  0.94	28	135	--  	      17929.46	
="601636"	旗滨集团	-1.10	8.07	-0.09	8.02	8.08	74260	20	          0.62	          1.34	8.17	8.25	7.98	8.16	    28.72	60455984	  1.06	玻璃	湖南	 3.31	8.14	40990	33270	  1.23	5	450	--  	      55578.58	
="600822"	上海物贸	-1.11	12.50	-0.14	12.48	12.49	274247	204	          0.40	          6.92	12.54	12.60	12.37	12.64	   399.07	342173120	  1.11	商贸代理	上海	 1.82	12.48	127648	146599	  0.87	28857	501	--  	      39614.78	
="601137"	博威合金	-1.13	18.35	-0.21	18.33	18.34	10119	141	         -0.05	          0.47	18.45	18.60	18.25	18.56	    54.67	18606782	  0.57	铜	浙江	 1.89	18.39	5700	4419	  1.29	16	15	--  	      21500.00	
="600248"	延长化建	-1.15	8.58	-0.10	8.57	8.58	50830	10	         -0.11	          1.21	8.58	8.81	8.57	8.68	    18.35	44199468	  1.08	建筑施工	陕西	 2.76	8.70	24486	26344	  0.93	263	270	--  	      41968.92	
="600187"	国中水务	-1.18	6.68	-0.08	6.67	6.68	323066	322	          0.14	          2.22	6.80	6.92	6.65	6.76	    94.57	219574112	  0.93	水务	黑龙江	 3.99	6.80	199966	123100	  1.62	104	1591	--  	     145562.42	
="600269"	赣粤高速	-1.19	3.33	-0.04	3.32	3.33	146445	114	         -0.29	          0.63	3.37	3.39	3.33	3.37	     8.86	49271024	  0.55	路桥	江西	 1.78	3.36	97142	49303	  1.97	3032	366	--  	     233540.70	
="002133"	广宇集团	-1.19	4.97	-0.06	4.97	4.98	53324	825	         -0.20	          1.17	5.03	5.07	4.97	5.03	   106.87	26717476	  0.69	全国地产	浙江	 1.99	5.01	31430	21894	  1.44	347	198	--  	      45524.98	
="002350"	北京科锐	-1.23	12.85	-0.16	12.85	12.87	26650	494	          0.39	          1.22	13.06	13.16	12.77	13.01	    62.68	34539864	  0.63	电气设备	北京	 3.00	12.96	17472	9178	  1.90	6	67	--  	      21821.63	
="002489"	浙江永强	-1.23	14.40	-0.18	14.40	14.41	39767	150	          0.13	          1.05	14.46	14.76	14.17	14.58	    22.07	57738660	  0.88	家居用品	浙江	 4.05	14.52	17208	22559	  0.76	456	129	--  	      38040.41	
="600062"	华润双鹤	-1.24	21.47	-0.27	21.48	21.49	130270	50	         -0.09	          2.28	21.83	22.05	21.40	21.74	    19.46	283358976	  0.36	化学制药	北京	 2.99	21.75	70099	60171	  1.16	4	93	--  	      57169.58	
="000663"	永安林业	-1.24	13.51	-0.17	13.51	13.52	82137	785	         -0.14	          4.92	13.57	13.73	13.36	13.68	--  	111522688	  0.97	林业	福建	 2.70	13.58	36728	45409	  0.81	58	175	--  	      16691.85	
="601558"	*ST锐电	-1.25	3.94	-0.05	3.93	3.96	43153	100	         -0.50	          1.03	4.00	4.05	3.93	3.99	--  	17279292	  0.55	电气设备	北京	 3.01	4.00	22166	20987	  1.06	313	31	--  	      42040.00	
="000638"	万方发展	-1.25	7.09	-0.09	7.08	7.09	112340	1209	          0.28	          3.63	7.07	7.33	7.03	7.18	   269.24	80712984	  1.11	批发业	辽宁	 4.18	7.18	55974	56366	  0.99	17	798	--  	      30940.00	
="002231"	奥维通信	-1.30	9.87	-0.13	9.86	9.87	93395	620	         -0.30	          4.59	9.99	10.14	9.85	10.00	--  	93381680	  0.87	通信设备	辽宁	 2.90	10.00	43794	49601	  0.88	270	30	--  	      20369.00	
="002333"	罗普斯金	-1.30	13.62	-0.18	13.62	13.64	26753	468	          0.07	          1.10	13.71	13.92	13.50	13.80	    53.06	36848892	  0.68	铝	江苏	 3.04	13.77	15322	11431	  1.34	101	5	--  	      24248.49	
="601800"	中国交建	-1.31	4.53	-0.06	4.52	4.53	306146	90	          0.00	          2.27	4.60	4.62	4.50	4.59	     6.30	139855904	  0.58	建筑施工	北京	 2.61	4.57	170941	135205	  1.26	5137	23	--  	     134973.55	
="600354"	敦煌种业	-1.31	7.53	-0.10	7.54	7.55	116434	159	          0.26	          2.60	7.62	7.65	7.37	7.63	--  	87563976	  0.97	种植业	甘肃	 3.67	7.52	60276	56158	  1.07	281	2129	--  	      44780.21	
="002536"	西泵股份	-1.32	26.21	-0.35	26.21	26.22	20901	165	          0.11	          4.71	26.40	26.88	26.03	26.56	    46.36	55460156	  0.81	汽车配件	河南	 3.20	26.53	12000	8901	  1.35	56	5	--  	       4438.20	
="002031"	巨轮股份	-1.34	11.06	-0.15	11.05	11.06	108594	921	         -0.36	          2.65	11.19	11.24	10.86	11.21	    31.58	120183832	  0.83	汽车配件	广东	 3.39	11.07	62401	46193	  1.35	80	66	--  	      40972.19	
="600088"	中视传媒	-1.35	21.99	-0.30	21.99	22.00	162424	85	          1.47	          4.90	22.02	22.53	21.60	22.29	   137.58	356616192	  0.98	影视音像	上海	 4.17	21.96	91042	71382	  1.28	26	1	--  	      33142.19	
="002481"	双塔食品	-1.35	15.37	-0.21	15.36	15.37	25477	554	          0.00	          0.68	15.58	15.86	15.31	15.58	    54.65	39569220	  0.54	食品	山东	 3.53	15.53	14118	11359	  1.24	53	84	--  	      37455.17	
="002637"	赞宇科技	-1.36	18.18	-0.25	18.18	18.19	20359	201	          0.11	          2.11	18.35	18.58	17.91	18.43	    45.27	37261752	  0.61	日用化工	浙江	 3.64	18.30	11668	8691	  1.34	183	14	--  	       9650.91	
="002695"	煌上煌	-1.42	31.99	-0.46	31.99	32.05	18282	71	         -0.28	          4.26	32.46	33.16	31.93	32.45	    35.76	59723036	  0.83	食品	江西	 3.79	32.67	9916	8366	  1.19	13	24	--  	       4293.64	
="600674"	川投能源	-1.42	17.35	-0.25	17.33	17.35	101589	6	          0.28	          0.46	17.80	17.80	17.21	17.60	    21.32	176934000	  0.62	火力发电	四川	 3.35	17.42	57971	43618	  1.33	60	31	--  	     220107.03	
="300099"	尤洛卡	-1.42	13.87	-0.20	13.70	13.87	23332	1039	          0.87	          2.15	13.94	14.14	13.68	14.07	    63.91	32282226	  0.55	电器仪表	山东	 3.27	13.84	11779	11553	  1.02	16	5	--  	      10838.75	
="002700"	新疆浩源	-1.44	22.52	-0.33	22.52	22.53	28953	378	         -0.04	          3.03	22.88	23.20	22.51	22.85	    52.85	66355756	  0.86	供气供热	新疆	 3.02	22.92	15790	13163	  1.20	206	35	--  	       9564.16	
="600022"	山东钢铁	-1.50	1.97	-0.03	1.96	1.97	303572	24	          0.00	          0.57	2.00	2.01	1.96	2.00	--  	60351480	  0.48	普钢	山东	 2.50	1.99	183303	120269	  1.52	10177	9868	--  	     534315.81	
="000089"	深圳机场	-1.54	4.47	-0.07	4.47	4.48	42678	666	          0.00	          0.25	4.52	4.56	4.45	4.54	    30.02	19263796	  0.34	机场	深圳	 2.42	4.51	31619	11059	  2.86	101	1023	--  	     169169.27	
="601313"	江南嘉捷	-1.55	10.19	-0.16	10.18	10.19	49059	26	         -0.19	          1.83	10.30	10.44	10.15	10.35	    23.19	50319328	  0.48	运输设备	江苏	 2.80	10.26	27823	21236	  1.31	409	5	--  	      26852.53	
="600083"	博信股份	-1.56	10.08	-0.16	10.07	10.10	21722	100	         -0.19	          0.96	10.27	10.33	10.06	10.24	   572.56	22150654	  0.60	元器件	广东	 2.64	10.20	12947	8775	  1.48	192	88	--  	      22598.08	
="002393"	力生制药	-1.58	33.68	-0.54	33.61	33.68	17938	225	          0.23	          0.99	34.24	34.37	33.60	34.22	    32.38	61014956	  0.67	化学制药	天津	 2.25	34.01	11496	6442	  1.78	45	5	--  	      18165.82	
="600218"	全柴动力	-1.58	13.70	-0.22	13.73	13.74	39490	28	         -0.14	          1.39	13.92	14.07	13.68	13.92	    59.28	54858800	  0.70	农用机械	安徽	 2.80	13.89	15626	23864	  0.65	22	79	--  	      28340.00	
="000725"	京东方Ａ	-1.58	2.49	-0.04	2.49	2.50	1681923	29819	         -0.39	          1.46	2.53	2.55	2.49	2.53	    42.18	424795168	  0.69	元器件	北京	 2.37	2.53	904469	777454	  1.16	13114	31926	--  	    1150574.38	
="600075"	*ST新业	-1.59	6.83	-0.11	6.83	6.84	27865	83	          0.00	          0.64	6.92	6.99	6.82	6.94	    47.48	19250556	  0.58	化工原料	新疆	 2.45	6.91	18420	9445	  1.95	260	92	--  	      43859.19	
="002494"	华斯股份	-1.60	15.95	-0.26	15.94	15.95	26913	173	          0.06	          2.77	16.20	16.39	15.93	16.21	    31.02	43531852	  0.80	服饰	河北	 2.84	16.18	15927	10986	  1.45	79	90	--  	       9726.16	
="600717"	天津港	-1.61	11.60	-0.19	11.60	11.61	273409	45	          0.51	          1.63	11.93	12.04	11.45	11.79	    16.15	321099328	  0.76	港口	天津	 5.00	11.74	156918	116491	  1.35	815	32	--  	     167476.91	
="300082"	奥克股份	-1.62	15.20	-0.25	15.20	15.21	37793	484	          0.00	          1.12	15.42	15.54	15.18	15.45	    41.95	57987488	  1.21	化工原料	辽宁	 2.33	15.34	24936	12857	  1.94	3	90	--  	      33692.10	
="600496"	精工钢构	-1.62	9.10	-0.15	9.09	9.11	67482	52	          0.00	          1.15	9.25	9.30	9.02	9.25	    23.17	61987424	  0.97	钢加工	安徽	 3.03	9.19	39723	27759	  1.43	55	117	--  	      58656.60	
="600260"	凯乐科技	-1.63	9.68	-0.16	9.67	9.68	100538	320	          0.41	          1.91	9.89	9.96	9.62	9.84	    32.08	98415400	  0.45	白酒	湖北	 3.46	9.79	61727	38811	  1.59	361	439	--  	      52764.00	
="600283"	钱江水利	-1.66	10.08	-0.17	10.06	10.07	29238	128	          0.00	          1.02	10.19	10.33	10.05	10.25	   149.09	29815596	  0.58	水务	浙江	 2.73	10.20	16815	12423	  1.35	129	72	--  	      28533.00	
="600179"	黑化股份	-1.66	7.10	-0.12	7.10	7.11	158143	203	          0.00	          4.05	7.23	7.47	7.05	7.22	--  	115515592	  1.17	焦炭加工	黑龙江	 5.82	7.30	81845	76298	  1.07	10	389	--  	      39000.00	
="600729"	重庆百货	-1.68	22.82	-0.39	22.81	22.84	58211	46	          0.21	          1.56	23.14	23.28	22.75	23.21	    10.85	133876616	  0.50	百货	重庆	 2.28	23.00	34340	23871	  1.44	10	10	--  	      37231.14	
="600029"	南方航空	-1.68	2.92	-0.05	2.91	2.92	306072	12	          0.34	          0.44	2.98	2.99	2.91	2.97	--  	90191816	  0.31	空运	广东	 2.69	2.95	171173	134899	  1.27	5024	1168	--  	     702265.00	
="603077"	和邦股份	-1.72	10.28	-0.18	10.27	10.28	109324	1	         -0.09	          3.64	10.54	10.68	10.23	10.46	     7.72	114586744	  0.64	化工原料	四川	 4.30	10.48	57207	52117	  1.10	165	322	--  	      30000.00	
="000639"	西王食品	-1.73	18.77	-0.33	18.77	18.78	9903	351	         -0.05	          0.53	19.25	19.30	18.75	19.10	    36.17	18755460	  0.51	食品	山东	 2.88	18.94	5993	3910	  1.53	80	103	--  	      18832.27	
="002521"	齐峰新材	-1.73	11.36	-0.20	11.36	11.37	69817	591	         -0.17	          2.27	11.55	11.64	11.35	11.56	    18.04	80339856	  0.59	造纸	山东	 2.51	11.51	43370	26447	  1.64	236	75	--  	      30760.26	
="002361"	神剑股份	-1.74	8.48	-0.15	8.48	8.49	47737	995	          0.00	          2.70	8.64	8.72	8.45	8.63	    35.38	40818376	  0.82	化工原料	安徽	 3.13	8.55	28778	18959	  1.52	2	132	--  	      17698.19	
="300313"	天山生物	-1.75	22.50	-0.40	22.48	22.50	15670	291	         -0.44	          3.75	22.57	22.98	22.40	22.90	   221.08	35451540	  0.74	农业综合	新疆	 2.53	22.62	8406	7264	  1.16	39	57	--  	       4177.81	
="600020"	中原高速	-1.75	2.81	-0.05	2.81	2.82	96499	34	         -0.35	          0.43	2.85	2.89	2.81	2.86	    10.12	27548120	  0.49	路桥	河南	 2.80	2.85	58309	38190	  1.53	1095	1424	--  	     224737.19	
="600811"	东方集团	-1.75	6.72	-0.12	6.71	6.72	240495	20	         -0.14	          1.44	6.88	6.94	6.70	6.84	    11.73	163834528	  0.75	综合类	黑龙江	 3.51	6.81	134461	106034	  1.27	977	562	--  	     166680.53	
="000886"	海南高速	-1.76	4.47	-0.08	4.47	4.48	177304	1685	         -0.66	          1.84	4.59	4.64	4.45	4.55	    52.57	80928000	  0.54	路桥	海南	 4.18	4.56	95416	81888	  1.17	569	1577	--  	      96284.88	
="600306"	*ST商城	-1.79	11.00	-0.20	11.00	11.01	24075	124	          0.00	          1.36	11.20	11.22	10.98	11.20	--  	26767138	  0.89	百货	辽宁	 2.14	11.12	13887	10188	  1.36	132	163	--  	      17727.78	
="000677"	恒天海龙	-1.81	4.35	-0.08	4.34	4.35	107561	1036	          0.00	          1.24	4.40	4.48	4.33	4.43	--  	47595712	  0.50	化纤	山东	 3.39	4.42	58269	49292	  1.18	568	1771	--  	      86394.82	
="002318"	久立特材	-1.81	25.53	-0.47	25.53	25.54	57688	1121	         -0.07	          1.94	25.95	26.69	25.40	26.00	    37.91	150040128	  0.94	特钢	浙江	 4.96	26.01	30595	27093	  1.13	707	111	--  	      29783.83	
="600745"	中茵股份	-1.83	13.95	-0.26	13.94	13.95	27299	80	          0.14	          0.83	14.18	14.28	13.85	14.21	   439.03	38313964	  0.87	区域地产	湖北	 3.03	14.03	16644	10655	  1.56	235	475	--  	      32737.49	
="600502"	安徽水利	-1.83	9.11	-0.17	9.11	9.12	106559	2	          0.10	          2.12	9.30	9.33	9.02	9.28	    18.60	97809608	  0.72	建筑施工	安徽	 3.34	9.18	64398	42161	  1.53	406	485	--  	      50193.00	
="002479"	富春环保	-1.85	9.02	-0.17	9.02	9.03	54691	866	         -0.11	          0.75	9.13	9.25	9.00	9.19	    33.50	49943588	  0.59	火力发电	浙江	 2.72	9.13	32646	22045	  1.48	672	5	--  	      73141.99	
="002485"	希努尔	-1.86	9.49	-0.18	9.48	9.49	33695	363	          0.85	          1.05	9.67	9.71	9.40	9.67	--  	32309832	  0.87	服饰	山东	 3.21	9.59	14185	19510	  0.73	13	40	--  	      32000.00	
="000078"	海王生物	-1.88	9.94	-0.19	9.93	9.94	290730	2687	          0.20	          3.98	10.13	10.25	9.90	10.13	    68.70	292596064	  0.35	生物制药	深圳	 3.46	10.06	169055	121675	  1.39	3640	963	--  	      73076.79	
="000998"	隆平高科	-1.90	17.51	-0.34	17.50	17.51	115307	1148	          0.05	          1.39	17.80	17.90	17.43	17.85	    66.06	204141072	  0.50	种植业	湖南	 2.63	17.70	71713	43594	  1.65	395	138	--  	      83123.59	
="600506"	香梨股份	-1.92	13.29	-0.26	13.20	13.28	38577	10	          1.29	          2.61	13.50	13.58	13.03	13.55	--  	51109912	  1.01	种植业	新疆	 4.06	13.25	23655	14922	  1.59	269	3	--  	      14770.69	
="002545"	东方铁塔	-1.95	16.10	-0.32	16.09	16.10	18517	612	          0.12	          1.62	16.40	16.50	16.00	16.42	    70.19	30155706	  0.34	钢加工	山东	 3.05	16.29	11286	7231	  1.56	5	144	--  	      11400.00	
="600622"	嘉宝集团	-1.99	7.40	-0.15	7.41	7.42	92711	256	          0.00	          1.80	7.55	7.60	7.39	7.55	     6.88	69476784	  0.79	综合类	上海	 2.78	7.49	57867	34844	  1.66	2064	669	--  	      51430.37	
="000582"	北部湾港	-2.00	13.23	-0.27	13.22	13.23	25903	460	         -0.07	          1.83	13.52	13.63	13.22	13.50	    18.12	34718224	  0.62	港口	广西	 3.04	13.40	15427	10476	  1.47	128	424	--  	      14166.61	
="002096"	南岭民爆	-2.01	11.73	-0.24	11.72	11.73	25428	524	          0.25	          0.96	12.00	12.00	11.65	11.97	    30.07	30045068	  0.65	化工原料	湖南	 2.92	11.82	15441	9987	  1.55	136	22	--  	      26386.01	
="002316"	键桥通讯	-2.01	11.70	-0.24	11.70	11.71	38266	476	          0.00	          0.97	12.00	12.10	11.67	11.94	   150.69	45345640	  0.70	软件服务	深圳	 3.60	11.85	21306	16960	  1.26	272	55	--  	      39267.76	
="002573"	国电清新	-2.01	21.44	-0.44	21.43	21.44	79420	725	          0.00	          1.49	21.85	21.94	21.42	21.88	    42.88	172021120	  0.58	环境保护	北京	 2.38	21.66	48361	31059	  1.56	139	2570	--  	      53143.42	
="000100"	TCL 集团	-2.01	2.92	-0.06	2.92	2.93	1858232	21197	          0.00	          2.28	2.99	3.00	2.91	2.98	     9.36	550633984	  0.58	家用电器	广东	 3.02	2.96	1159040	699192	  1.66	13089	49487	--  	     813618.25	
="002691"	石中装备	-2.02	14.58	-0.30	14.58	14.60	34833	966	         -0.47	          5.28	14.81	15.07	14.57	14.88	    84.49	51630520	  0.30	专用机械	河北	 3.36	14.82	19421	15412	  1.26	131	4	--  	       6596.93	
="601727"	上海电气	-2.02	5.34	-0.11	5.35	5.36	337264	1	          0.18	          0.34	5.45	5.50	5.31	5.45	    28.71	182053072	  0.97	电气设备	上海	 3.49	5.40	176238	161026	  1.09	1612	873	--  	     985071.44	
="600300"	维维股份	-2.03	5.30	-0.11	5.29	5.30	177297	50	          0.00	          1.06	5.36	5.44	5.26	5.41	    73.51	94955072	  0.73	软饮料	江苏	 3.33	5.36	103628	73669	  1.41	692	974	--  	     167200.00	
="002012"	凯恩股份	-2.03	6.74	-0.14	6.73	6.74	172071	2718	          0.00	          3.68	6.86	6.99	6.70	6.88	    50.33	118104632	  1.01	造纸	浙江	 4.22	6.86	67582	104489	  0.65	1262	1231	--  	      46762.55	
="000429"	粤高速Ａ	-2.04	3.84	-0.08	3.84	3.85	32771	91	         -0.25	          0.70	3.92	3.94	3.84	3.92	    13.55	12754122	  0.44	路桥	广东	 2.55	3.89	21867	10904	  2.01	2376	1095	--  	      46788.23	
="600380"	健康元	-2.06	6.66	-0.14	6.65	6.66	138303	103	          0.15	          0.89	6.81	6.85	6.63	6.80	    25.71	93263296	  0.40	化学制药	深圳	 3.24	6.74	80342	57961	  1.39	695	539	--  	     154583.59	
="002671"	龙泉股份	-2.06	10.45	-0.22	10.45	10.46	48101	724	          0.09	          2.62	10.58	10.75	10.43	10.67	    31.83	50894824	  0.74	其他建材	山东	 3.00	10.58	28258	19843	  1.42	54	455	--  	      18332.99	
="600970"	中材国际	-2.06	8.07	-0.17	8.07	8.08	81543	50	         -0.12	          0.75	8.22	8.38	8.06	8.24	    14.06	66879212	  0.72	建筑施工	江苏	 3.88	8.20	53804	27739	  1.94	752	522	--  	     109329.72	
="600641"	万业企业	-2.07	4.73	-0.10	4.73	4.74	45890	28	         -0.21	          0.57	4.83	4.85	4.73	4.83	     7.88	21984892	  0.57	区域地产	上海	 2.48	4.79	30859	15031	  2.05	62	86	--  	      80615.88	
="601018"	宁波港	-2.12	3.23	-0.07	3.23	3.24	562647	680	         -0.30	          0.44	3.28	3.34	3.22	3.30	    12.63	184147344	  0.59	港口	浙江	 3.64	3.27	302476	260171	  1.16	234	2861	--  	    1280000.00	
="000717"	韶钢松山	-2.14	2.29	-0.05	2.29	2.30	158458	669	          0.00	          1.40	2.33	2.35	2.28	2.34	--  	36644940	  0.48	钢加工	广东	 2.99	2.31	109886	48572	  2.26	96	3841	--  	     112803.64	
="002623"	亚玛顿	-2.14	25.61	-0.56	25.61	25.63	15008	144	         -0.07	          0.94	26.26	26.36	25.43	26.17	   107.66	38940572	  0.62	玻璃	江苏	 3.55	25.95	9694	5314	  1.82	39	36	--  	      16000.00	
="300006"	莱美药业	-2.14	35.16	-0.77	35.15	35.16	19007	509	          0.02	          1.41	35.99	36.36	35.00	35.93	--  	67528760	  0.79	化学制药	重庆	 3.79	35.53	10846	8161	  1.33	7	133	--  	      13483.51	
="002620"	瑞和股份	-2.16	17.69	-0.39	17.65	17.69	12911	170	          0.22	          1.42	18.16	18.17	17.63	18.08	    32.74	23135500	  0.63	装修装饰	深圳	 2.99	17.92	7642	5269	  1.45	14	12	--  	       9100.98	
="002603"	以岭药业	-2.16	33.07	-0.73	33.07	33.08	45709	174	          0.09	          2.38	33.80	33.89	33.00	33.80	    46.32	152178304	  0.45	中成药	河北	 2.63	33.29	23453	22256	  1.05	241	121	--  	      19244.43	
="002398"	建研集团	-2.18	16.14	-0.36	16.14	16.15	67574	125	         -0.06	          3.54	16.53	16.65	15.93	16.50	    19.05	110396472	  1.26	建筑施工	福建	 4.36	16.34	38969	28605	  1.36	13	228	--  	      19113.78	
="002187"	广百股份	-2.19	10.72	-0.24	10.72	10.73	35380	628	          0.09	          1.05	10.93	11.08	10.70	10.96	    15.42	38532572	  0.62	百货	广东	 3.47	10.89	20906	14474	  1.44	224	37	--  	      33572.48	
="600189"	吉林森工	-2.19	8.92	-0.20	8.92	8.93	59828	19	          0.22	          1.93	9.10	9.18	8.83	9.12	   571.70	54083548	  0.66	林业	吉林	 3.84	9.04	35596	24232	  1.47	24	115	--  	      31050.00	
="000822"	*ST海化	-2.20	4.44	-0.10	4.44	4.45	73649	666	          0.22	          0.82	4.54	4.57	4.41	4.54	    79.25	33166150	  0.68	化工原料	山东	 3.52	4.50	48744	24905	  1.96	130	626	--  	      89508.31	
="000667"	美好集团	-2.21	2.66	-0.06	2.65	2.66	489094	4419	          0.00	          1.91	2.74	2.76	2.65	2.72	   181.60	131953408	  0.58	全国地产	云南	 4.04	2.70	275533	213561	  1.29	5800	9159	--  	     255959.23	
="000860"	顺鑫农业	-2.22	17.20	-0.39	17.20	17.21	48727	1148	         -0.05	          1.11	17.59	17.75	17.18	17.59	    19.93	85124784	  0.54	农业综合	北京	 3.24	17.47	30075	18652	  1.61	603	245	--  	      43852.50	
="002144"	宏达高科	-2.23	21.08	-0.48	21.08	21.09	74515	801	         -0.09	          5.45	21.68	22.27	21.08	21.56	    24.92	161492000	  0.95	纺织	浙江	 5.52	21.67	38944	35571	  1.09	108	35	--  	      13679.36	
="600829"	三精制药	-2.23	9.65	-0.22	9.66	9.68	30383	83	          0.31	          0.52	9.86	9.92	9.59	9.87	    62.01	29408930	  0.47	化学制药	黑龙江	 3.34	9.68	19615	10768	  1.82	232	234	--  	      57988.85	
="002294"	信立泰	-2.23	34.21	-0.78	34.21	34.26	55617	625	         -0.26	          1.94	34.79	35.35	34.20	34.99	    22.32	194169264	  0.75	化学制药	深圳	 3.29	34.91	25997	29620	  0.88	116	140	--  	      28698.46	
="002220"	天宝股份	-2.23	7.89	-0.18	7.89	7.90	62810	760	         -0.37	          1.61	8.08	8.13	7.89	8.07	    24.64	50340164	  0.61	食品	辽宁	 2.97	8.01	38958	23852	  1.63	1007	854	--  	      38948.12	
="000875"	吉电股份	-2.24	3.93	-0.09	3.91	3.93	128181	2173	          0.76	          1.94	3.95	4.03	3.89	4.02	--  	50643260	  0.71	火力发电	吉林	 3.48	3.95	88393	39788	  2.22	26	425	--  	      66003.21	
="600236"	桂冠电力	-2.24	3.92	-0.09	3.92	3.93	72636	22	          0.00	          0.64	4.02	4.03	3.91	4.01	    20.81	28784292	  0.77	水力发电	广西	 2.99	3.96	50698	21938	  2.31	199	671	--  	     112823.02	
="300204"	舒泰神	-2.27	27.12	-0.63	27.12	27.13	16329	112	         -0.03	          0.69	27.66	27.93	27.11	27.75	    53.89	44851156	  0.92	生物制药	北京	 2.95	27.47	9943	6386	  1.56	56	64	--  	      23575.42	
="002661"	克明面业	-2.27	39.99	-0.93	39.99	40.00	12704	71	          0.10	          5.95	40.58	40.70	39.92	40.92	    37.19	51283272	  0.68	食品	湖南	 1.91	40.37	7502	5202	  1.44	38	20	--  	       2135.75	
="600810"	神马股份	-2.28	7.72	-0.18	7.73	7.74	45951	50	          0.12	          1.04	7.90	7.94	7.68	7.90	    32.73	36013976	  0.59	化纤	河南	 3.29	7.84	25032	20919	  1.20	156	272	--  	      44228.00	
="002085"	万丰奥威	-2.28	26.99	-0.63	26.88	26.99	16331	22	         -0.36	          0.44	27.62	28.13	26.48	27.62	    26.01	44374284	  0.78	汽车配件	浙江	 5.97	27.17	10959	5372	  2.04	12	38	--  	      36813.28	
="601258"	庞大集团	-2.29	5.97	-0.14	5.97	5.98	388399	32	          0.00	          1.48	6.13	6.17	5.95	6.11	   178.80	235121728	  0.59	汽车服务	河北	 3.60	6.05	239301	149098	  1.60	100	15	--  	     262150.00	
="600419"	天润乳业	-2.33	21.41	-0.51	21.37	21.42	9938	35	         -0.13	          1.24	21.87	22.15	21.36	21.92	   102.32	21681692	  0.85	乳制品	新疆	 3.60	21.81	5830	4108	  1.42	6	36	--  	       8016.00	
="300308"	中际装备	-2.35	9.56	-0.23	9.55	9.56	28728	395	          0.52	          2.55	9.80	9.89	9.50	9.79	--  	27844522	  0.73	工程机械	山东	 3.98	9.69	17335	11393	  1.52	96	18	--  	      11263.04	
="002018"	华星化工	-2.36	11.60	-0.28	11.59	11.60	92866	1315	          0.00	          2.08	11.77	12.03	11.56	11.88	   144.55	109303800	  0.65	农药化肥	安徽	 3.96	11.77	52985	39881	  1.33	39	146	--  	      44739.51	
="002352"	鼎泰新材	-2.37	25.99	-0.63	25.98	25.99	9348	493	         -0.38	          2.43	26.20	27.01	25.99	26.62	    57.46	24785920	  0.65	钢加工	安徽	 3.83	26.51	5226	4122	  1.27	2	43	--  	       3839.22	
="600491"	龙元建设	-2.37	4.12	-0.10	4.12	4.13	107460	140	         -0.24	          1.13	4.21	4.22	4.11	4.22	    22.70	44730528	  0.80	建筑施工	浙江	 2.61	4.16	68412	39048	  1.75	33	888	--  	      94760.00	
="601179"	中国西电	-2.38	4.52	-0.11	4.52	4.53	262945	971	          0.44	          0.60	4.62	4.66	4.49	4.63	    35.37	120370784	  0.61	电气设备	陕西	 3.67	4.58	148296	114649	  1.29	196	10	--  	     435700.00	
="002650"	加加食品	-2.39	11.86	-0.29	11.86	11.88	82590	604	         -0.50	          3.68	12.17	12.29	11.86	12.15	    33.52	99794096	  1.05	食品	湖南	 3.54	12.08	49279	33311	  1.48	231	2	--  	      22439.23	
="600657"	信达地产	-2.39	4.08	-0.10	4.08	4.09	76541	6	         -0.48	          0.50	4.19	4.20	4.08	4.18	    13.56	31737258	  0.70	全国地产	北京	 2.87	4.15	46429	30112	  1.54	251	704	--  	     152426.05	
="002448"	中原内配	-2.40	16.28	-0.40	16.27	16.28	44045	614	         -0.06	          2.45	16.51	16.75	16.08	16.68	    19.69	72933560	  0.66	运输设备	河南	 4.02	16.56	21748	22297	  0.98	131	274	--  	      17946.90	
="601618"	中国中冶	-2.40	2.44	-0.06	2.43	2.44	982395	1392	          0.00	          0.60	2.50	2.52	2.43	2.50	    12.89	243603984	  0.56	建筑施工	北京	 3.60	2.48	542472	439923	  1.23	19301	1553	--  	    1623900.00	
="300174"	元力股份	-2.43	14.48	-0.36	14.42	14.48	16717	423	         -0.20	          2.54	14.83	14.89	14.35	14.84	   200.26	24542910	  1.31	化工原料	福建	 3.64	14.68	7945	8772	  0.91	11	28	--  	       6594.43	
="600609"	金杯汽车	-2.43	4.01	-0.10	4.00	4.01	247097	2	          0.50	          2.26	4.09	4.18	3.98	4.11	   312.49	100563624	  0.68	汽车整车	辽宁	 4.87	4.07	152166	94931	  1.60	1099	97	--  	     109266.71	
="002010"	传化股份	-2.44	9.60	-0.24	9.60	9.61	56644	412	          0.31	          1.37	9.80	9.90	9.56	9.84	    28.75	55371448	  0.97	染料涂料	浙江	 3.46	9.78	34424	22220	  1.55	175	330	--  	      41283.30	
="002580"	圣阳股份	-2.45	19.91	-0.50	19.90	19.91	49354	453	         -0.25	          6.01	20.40	20.60	19.76	20.41	    72.66	99225184	  1.18	电气设备	山东	 4.12	20.10	31920	17434	  1.83	43	111	--  	       8209.24	
="002399"	海普瑞	-2.48	26.70	-0.68	26.70	26.72	58376	128	         -0.07	          0.73	27.43	27.44	26.57	27.38	    97.09	156364208	  0.81	化学制药	深圳	 3.18	26.79	33074	25302	  1.31	54	56	--  	      80020.00	
="600160"	巨化股份	-2.48	6.28	-0.16	6.28	6.29	244136	64	          0.00	          1.35	6.42	6.47	6.24	6.44	    84.76	154913376	  0.39	化工原料	浙江	 3.57	6.35	142582	101554	  1.40	87	1004	--  	     181091.59	
="002471"	中超电缆	-2.50	12.10	-0.31	12.10	12.11	69071	1287	         -0.32	          1.44	12.44	12.54	12.10	12.41	    51.57	85166840	  0.80	电气设备	江苏	 3.55	12.33	39490	29581	  1.33	612	273	--  	      48012.35	
="600216"	浙江医药	-2.52	10.85	-0.28	10.85	10.86	201712	10	          0.27	          2.15	11.14	11.19	10.80	11.13	    24.00	220360976	  0.55	化学制药	浙江	 3.50	10.92	116288	85424	  1.36	1004	669	--  	      93610.38	
="600796"	钱江生化	-2.52	7.73	-0.20	7.72	7.73	63523	4	          0.38	          2.11	7.93	8.01	7.60	7.93	    39.20	49363888	  1.28	农药化肥	浙江	 5.17	7.77	35318	28205	  1.25	96	328	--  	      30140.21	
="002560"	通达股份	-2.53	19.30	-0.50	19.30	19.31	33786	263	          0.00	          7.40	19.85	19.93	19.23	19.80	    78.74	66546324	  1.70	电气设备	河南	 3.54	19.70	19092	14694	  1.30	14	28	--  	       4567.37	
="001896"	豫能控股	-2.53	8.46	-0.22	8.46	8.47	42607	280	          0.47	          0.99	8.63	8.74	8.36	8.68	    12.63	36594620	  1.09	火力发电	河南	 4.38	8.59	26148	16459	  1.59	63	68	--  	      42999.25	
="002275"	桂林三金	-2.54	19.20	-0.50	19.19	19.20	25489	657	          0.00	          0.49	19.70	20.19	19.20	19.70	    24.16	50022120	  0.72	中成药	广西	 5.03	19.62	17773	7716	  2.30	5	91	--  	      52434.82	
="600469"	风神股份	-2.55	12.59	-0.33	12.57	12.59	54670	10	          0.00	          1.46	12.87	12.98	12.58	12.92	    12.74	69797680	  0.46	汽车配件	河南	 3.10	12.77	28666	26004	  1.10	51	152	--  	      37494.21	
="002670"	华声股份	-2.63	13.71	-0.37	13.71	13.72	45147	578	         -0.21	          5.48	14.10	14.13	13.71	14.08	    25.86	62959144	  1.18	电气设备	广东	 2.98	13.95	25612	19535	  1.31	80	63	--  	       8237.73	
="002117"	东港股份	-2.68	19.27	-0.53	19.27	19.28	51011	358	         -0.05	          1.41	19.79	19.79	19.20	19.80	    44.17	99103512	  0.73	广告包装	山东	 2.98	19.43	29000	22011	  1.32	323	4	--  	      36067.89	
="300105"	龙源技术	-2.68	13.80	-0.38	13.80	13.81	57310	650	         -0.07	          1.12	14.23	14.30	13.74	14.18	    64.51	80455456	  0.66	电器仪表	山东	 3.95	14.04	33652	23658	  1.42	176	174	--  	      51321.60	
="600755"	厦门国贸	-2.69	5.79	-0.16	5.78	5.79	629187	25	          0.00	          4.73	5.95	6.08	5.76	5.95	    10.35	372943424	  1.33	商贸代理	福建	 5.38	5.93	316368	312819	  1.01	1754	456	--  	     133083.59	
="600713"	南京医药	-2.69	7.59	-0.21	7.59	7.60	149980	32	          0.00	          2.16	7.80	7.90	7.58	7.80	   102.05	116198544	  0.59	医药连锁	江苏	 4.10	7.75	86235	63745	  1.35	136	1880	--  	      69358.07	
="000691"	亚太实业	-2.70	6.85	-0.19	6.84	6.85	55961	2726	         -0.14	          1.93	7.01	7.08	6.81	7.04	  4907.80	38867252	  0.79	区域地产	海南	 3.84	6.95	32011	23950	  1.34	14453	465	--  	      29048.63	
="000766"	通化金马	-2.71	7.90	-0.22	7.89	7.90	81686	1013	         -0.25	          1.82	8.12	8.16	7.90	8.12	   433.56	65298676	  0.58	中成药	吉林	 3.20	7.99	49175	32511	  1.51	729	41	--  	      44901.48	
="002470"	金正大	-2.75	26.16	-0.74	26.16	26.20	67732	410	          0.15	          1.14	26.64	27.08	26.00	26.90	    16.85	179243984	  1.05	农药化肥	山东	 4.01	26.46	47853	19879	  2.41	1	2	--  	      59254.00	
="600533"	栖霞建设	-2.76	3.87	-0.11	3.87	3.88	244130	25	          0.25	          2.33	3.95	3.98	3.85	3.98	    73.34	95787184	  0.59	区域地产	江苏	 3.27	3.92	147740	96390	  1.53	692	801	--  	     105000.00	
="000981"	银亿股份	-2.77	10.90	-0.31	10.90	10.92	35236	338	          0.00	          0.41	11.25	11.27	10.86	11.21	    17.35	38946148	  0.76	区域地产	甘肃	 3.66	11.05	20405	14831	  1.38	395	19	--  	      85810.52	
="000417"	合肥百货	-2.78	6.64	-0.19	6.63	6.64	140580	907	          0.15	          1.81	6.79	6.83	6.59	6.83	    11.45	94556512	  0.70	百货	安徽	 3.51	6.73	87883	52697	  1.67	1091	142	--  	      77859.75	
="002511"	中顺洁柔	-2.81	10.39	-0.30	10.39	10.40	74096	440	         -0.57	          1.83	10.74	10.74	10.31	10.69	    58.28	77856176	  0.73	造纸	广东	 4.02	10.51	46636	27460	  1.70	49	283	--  	      40451.92	
="000731"	四川美丰	-2.81	8.31	-0.24	8.31	8.32	120350	826	          0.12	          2.04	8.52	8.63	8.27	8.55	--  	101706144	  0.58	农药化肥	四川	 4.21	8.45	72620	47730	  1.52	233	1059	--  	      59134.76	
="601177"	杭齿前进	-2.81	8.64	-0.25	8.58	8.65	35959	7	          0.58	          0.90	8.89	8.90	8.56	8.89	    84.38	31358092	  0.91	机械基件	浙江	 3.82	8.72	22113	13846	  1.60	18	46	--  	      40006.00	
="600115"	东方航空	-2.86	3.06	-0.09	3.05	3.06	249970	97	          0.32	          0.32	3.14	3.15	3.03	3.15	  1385.12	77353656	  0.41	空运	上海	 3.81	3.09	125995	123975	  1.02	7118	2025	--  	     778221.38	
="600086"	东方金钰	-2.86	23.46	-0.69	23.50	23.53	38976	76	          0.21	          1.11	24.15	24.39	23.34	24.15	    72.56	92536488	  0.84	服饰	湖北	 4.35	23.74	26734	12242	  2.18	24	2	--  	      35228.17	
="601872"	招商轮船	-2.87	3.38	-0.10	3.37	3.38	231854	20	         -0.29	          0.61	3.50	3.51	3.37	3.48	    31.47	79865072	  0.68	水运	上海	 4.02	3.44	146408	85446	  1.71	1143	699	--  	     377673.75	
="002168"	深圳惠程	-2.92	9.32	-0.28	9.31	9.32	283156	2336	          0.00	          4.98	9.60	9.67	9.31	9.60	--  	267968560	  0.80	电气设备	深圳	 3.75	9.46	174332	108824	  1.60	1245	415	--  	      56803.58	
="600143"	金发科技	-2.93	5.31	-0.16	5.31	5.32	418634	148	          0.00	          1.64	5.47	5.53	5.30	5.47	    21.59	226426272	  0.62	塑料	广东	 4.20	5.41	240955	177679	  1.36	607	1817	--  	     256000.00	
="600535"	天士力	-2.93	41.09	-1.24	41.14	41.15	65877	18	         -0.09	          0.64	42.30	42.40	41.01	42.33	    28.50	273213472	  1.18	中成药	天津	 3.28	41.47	34799	31078	  1.12	1	5	--  	     103284.27	
="600095"	哈高科	-2.93	6.95	-0.21	6.95	6.96	87544	30	          0.14	          2.42	7.12	7.31	6.88	7.16	--  	62619616	  0.66	食品	黑龙江	 6.01	7.15	44688	42856	  1.04	11	563	--  	      36126.35	
="000928"	中钢国际	-2.94	11.21	-0.34	11.21	11.22	36597	797	         -0.08	          1.29	11.50	11.64	11.20	11.55	--  	41827148	  0.53	建筑施工	吉林	 3.81	11.43	23302	13295	  1.75	26	226	--  	      28289.90	
="600615"	丰华股份	-2.97	12.43	-0.38	12.41	12.42	33086	14	         -0.16	          1.76	12.75	12.93	12.37	12.81	   166.02	41913572	  0.49	区域地产	上海	 4.37	12.67	20490	12596	  1.63	37	78	--  	      18762.44	
="600191"	华资实业	-2.98	7.17	-0.22	7.16	7.17	37536	20	         -0.41	          0.77	7.41	7.46	7.17	7.39	    63.94	27494172	  0.68	食品	内蒙	 3.92	7.32	19331	18205	  1.06	240	129	--  	      48493.19	
="600798"	宁波海运	-3.01	4.51	-0.14	4.51	4.52	102482	87	          0.00	          1.18	4.65	4.68	4.50	4.65	--  	47034008	  0.71	水运	浙江	 3.87	4.59	71623	30859	  2.32	49	1533	--  	      87117.45	
="002676"	顺威股份	-3.02	16.08	-0.50	16.08	16.09	15473	196	         -0.24	          3.62	16.43	16.73	16.01	16.58	    38.88	25366660	  0.82	塑料	广东	 4.34	16.39	10056	5417	  1.86	214	143	--  	       4275.22	
="002110"	三钢闽光	-3.05	6.67	-0.21	6.67	6.68	104477	756	          0.45	          1.95	6.75	6.95	6.52	6.88	--  	70188840	  0.91	普钢	福建	 6.25	6.72	51171	53306	  0.96	230	136	--  	      53470.00	
="002020"	京新药业	-3.07	20.23	-0.64	20.22	20.23	16229	177	         -0.19	          0.84	20.85	21.05	20.22	20.87	    48.69	33359462	  0.60	化学制药	浙江	 3.98	20.55	10654	5575	  1.91	184	18	--  	      19382.21	
="000719"	大地传媒	-3.08	16.05	-0.51	16.05	16.06	67726	609	          0.06	          6.36	16.51	16.61	15.83	16.56	    41.61	109531144	  0.85	出版业	河南	 4.71	16.17	41722	26004	  1.60	13	17	--  	      10650.59	
="600033"	福建高速	-3.08	2.83	-0.09	2.82	2.83	638364	35	          0.00	          2.33	2.93	2.96	2.81	2.92	    12.00	184326736	  0.90	路桥	福建	 5.14	2.89	388050	250314	  1.55	871	1956	--  	     274440.00	
="000543"	皖能电力	-3.11	7.80	-0.25	7.80	7.81	151276	1533	          0.00	          1.48	8.02	8.11	7.79	8.05	     8.59	120182320	  0.94	火力发电	安徽	 3.98	7.94	93320	57956	  1.61	965	277	--  	     102515.75	
="600643"	爱建股份	-3.11	11.22	-0.36	11.21	11.22	262067	20	          0.00	          3.20	11.61	11.65	11.17	11.58	    26.70	298608032	  0.86	多元金融	上海	 4.15	11.39	155766	106301	  1.47	383	571	--  	      81798.34	
="000882"	华联股份	-3.11	3.74	-0.12	3.73	3.74	302366	5202	          0.00	          2.82	3.87	3.90	3.72	3.86	   112.65	115157992	  0.44	百货	北京	 4.66	3.81	193001	109365	  1.76	4943	2515	--  	     107195.31	
="300239"	东宝生物	-3.15	12.31	-0.40	12.30	12.31	33947	291	         -0.24	          2.77	12.70	12.77	12.28	12.71	   277.43	42457668	  0.47	生物制药	内蒙	 3.86	12.51	20258	13689	  1.48	276	181	--  	      12244.01	
="000516"	开元投资	-3.18	8.82	-0.29	8.82	8.83	376995	3055	          0.45	          5.35	9.11	9.18	8.73	9.11	    22.75	337017664	  0.77	百货	陕西	 4.94	8.94	228692	148303	  1.54	1449	145	--  	      70442.67	
="002478"	常宝股份	-3.20	12.09	-0.40	12.09	12.10	32878	330	         -0.08	          1.26	12.39	12.63	12.04	12.49	    19.34	40468704	  1.07	普钢	江苏	 4.72	12.31	17764	15114	  1.18	25	10	--  	      26154.86	
="600131"	岷江水电	-3.23	5.39	-0.18	5.39	5.40	56597	40	          0.18	          1.42	5.55	5.59	5.37	5.57	    18.83	31017102	  0.83	水力发电	四川	 3.95	5.48	33990	22607	  1.50	267	67	--  	      39736.69	
="002558"	世纪游轮	-3.30	31.91	-1.09	31.90	31.91	7795	57	         -0.03	          2.40	32.98	32.98	31.91	33.00	   802.59	25375878	  0.88	旅游服务	重庆	 3.24	32.55	4139	3656	  1.13	17	8	--  	       3244.39	
="002632"	道明光学	-3.35	18.18	-0.63	18.18	18.28	13683	540	          1.00	          2.71	18.78	19.22	18.00	18.81	    95.49	25594682	  0.69	化工原料	浙江	 6.49	18.70	7909	5774	  1.37	166	18	--  	       5040.75	
="002215"	诺 普 信	-3.36	10.08	-0.35	10.07	10.08	82258	1073	          0.29	          1.59	10.36	10.59	9.96	10.43	    17.34	84225360	  1.13	农药化肥	深圳	 6.04	10.24	43135	39123	  1.10	222	71	--  	      51575.60	
="600125"	铁龙物流	-3.42	6.78	-0.24	6.78	6.80	288712	139	          0.00	          2.21	7.00	7.07	6.75	7.02	    25.33	199611488	  0.62	铁路	辽宁	 4.56	6.91	170683	118029	  1.45	103	28	--  	     130552.18	
="600068"	葛洲坝	-3.43	4.51	-0.16	4.51	4.52	490619	113	          0.22	          1.41	4.62	4.67	4.50	4.67	     8.24	225119392	  1.01	建筑施工	湖北	 3.64	4.59	282364	208255	  1.36	2108	2004	--  	     348745.91	
="002188"	新 嘉 联	-3.43	13.78	-0.49	13.77	13.78	42330	340	         -0.57	          2.97	14.25	14.47	13.78	14.27	--  	59683212	  0.65	元器件	浙江	 4.84	14.10	26915	15415	  1.75	71	29	--  	      14274.61	
="002384"	东山精密	-3.44	14.58	-0.52	14.58	14.59	44588	347	         -0.13	          0.98	15.00	15.06	14.52	15.10	   254.75	65634320	  0.65	通信设备	江苏	 3.58	14.72	29347	15241	  1.93	376	732	--  	      45272.80	
="600565"	迪马股份	-3.46	4.47	-0.16	4.46	4.47	113198	473	          0.44	          1.57	4.61	4.66	4.43	4.63	    36.32	51616736	  0.84	全国地产	重庆	 4.97	4.56	70162	43036	  1.63	327	276	--  	      72000.00	
="000836"	鑫茂科技	-3.47	7.24	-0.26	7.22	7.24	59510	457	          0.69	          2.03	7.50	7.57	7.19	7.50	--  	43985432	  0.65	软件服务	天津	 5.07	7.39	36388	23122	  1.57	254	67	--  	      29248.98	
="000623"	吉林敖东	-3.51	20.35	-0.74	20.33	20.35	247286	7741	         -0.24	          3.21	21.09	21.25	20.35	21.09	    16.83	512299552	  0.82	中成药	吉林	 4.27	20.72	132240	115046	  1.15	127	719	--  	      77115.20	
="601588"	北辰实业	-3.55	3.53	-0.13	3.53	3.54	384092	12	          0.00	          1.44	3.67	3.70	3.51	3.66	    24.97	138658656	  0.53	区域地产	北京	 5.19	3.61	223607	160485	  1.39	618	570	--  	     266000.00	
="600800"	天津磁卡	-3.56	7.32	-0.27	7.31	7.32	263128	10	         -0.40	          4.31	7.49	7.57	7.26	7.59	--  	194936464	  0.94	综合类	天津	 4.08	7.41	147538	115590	  1.28	142	858	--  	      61031.10	
="000514"	渝 开 发	-3.58	5.93	-0.22	5.93	5.94	261206	1304	          0.00	          3.10	6.43	6.43	5.93	6.15	    30.97	161746528	  1.70	区域地产	重庆	 8.13	6.19	138031	123175	  1.12	1358	1001	--  	      84377.09	
="300346"	南大光电	-3.58	36.88	-1.37	36.88	37.00	12608	523	         -0.59	          3.52	38.25	38.68	36.80	38.25	    92.12	47623128	  0.99	半导体	江苏	 4.92	37.77	8273	4335	  1.91	19	295	--  	       3584.05	
="600336"	澳柯玛	-3.62	6.13	-0.23	6.13	6.14	331262	65	          0.49	          4.87	6.34	6.45	6.06	6.36	    27.50	207329152	  0.99	家用电器	山东	 6.13	6.26	190053	141209	  1.35	395	2328	--  	      68007.20	
="600466"	迪康药业	-3.66	6.32	-0.24	6.31	6.32	148232	71	          0.00	          3.38	6.53	6.59	6.30	6.56	   145.98	95361312	  0.51	中成药	四川	 4.42	6.43	90505	57727	  1.57	1400	177	--  	      43900.58	
="000551"	创元科技	-3.70	10.40	-0.40	10.39	10.40	194504	2729	         -0.28	          4.86	10.78	10.88	10.37	10.80	    81.14	207173760	  0.69	专用机械	江苏	 4.72	10.65	117159	77345	  1.51	141	106	--  	      40008.03	
="300147"	香雪制药	-3.74	22.12	-0.86	22.10	22.12	80503	195	         -0.31	          1.58	22.94	22.94	21.76	22.98	    62.83	179023840	  1.26	生物制药	广东	 5.13	22.24	54223	26280	  2.06	56	23	--  	      50806.10	
="300019"	硅宝科技	-3.74	16.20	-0.63	16.20	16.22	23634	253	          0.00	          2.20	16.80	16.83	16.18	16.83	    43.64	38838044	  0.66	化工原料	四川	 3.86	16.43	16250	7384	  2.20	56	55	--  	      10745.41	
="002243"	通产丽星	-3.75	8.46	-0.33	8.45	8.46	35502	330	          0.00	          1.15	8.75	8.86	8.18	8.79	  1094.07	30701460	  0.63	塑料	深圳	 7.74	8.65	24242	11260	  2.15	45	1128	--  	      30990.90	
="300294"	博雅生物	-3.84	61.30	-2.45	61.29	61.30	10478	38	         -0.09	          3.29	63.50	64.59	61.01	63.75	    52.26	65611120	  0.84	生物制药	江西	 5.62	62.62	5803	4675	  1.24	3	26	--  	       3188.44	
="600812"	华北制药	-3.92	6.62	-0.27	6.63	6.64	256565	43	          0.30	          2.49	6.89	6.94	6.59	6.89	   520.10	171989984	  0.58	化学制药	河北	 5.08	6.70	145938	110627	  1.32	370	604	--  	     102857.75	
="002616"	长青集团	-3.96	22.80	-0.94	22.78	22.80	20228	146	         -0.04	          2.49	23.80	24.05	22.70	23.74	   105.10	47213616	  0.80	环境保护	广东	 5.69	23.34	12016	8212	  1.46	2	177	--  	       8140.00	
="600736"	苏州高新	-4.01	5.03	-0.21	5.03	5.04	505126	170	          0.19	          4.77	5.18	5.24	4.91	5.24	    45.51	256275376	  0.62	园区开发	江苏	 6.30	5.07	299023	206103	  1.45	1584	1091	--  	     105788.15	
="601107"	四川成渝	-4.13	3.48	-0.15	3.48	3.49	201339	54	          0.00	          0.93	3.63	3.63	3.45	3.63	     9.61	71132296	  0.88	路桥	四川	 4.96	3.53	139594	61745	  2.26	828	855	--  	     216274.00	
="002430"	杭氧股份	-4.18	8.02	-0.35	8.02	8.03	118216	1191	         -0.12	          1.46	8.35	8.36	8.01	8.37	    74.40	96370920	  0.73	化工机械	浙江	 4.18	8.15	73573	44643	  1.65	497	397	--  	      80843.95	
="002533"	金杯电工	-4.34	6.17	-0.28	6.17	6.18	94336	1732	         -0.16	          1.93	6.44	6.47	6.16	6.45	    42.88	59691588	  1.12	电气设备	湖南	 4.81	6.33	57637	36699	  1.57	475	2317	--  	      48824.39	
="002677"	浙江美大	-4.41	17.33	-0.80	17.33	17.34	42638	317	         -0.05	          8.53	18.00	18.02	17.10	18.13	    35.99	75210584	  1.12	家用电器	浙江	 5.07	17.64	27373	15265	  1.79	334	78	--  	       5000.00	
="600363"	联创光电	-4.45	10.94	-0.51	10.92	10.93	225657	3	          0.09	          5.34	11.48	11.55	10.90	11.45	    40.29	253635248	  1.02	元器件	江西	 5.68	11.24	133858	91799	  1.46	710	203	--  	      42280.67	
="300142"	沃森生物	-4.51	42.97	-2.03	42.88	42.97	19681	389	          0.20	          1.19	44.89	44.89	42.78	45.00	--  	85654184	  0.91	生物制药	云南	 4.69	43.52	13912	5769	  2.41	6	30	--  	      16605.85	
="000833"	贵糖股份	-4.70	9.12	-0.45	9.11	9.12	81490	1071	          0.21	          2.75	9.51	9.59	9.10	9.57	--  	75829912	  0.76	造纸	广西	 5.12	9.31	53399	28091	  1.90	1844	144	--  	      29606.53	
="600543"	莫高股份	-4.75	9.03	-0.45	9.03	9.04	109013	28	         -0.33	          3.39	9.49	9.54	9.01	9.48	    73.33	100758608	  0.71	红黄药酒	甘肃	 5.59	9.24	66741	42272	  1.58	184	134	--  	      32112.00	
="600806"	昆明机床	-4.84	5.90	-0.30	5.88	5.89	124659	10	         -0.84	          3.19	6.17	6.24	5.89	6.20	--  	75603520	  1.13	机床制造	云南	 5.65	6.06	74560	50099	  1.49	828	22	--  	      39018.62	
="000601"	韶能股份	-5.02	5.30	-0.28	5.30	5.31	207904	1692	         -0.18	          2.09	5.58	5.59	5.28	5.58	    15.42	113518744	  0.89	火力发电	广东	 5.56	5.46	124898	83006	  1.50	1566	2489	--  	      99398.67	
="600356"	恒丰纸业	-5.09	7.83	-0.42	7.83	7.85	53168	25	         -0.12	          2.11	8.20	8.23	7.82	8.25	    37.84	42535952	  1.07	造纸	黑龙江	 4.97	8.00	35071	18097	  1.94	6	201	--  	      25233.92	
="600791"	京能置业	-5.14	6.28	-0.34	6.28	6.29	250946	22	         -0.31	          5.55	6.58	6.70	6.26	6.62	    32.06	160601088	  0.48	全国地产	北京	 6.65	6.40	142818	108128	  1.32	14	726	--  	      45231.37	
="603123"	翠微股份	-5.24	11.39	-0.63	11.38	11.39	102691	13	          0.70	          9.13	11.90	11.99	11.25	12.02	    28.63	119738352	  0.88	百货	北京	 6.16	11.66	66011	36680	  1.80	67	152	--  	      11246.00	
="601996"	丰林集团	-5.31	8.92	-0.50	8.90	8.91	167060	228	          0.11	          3.56	9.36	9.41	8.85	9.42	    37.00	152975024	  0.81	林业	广西	 5.94	9.16	105400	61660	  1.71	1581	499	--  	      46891.19	
="002598"	山东章鼓	-5.53	9.91	-0.58	9.91	9.92	134151	2979	         -0.70	          5.10	10.45	10.45	9.91	10.49	    41.56	137002832	  0.94	机械基件	山东	 5.15	10.21	84281	49870	  1.69	132	505	--  	      26322.46	
="600683"	京投银泰	-6.77	6.33	-0.46	6.33	6.34	222763	40	         -0.31	          3.01	6.75	6.75	6.23	6.79	--  	144938016	  1.35	区域地产	浙江	 7.66	6.51	132444	90319	  1.47	17	296	--  	      74077.75	
="600774"	汉商集团	-7.54	11.40	-0.93	11.37	11.38	49208	19	          0.44	          2.85	12.26	12.27	11.31	12.33	   178.39	57593256	  2.93	百货	湖北	 7.79	11.70	32323	16885	  1.91	71	39	--  	      17289.15	
数据来源:通达信
