代码	名称	涨幅%%	现价	涨跌	买价	卖价	总量	现量	涨速%%	换手%%	今开	最高	最低	昨收	市盈(动)	总金额	量比	细分行业	地区	振幅%%	均价	内盘	外盘	内外比	买量	卖量	未匹配量	
="000931"	中 关 村	9.99	8.92	0.81	8.92	--  	518827	1135	0.00	         10.24	8.18	8.92	8.09	8.11	--  	440178016	  1.70	区域地产	北京	10.23	8.48	292167	226660	  1.29	90799	0	--  	
="600497"	驰宏锌锗	9.98	12.56	1.14	12.56	--  	1045854	78	0.31	          6.27	11.42	12.56	11.33	11.42	   102.73	1270016512	  2.69	铅锌	云南	10.77	12.14	470185	575669	  0.82	35744	0	--  	
="600082"	海泰发展	8.61	7.82	0.62	7.81	7.82	638133	61	0.51	         10.13	7.35	7.92	7.16	7.20	    69.17	480555712	  1.98	园区开发	天津	10.56	7.53	304246	333887	  0.91	126	347	--  	
="600058"	五矿发展	6.54	15.65	0.96	15.63	15.64	554105	100	1.09	          5.17	14.70	15.93	14.63	14.69	    71.21	851953984	  2.42	商贸代理	北京	8.85	15.38	250166	303938	  0.82	909	148	--  	
="600331"	宏达股份	5.62	6.77	0.36	6.77	6.78	729634	58	-0.14	          7.07	6.38	6.95	6.33	6.41	--  	490073632	  1.59	铅锌	四川	9.67	6.72	370065	359569	  1.03	1685	3323	--  	
="600763"	通策医疗	5.33	52.98	2.68	52.98	53.00	21918	1	0.03	          1.37	50.05	53.50	49.00	50.30	    70.07	111302024	  2.12	医疗保健	浙江	8.95	50.78	10814	11104	  0.97	37	30	--  	
="600018"	上港集团	5.00	6.09	0.29	6.08	6.09	2436579	562	0.32	          1.07	5.82	6.21	5.75	5.80	    22.21	1446611456	  2.39	港口	上海	7.93	5.94	1168068	1268510	  0.92	8232	255	--  	
="000159"	国际实业	4.69	10.93	0.49	10.93	10.94	349297	3757	-0.09	          7.26	10.45	11.07	10.26	10.44	    60.80	371878592	  1.63	石油贸易	新疆	7.76	10.65	167360	181937	  0.92	2150	96	--  	
="002534"	杭锅股份	4.55	19.98	0.87	19.98	19.99	51548	2595	0.60	          1.32	18.95	20.02	18.47	19.11	    61.41	98229144	  1.70	专用机械	浙江	8.11	19.06	21950	29598	  0.74	2481	577	--  	
="000752"	西藏发展	4.07	14.59	0.57	14.59	14.60	122072	1501	0.06	          4.63	14.03	14.61	14.02	14.02	   212.73	174663376	  1.39	啤酒	西藏	4.21	14.31	45315	76756	  0.59	306	1144	--  	
="600016"	民生银行	3.92	8.22	0.31	8.23	8.24	18368980	8106	0.12	          6.78	8.08	8.68	8.04	7.91	     5.71	15244498944	  1.91	银行	北京	8.09	8.30	8707685	9661295	  0.90	2563	6678	--  	
="600098"	广州发展	3.79	7.12	0.26	7.12	7.13	369670	5	0.00	          1.52	6.90	7.15	6.82	6.86	    14.43	258772160	  1.41	火力发电	广东	4.81	7.00	190342	179328	  1.06	50	740	--  	
="601137"	博威合金	3.75	22.70	0.82	22.70	22.71	61722	47	0.13	          2.87	21.88	22.80	21.47	21.88	    72.14	137896608	  1.38	铜	浙江	6.08	22.34	31624	30098	  1.05	99	5	--  	
="000525"	红 太 阳	3.42	17.25	0.57	17.25	17.26	225615	1513	0.23	          4.45	16.66	17.64	16.35	16.68	    16.49	381723264	  2.33	农药化肥	江苏	7.73	16.92	118361	107253	  1.10	96	161	--  	
="002013"	中航机电	3.24	21.67	0.68	21.67	21.68	197613	959	0.09	          6.75	20.93	21.78	20.30	20.99	    49.97	413792928	  0.90	汽车配件	湖北	7.05	20.94	94739	102874	  0.92	127	447	--  	
="600275"	武昌鱼	3.19	5.82	0.18	5.81	5.82	248966	130	0.69	          4.89	5.63	5.92	5.56	5.64	--  	143328544	  1.79	农业综合	湖北	6.38	5.76	120354	128611	  0.94	150	235	--  	
="000926"	福星股份	3.02	9.55	0.28	9.55	9.56	525729	3444	0.00	          9.95	9.29	10.15	9.29	9.27	     8.80	509023424	  1.59	区域地产	湖北	9.28	9.68	275040	250689	  1.10	164	997	--  	
="600483"	福能股份	2.73	10.52	0.28	10.51	10.52	113977	60	0.00	          3.95	10.47	10.77	10.40	10.24	    18.45	120904848	  1.34	火力发电	福建	3.61	10.61	57498	56478	  1.02	545	173	--  	
="000333"	美的集团	2.73	25.20	0.67	25.20	25.21	816950	3910	0.15	          3.65	24.83	26.54	24.31	24.53	     8.90	2085027840	  1.91	家用电器	广东	9.09	25.52	396515	420434	  0.94	258	39	--  	
="600005"	武钢股份	2.71	3.03	0.08	3.02	3.03	2947991	153	0.33	          2.92	2.95	3.14	2.94	2.95	    29.77	895592192	  1.66	普钢	湖北	6.78	3.04	1256717	1691274	  0.74	4640	8113	--  	
="600795"	国电电力	2.61	3.14	0.08	3.13	3.14	5527965	1607	0.64	          3.59	3.07	3.22	3.07	3.06	     7.93	1738599168	  1.58	火力发电	辽宁	4.90	3.15	2605662	2922303	  0.89	15684	12057	--  	
="300345"	红宇新材	2.57	23.58	0.59	23.58	23.60	36659	200	-0.08	          5.93	22.80	24.49	22.60	22.99	   962.39	86866992	  1.11	钢加工	湖南	8.22	23.70	16238	20420	  0.80	12	2	--  	
="300346"	南大光电	2.44	38.70	0.92	38.70	38.72	14934	91	-0.07	          4.17	37.98	38.80	36.88	37.78	    81.82	56248028	  1.27	半导体	江苏	5.08	37.66	7860	7073	  1.11	168	99	--  	
="600720"	祁连山	2.38	9.04	0.21	9.04	9.05	603655	20	0.22	          7.78	8.86	9.27	8.85	8.83	     8.29	548063232	  1.71	水泥	甘肃	4.76	9.08	307200	296455	  1.04	357	1562	--  	
="600532"	宏达矿业	2.33	10.99	0.25	10.99	11.00	96345	1	0.18	          5.84	10.82	11.24	10.60	10.74	    27.91	105482384	  1.51	普钢	山东	5.96	10.95	48587	47757	  1.02	19	576	--  	
="600801"	华新水泥	2.30	8.90	0.20	8.90	8.91	456637	274	0.45	          4.70	8.71	9.20	8.70	8.70	    12.26	407756864	  1.50	水泥	湖北	5.75	8.93	219947	236690	  0.93	407	687	--  	
="002563"	森马服饰	2.28	38.55	0.86	38.53	38.55	14359	324	-0.02	          2.05	37.80	38.80	37.60	37.69	    28.86	54747084	  1.42	服饰	浙江	3.18	38.13	6499	7860	  0.83	1	1	--  	
="600673"	东阳光科	2.28	16.60	0.37	16.58	16.60	152740	22	0.36	          1.86	16.37	16.86	16.23	16.23	   105.50	252932480	  1.11	铝	广东	3.88	16.56	73077	79662	  0.92	30	49	--  	
="002294"	信立泰	2.28	36.35	0.81	36.35	36.36	62668	941	0.08	          2.18	35.57	36.35	35.06	35.54	    23.72	223113744	  1.21	化学制药	深圳	3.63	35.60	27696	34971	  0.79	492	71	--  	
="000966"	长源电力	2.15	10.44	0.22	10.43	10.44	199397	2984	0.09	          3.60	10.24	10.45	10.05	10.22	     6.98	205412608	  1.48	火力发电	湖北	3.91	10.30	108571	90826	  1.20	916	561	--  	
="000581"	威孚高科	2.06	27.68	0.56	27.67	27.68	220053	1123	0.07	          3.24	27.20	27.72	27.03	27.12	    17.09	603975808	  1.66	汽车配件	江苏	2.54	27.45	91824	128228	  0.72	1009	619	--  	
="002661"	克明面业	2.04	41.60	0.83	41.60	41.61	15169	262	0.07	          7.10	40.92	41.62	39.80	40.77	    41.86	61995264	  1.24	食品	湖南	4.46	40.87	7371	7798	  0.95	277	87	--  	
="600196"	复星医药	1.98	21.14	0.41	21.12	21.13	518101	33	0.28	          2.72	20.72	21.42	20.57	20.73	    23.28	1092797824	  1.30	化学制药	上海	4.10	21.09	245242	272858	  0.90	57	169	--  	
="000877"	天山股份	1.96	8.34	0.16	8.33	8.34	540367	3801	0.12	          6.14	8.18	8.45	8.15	8.18	    17.92	449788320	  1.56	水泥	新疆	3.67	8.32	274207	266160	  1.03	3965	4198	--  	
="600375"	华菱星马	1.95	13.07	0.25	13.08	13.09	181552	85	0.61	          3.65	12.90	13.23	12.73	12.82	    51.76	235022384	  1.22	汽车整车	安徽	3.90	12.95	92000	89552	  1.03	67	351	--  	
="600019"	宝钢股份	1.81	5.63	0.10	5.63	5.64	2831062	114	0.17	          1.72	5.52	5.97	5.48	5.53	    13.88	1618687232	  1.63	普钢	上海	8.86	5.72	1474489	1356573	  1.09	3926	2327	--  	
="600970"	中材国际	1.75	10.47	0.18	10.47	10.48	425098	5	0.28	          3.89	10.39	10.68	10.29	10.29	    17.39	445215872	  1.12	建筑施工	江苏	3.79	10.47	212860	212237	  1.00	440	274	--  	
="002160"	*ST常铝	1.75	6.41	0.11	6.40	6.41	142722	1008	0.15	          4.40	6.28	6.49	6.12	6.30	   108.84	90151088	  1.46	铝	江苏	5.87	6.32	69648	73074	  0.95	855	375	--  	
="600875"	东方电气	1.72	17.16	0.29	17.16	17.17	456647	12	0.11	          2.74	17.00	17.45	16.68	16.87	    23.67	775881152	  1.51	电气设备	四川	4.56	16.99	229993	226654	  1.01	399	335	--  	
="601668"	中国建筑	1.58	4.49	0.07	4.48	4.49	10294877	5	0.22	          3.45	4.50	4.70	4.38	4.42	     5.98	4693353984	  1.51	建筑施工	北京	7.24	4.56	4878681	5416195	  0.90	12206	3260	--  	
="600170"	上海建工	1.56	6.52	0.10	6.52	6.53	1075118	85	0.15	          9.78	6.43	6.62	6.30	6.42	    16.71	695739392	  1.08	建筑施工	上海	4.98	6.47	550014	525103	  1.05	1190	5597	--  	
="600335"	国机汽车	1.53	21.25	0.32	21.28	21.29	85707	10	0.42	          1.53	20.81	21.47	20.01	20.93	    15.99	178224848	  0.96	汽车配件	天津	6.98	20.79	42507	43200	  0.98	376	140	--  	
="600655"	豫园商城	1.44	11.98	0.17	11.98	12.00	217758	100	-0.08	          1.52	11.84	12.08	11.72	11.81	    22.12	259402832	  0.92	百货	上海	3.05	11.91	99101	118657	  0.84	233	783	--  	
="601318"	中国平安	1.33	55.01	0.72	55.00	55.01	2454289	285	0.01	          5.13	54.70	57.21	53.75	54.29	    10.31	13671460864	  1.26	保险	深圳	6.37	55.70	1237856	1216432	  1.02	30	9	--  	
="000545"	金浦钛业	1.20	14.37	0.17	14.37	14.39	85043	213	-0.34	          5.44	14.20	14.68	14.07	14.20	   119.48	122073128	  1.14	化工原料	吉林	4.30	14.35	42381	42662	  0.99	160	139	--  	
="000539"	粤电力Ａ	1.14	6.20	0.07	6.20	6.21	293685	4520	0.00	          1.38	6.13	6.37	6.11	6.13	     8.06	182743616	  1.09	火力发电	广东	4.24	6.22	156313	137371	  1.14	261	3467	--  	
="002685"	华东重机	1.13	14.26	0.16	14.25	14.26	72386	1122	0.42	          7.27	14.11	14.50	13.85	14.10	   455.49	102644864	  0.51	工程机械	江苏	4.61	14.18	37513	34872	  1.08	605	160	--  	
="600162"	香江控股	1.04	6.77	0.07	6.77	6.78	299422	16	0.44	          3.90	6.75	7.06	6.66	6.70	    15.86	204902256	  1.12	全国地产	深圳	5.97	6.84	163742	135680	  1.21	253	1042	--  	
="600007"	中国国贸	0.92	14.32	0.13	14.31	14.32	111336	56	0.06	          1.11	14.10	14.88	14.05	14.19	    25.21	161472784	  1.23	园区开发	北京	5.85	14.50	58411	52925	  1.10	17	35	--  	
="300189"	神农大丰	0.92	7.72	0.07	7.72	7.73	370976	2522	0.00	         11.03	7.73	7.79	7.46	7.65	--  	282377056	  1.27	种植业	海南	4.31	7.61	190522	180453	  1.06	2882	2062	--  	
="600639"	浦东金桥	0.91	16.63	0.15	16.63	16.64	281025	9	0.36	          4.28	16.30	17.09	16.10	16.48	    36.30	466458912	  1.14	园区开发	上海	6.01	16.60	146464	134561	  1.09	179	65	--  	
="600033"	福建高速	0.91	3.33	0.03	3.32	3.33	775550	1165	0.30	          2.83	3.31	3.36	3.27	3.30	    13.73	257513200	  1.04	路桥	福建	2.73	3.32	385100	390450	  0.99	8412	8590	--  	
="002567"	唐人神	0.90	10.12	0.09	10.12	10.13	96133	603	0.19	          2.29	10.05	10.15	9.82	10.03	    55.52	96032968	  0.99	饲料	湖南	3.29	9.99	50393	45740	  1.10	324	861	--  	
="300196"	长海股份	0.78	20.57	0.16	20.56	20.57	16050	43	0.04	          1.47	20.69	20.79	20.00	20.41	    27.76	32793570	  1.01	玻璃	江苏	3.87	20.43	8065	7985	  1.01	44	310	--  	
="600153"	建发股份	0.73	8.23	0.06	8.23	8.24	958589	29	-0.12	          3.38	8.17	8.47	8.11	8.17	    11.12	793794688	  1.18	商贸代理	福建	4.41	8.28	478653	479936	  1.00	484	69	--  	
="601669"	中国电建	0.70	4.30	0.03	4.30	4.31	3302197	86	0.00	         10.01	4.32	4.46	4.23	4.27	     9.31	1432041344	  1.48	建筑施工	北京	5.39	4.34	1460491	1841706	  0.79	357	16951	--  	
="000027"	深圳能源	0.67	9.08	0.06	9.08	9.09	544639	2150	0.00	          5.68	9.04	9.37	8.92	9.02	    11.68	499372416	  1.19	火力发电	深圳	4.99	9.17	254066	290573	  0.87	2633	1337	--  	
="601333"	广深铁路	0.56	3.61	0.02	3.60	3.61	1782422	250	0.55	          3.15	3.60	3.71	3.55	3.59	    29.52	647786560	  1.29	铁路	深圳	4.46	3.63	815614	966808	  0.84	3464	4277	--  	
="300138"	晨光生物	0.41	12.12	0.05	12.11	12.12	35546	443	0.00	          2.82	12.05	12.18	11.66	12.07	   127.49	42474332	  1.22	食品	河北	4.31	11.95	20118	15427	  1.30	181	55	--  	
="002063"	远光软件	0.35	22.85	0.08	22.85	22.86	141412	1071	0.13	          3.61	22.76	23.00	22.06	22.77	    55.59	319887104	  0.88	软件服务	广东	4.13	22.62	83812	57599	  1.46	151	30	--  	
="000088"	盐 田 港	0.12	8.49	0.01	8.49	8.50	461877	2955	0.11	          2.38	8.48	8.64	8.30	8.48	    35.84	391499040	  1.07	港口	深圳	4.01	8.48	244901	216975	  1.13	2029	2109	--  	
="600802"	福建水泥	0.12	8.62	0.01	8.62	8.63	245245	60	0.46	          6.42	8.75	8.82	8.45	8.61	--  	211790896	  1.71	水泥	福建	4.30	8.64	125287	119957	  1.04	438	375	--  	
="000032"	深桑达Ａ	0.08	12.44	0.01	12.44	12.45	66353	663	0.16	          2.85	12.41	12.67	12.26	12.43	--  	82412448	  0.57	元器件	深圳	3.30	12.42	34966	31387	  1.11	314	195	--  	
="601928"	凤凰传媒	0.00	10.61	0.00	--  	--  	0	0	0.00	          0.00	--  	--  	--  	10.61	    27.58	0	  0.00	出版业	江苏	0.00	10.61	0	0	--  	0	0	--  	
="601799"	星宇股份	0.00	21.24	0.00	21.23	21.24	23379	10	0.28	          0.98	21.30	21.40	20.90	21.24	    21.50	49438124	  0.85	汽车配件	江苏	2.35	21.15	12174	11204	  1.09	12	107	--  	
="600986"	科达股份	0.00	7.05	0.00	--  	--  	0	0	0.00	          0.00	--  	--  	--  	7.05	    36.88	0	  0.00	建筑施工	山东	0.00	7.05	0	0	--  	0	0	--  	
="600981"	汇鸿股份	0.00	4.21	0.00	--  	--  	0	0	0.00	          0.00	--  	--  	--  	4.21	    92.48	0	  0.00	商贸代理	江苏	0.00	4.21	0	0	--  	0	0	--  	
="600876"	洛阳玻璃	0.00	7.24	0.00	--  	--  	0	0	0.00	          0.00	--  	--  	--  	7.24	   374.48	0	  0.00	玻璃	河南	0.00	7.24	0	0	--  	0	0	--  	
="600749"	西藏旅游	0.00	12.18	0.00	--  	--  	0	0	0.00	          0.00	--  	--  	--  	12.18	  1161.76	0	  0.00	旅游景点	西藏	0.00	12.18	0	0	--  	0	0	--  	
="600676"	交运股份	0.00	8.69	0.00	8.69	8.70	163620	30	0.34	          2.09	8.73	8.84	8.47	8.69	    23.56	140920816	  0.90	汽车配件	上海	4.26	8.61	90343	73276	  1.23	247	1161	--  	
="600617"	国新能源	0.00	30.09	0.00	--  	--  	0	0	0.00	          0.00	--  	--  	--  	30.09	    42.79	0	  0.00	供气供热	山西	0.00	30.09	0	0	--  	0	0	--  	
="600575"	皖江物流	0.00	4.11	0.00	--  	--  	0	0	0.00	          0.00	--  	--  	--  	4.11	--  	0	  0.00	港口	安徽	0.00	4.11	0	0	--  	0	0	--  	
="600569"	安阳钢铁	0.00	2.32	0.00	--  	--  	0	0	0.00	          0.00	--  	--  	--  	2.32	    78.40	0	  0.00	普钢	河南	0.00	2.32	0	0	--  	0	0	--  	
="600517"	置信电气	0.00	12.45	0.00	--  	--  	0	0	0.00	          0.00	--  	--  	--  	12.45	    84.39	0	  0.00	电气设备	上海	0.00	12.45	0	0	--  	0	0	--  	
="600369"	西南证券	0.00	10.54	0.00	--  	--  	0	0	0.00	          0.00	--  	--  	--  	10.54	    25.05	0	  0.00	证券	重庆	0.00	10.54	0	0	--  	0	0	--  	
="600365"	通葡股份	0.00	11.38	0.00	--  	--  	0	0	0.00	          0.00	--  	--  	--  	11.38	  5686.21	0	  0.00	红黄药酒	吉林	0.00	11.38	0	0	--  	0	0	--  	
="600318"	巢东股份	0.00	11.20	0.00	--  	--  	0	0	0.00	          0.00	--  	--  	--  	11.20	    17.93	0	  0.00	水泥	安徽	0.00	11.20	0	0	--  	0	0	--  	
="600300"	维维股份	0.00	5.74	0.00	5.73	5.74	400361	202	0.34	          2.39	5.72	5.81	5.67	5.74	    85.12	228837376	  0.70	软饮料	江苏	2.44	5.72	213509	186851	  1.14	982	339	--  	
="600241"	时代万恒	0.00	8.28	0.00	--  	--  	0	0	0.00	          0.00	--  	--  	--  	8.28	--  	0	  0.00	商贸代理	辽宁	0.00	8.28	0	0	--  	0	0	--  	
="600105"	永鼎股份	0.00	9.86	0.00	--  	--  	0	0	0.00	          0.00	--  	--  	--  	9.86	    22.23	0	  0.00	通信设备	江苏	0.00	9.86	0	0	--  	0	0	--  	
="600103"	青山纸业	0.00	3.66	0.00	--  	--  	0	0	0.00	          0.00	--  	--  	--  	3.66	   601.14	0	  0.00	造纸	福建	0.00	3.66	0	0	--  	0	0	--  	
="600091"	ST明科	0.00	7.02	0.00	--  	--  	0	0	0.00	          0.00	--  	--  	--  	7.02	--  	0	  0.00	化工原料	内蒙	0.00	7.02	0	0	--  	0	0	--  	
="600090"	啤酒花	0.00	8.13	0.00	--  	--  	0	0	0.00	          0.00	--  	--  	--  	8.13	    36.46	0	  0.00	啤酒	新疆	0.00	8.13	0	0	--  	0	0	--  	
="300332"	天壕节能	--  	14.06	--  	--  	--  	0	0	--  	          0.00	--  	--  	--  	14.06	    40.57	0	  0.00	环境保护	北京	0.00	14.06	0	0	--  	0	0	--  	
="300313"	天山生物	--  	23.69	--  	--  	--  	0	0	--  	          0.00	--  	--  	--  	23.69	   258.62	0	  0.00	农业综合	新疆	0.00	23.69	0	0	--  	0	0	--  	
="300072"	三聚环保	0.00	26.76	0.00	26.76	26.77	202589	1161	0.00	          4.42	26.39	26.86	25.21	26.76	    36.41	527490176	  1.47	化工原料	北京	6.17	26.04	109187	93401	  1.17	1591	157	--  	
="300013"	新宁物流	--  	9.26	--  	--  	--  	0	0	--  	          0.00	--  	--  	--  	9.26	   131.57	0	  0.00	仓储物流	江苏	0.00	9.26	0	0	--  	0	0	--  	
="002700"	新疆浩源	--  	25.29	--  	--  	--  	0	0	--  	          0.00	--  	--  	--  	25.29	    56.88	0	  0.00	供气供热	新疆	0.00	25.29	0	0	--  	0	0	--  	
="002608"	舜天船舶	--  	12.79	--  	--  	--  	0	0	--  	          0.00	--  	--  	--  	12.79	    86.27	0	  0.00	船舶	江苏	0.00	12.79	0	0	--  	0	0	--  	
="002558"	世纪游轮	--  	31.65	--  	--  	--  	0	0	--  	          0.00	--  	--  	--  	31.65	   271.60	0	  0.00	旅游服务	重庆	0.00	31.65	0	0	--  	0	0	--  	
="002529"	海源机械	--  	15.03	--  	--  	--  	0	0	--  	          0.00	--  	--  	--  	15.03	--  	0	  0.00	专用机械	福建	0.00	15.03	0	0	--  	0	0	--  	
="002509"	天广消防	--  	12.27	--  	--  	--  	0	0	--  	          0.00	--  	--  	--  	12.27	    51.77	0	  0.00	专用机械	福建	0.00	12.27	0	0	--  	0	0	--  	
="002426"	胜利精密	--  	11.26	--  	--  	--  	0	0	--  	          0.00	--  	--  	--  	11.26	    68.41	0	  0.00	元器件	江苏	0.00	11.26	0	0	--  	0	0	--  	
="002333"	罗普斯金	--  	14.36	--  	--  	--  	0	0	--  	          0.00	--  	--  	--  	14.36	    59.02	0	  0.00	铝	江苏	0.00	14.36	0	0	--  	0	0	--  	
="002324"	普利特	--  	19.90	--  	--  	--  	0	0	--  	          0.00	--  	--  	--  	19.90	    26.33	0	  0.00	塑料	上海	0.00	19.90	0	0	--  	0	0	--  	
="002323"	中联电气	--  	21.95	--  	--  	--  	0	0	--  	          0.00	--  	--  	--  	21.95	   130.92	0	  0.00	电气设备	江苏	0.00	21.95	0	0	--  	0	0	--  	
="002168"	深圳惠程	--  	10.13	--  	--  	--  	0	0	--  	          0.00	--  	--  	--  	10.13	--  	0	  0.00	电气设备	深圳	0.00	10.13	0	0	--  	0	0	--  	
="002103"	广博股份	--  	10.18	--  	--  	--  	0	0	--  	          0.00	--  	--  	--  	10.18	   172.72	0	  0.00	文教休闲	浙江	0.00	10.18	0	0	--  	0	0	--  	
="002044"	江苏三友	--  	10.04	--  	--  	--  	0	0	--  	          0.00	--  	--  	--  	10.04	    43.13	0	  0.00	服饰	江苏	0.00	10.04	0	0	--  	0	0	--  	
="002009"	天奇股份	--  	16.30	--  	--  	--  	0	0	--  	          0.00	--  	--  	--  	16.30	    47.89	0	  0.00	工程机械	江苏	0.00	16.30	0	0	--  	0	0	--  	
="002006"	*ST精功	--  	8.75	--  	--  	--  	0	0	--  	          0.00	--  	--  	--  	8.75	--  	0	  0.00	工程机械	浙江	0.00	8.75	0	0	--  	0	0	--  	
="000920"	南方汇通	--  	13.23	--  	--  	--  	0	0	--  	          0.00	--  	--  	--  	13.23	    31.50	0	  0.00	运输设备	贵州	0.00	13.23	0	0	--  	0	0	--  	
="000796"	易食股份	--  	7.23	--  	--  	--  	0	0	--  	          0.00	--  	--  	--  	7.23	    95.94	0	  0.00	食品	陕西	0.00	7.23	0	0	--  	0	0	--  	
="000795"	太原刚玉	--  	10.92	--  	--  	--  	0	0	--  	          0.00	--  	--  	--  	10.92	--  	0	  0.00	矿物制品	山西	0.00	10.92	0	0	--  	0	0	--  	
="000710"	天兴仪表	--  	13.60	--  	--  	--  	0	0	--  	          0.00	--  	--  	--  	13.60	--  	0	  0.00	汽车配件	四川	0.00	13.60	0	0	--  	0	0	--  	
="000627"	天茂集团	--  	4.10	--  	--  	--  	0	0	--  	          0.00	--  	--  	--  	4.10	    28.37	0	  0.00	化工原料	湖北	0.00	4.10	0	0	--  	0	0	--  	
="000533"	万 家 乐	--  	5.97	--  	--  	--  	0	0	--  	          0.00	--  	--  	--  	5.97	    35.25	0	  0.00	家用电器	广东	0.00	5.97	0	0	--  	0	0	--  	
="000528"	柳    工	0.00	8.67	0.00	8.66	8.67	528246	3124	-0.11	          4.70	8.69	8.97	8.51	8.67	    40.78	462805568	  1.24	工程机械	广西	5.31	8.76	257357	270889	  0.95	1452	2442	--  	
="000516"	开元投资	--  	9.85	--  	--  	--  	0	0	--  	          0.00	--  	--  	--  	9.85	    26.71	0	  0.00	百货	陕西	0.00	9.85	0	0	--  	0	0	--  	
="000514"	渝 开 发	--  	7.08	--  	--  	--  	0	0	--  	          0.00	--  	--  	--  	7.08	    36.98	0	  0.00	区域地产	重庆	0.00	7.08	0	0	--  	0	0	--  	
="000498"	山东路桥	--  	4.64	--  	--  	--  	0	0	--  	          0.00	--  	--  	--  	4.64	    27.67	0	  0.00	建筑施工	山东	0.00	4.64	0	0	--  	0	0	--  	
="002461"	珠江啤酒	-0.06	16.18	-0.01	16.17	16.18	82121	1012	0.30	          1.21	16.19	16.44	15.73	16.19	   137.55	131995840	  1.53	啤酒	广东	4.39	16.07	43720	38401	  1.14	207	1189	--  	
="600834"	申通地铁	-0.10	10.45	-0.01	10.44	10.45	80081	4	0.28	          1.68	10.46	10.50	10.24	10.46	    44.95	82981568	  0.92	公共交通	上海	2.49	10.36	45726	34354	  1.33	386	143	--  	
="002220"	天宝股份	-0.11	9.42	-0.01	9.42	9.43	75727	997	0.42	          1.94	9.43	9.61	9.26	9.43	    25.42	70994088	  0.65	食品	辽宁	3.71	9.38	41948	33778	  1.24	450	290	--  	
="002007"	华兰生物	-0.11	37.63	-0.04	37.63	37.75	97043	1145	-0.58	          1.68	37.37	38.15	36.94	37.67	    38.82	364206976	  0.77	生物制药	河南	3.21	37.53	49329	47713	  1.03	73	8	--  	
="000001"	平安银行	-0.15	13.10	-0.02	13.09	13.10	3997530	13904	0.00	          4.06	13.12	13.89	12.71	13.12	     7.15	5328330240	  1.17	银行	深圳	8.99	13.33	1932880	2064650	  0.94	4586	3142	--  	
="002688"	金河生物	-0.29	16.98	-0.05	16.98	16.99	46143	492	0.11	          4.25	17.03	17.19	16.70	17.03	    44.67	77747016	  0.66	化学制药	内蒙	2.88	16.85	28946	17197	  1.68	100	326	--  	
="300145"	南方泵业	-0.31	25.80	-0.08	25.70	25.81	46358	127	0.11	          2.66	25.86	26.19	24.70	25.88	    37.22	116760584	  1.91	专用机械	浙江	5.76	25.19	28388	17970	  1.58	71	5	--  	
="600036"	招商银行	-0.39	12.65	-0.05	12.63	12.64	4230861	927	0.07	          2.05	12.76	13.13	12.39	12.70	     5.22	5419273728	  1.18	银行	深圳	5.83	12.81	2129939	2100921	  1.01	752	1680	--  	
="002162"	斯米克	-0.42	9.45	-0.04	9.45	9.46	94282	1507	0.10	          2.26	9.53	9.60	9.30	9.49	   407.47	88540144	  0.72	陶瓷	上海	3.16	9.39	55559	38722	  1.43	1550	628	--  	
="300094"	国联水产	-0.49	10.25	-0.05	10.24	10.25	82612	818	0.00	          2.36	10.16	10.31	9.98	10.30	    91.20	83602136	  1.08	渔业	广东	3.20	10.12	47413	35199	  1.35	355	38	--  	
="600201"	金宇集团	-0.50	36.07	-0.18	36.06	36.10	29137	150	0.05	          1.04	36.22	36.67	35.55	36.25	    24.97	104959088	  1.03	生物制药	内蒙	3.09	36.02	15601	13535	  1.15	30	10	--  	
="000564"	西安民生	-0.50	5.99	-0.03	5.99	6.00	122093	704	0.00	          3.64	6.02	6.03	5.90	6.02	    39.14	72882384	  0.69	百货	陕西	2.16	5.97	71339	50754	  1.41	137	4284	--  	
="600068"	葛洲坝	-0.50	5.95	-0.03	5.94	5.95	1337999	359	0.16	          3.84	6.00	6.10	5.83	5.98	    11.79	799843584	  1.00	建筑施工	湖北	4.52	5.98	631895	706104	  0.89	1674	5599	--  	
="000900"	现代投资	-0.59	6.76	-0.04	6.76	6.77	248993	1317	0.00	          2.46	6.80	6.87	6.71	6.80	    17.59	168631504	  0.87	路桥	湖南	2.35	6.77	144597	104396	  1.39	1175	1398	--  	
="002302"	西部建设	-0.59	15.16	-0.09	15.15	15.16	108681	951	0.00	          4.01	15.25	15.25	14.85	15.25	    34.41	163573472	  0.84	水泥	新疆	2.62	15.05	63672	45008	  1.41	362	129	--  	
="601058"	赛轮股份	-0.66	18.19	-0.12	18.18	18.19	42630	30	0.00	          1.13	18.40	18.40	17.57	18.31	    23.98	76613024	  0.91	汽车配件	山东	4.53	17.97	26385	16245	  1.62	99	176	--  	
="000750"	国海证券	-0.77	15.52	-0.12	15.52	15.53	2496849	16643	-0.25	         12.37	15.55	16.85	15.06	15.64	    57.78	3986576384	  1.18	证券	广西	11.45	15.97	1184724	1312124	  0.90	11607	2399	--  	
="300083"	劲胜精密	-1.02	25.19	-0.26	25.19	25.20	55849	98	-0.03	          6.36	25.40	25.40	24.40	25.45	   122.65	138533584	  1.04	元器件	广东	3.93	24.80	33119	22730	  1.46	95	152	--  	
="600223"	鲁商置业	-1.06	5.60	-0.06	5.60	5.61	262164	241	0.00	          2.62	5.66	5.88	5.49	5.66	    33.95	148873104	  1.55	区域地产	山东	6.89	5.68	164247	97916	  1.68	327	502	--  	
="000993"	闽东电力	-1.10	9.88	-0.11	9.88	9.89	48129	440	0.00	          1.29	10.00	10.03	9.77	9.99	    31.35	47496624	  0.75	水力发电	福建	2.60	9.87	28516	19612	  1.45	237	1216	--  	
="600731"	湖南海利	-1.17	9.27	-0.11	9.27	9.29	61826	12	0.43	          2.42	9.38	9.53	9.06	9.38	   577.97	57290456	  1.38	农药化肥	湖南	5.01	9.27	36722	25104	  1.46	92	178	--  	
="000021"	长城开发	-1.22	8.09	-0.10	8.09	8.10	395693	2965	0.37	          2.69	8.16	8.17	7.98	8.19	    65.08	318732128	  0.90	电脑设备	深圳	2.32	8.06	207391	188301	  1.10	1829	2379	--  	
="002075"	沙钢股份	-1.24	5.59	-0.07	5.59	5.60	449648	5007	0.35	          2.85	5.65	5.87	5.50	5.66	   126.28	254793152	  1.26	特钢	江苏	6.54	5.67	256178	193469	  1.32	23645	1959	--  	
="002557"	洽洽食品	-1.26	21.14	-0.27	21.13	21.14	65483	778	0.33	          1.94	21.57	21.57	20.88	21.41	    25.95	138196288	  0.56	食品	安徽	3.22	21.10	41182	24301	  1.69	275	103	--  	
="000605"	渤海股份	-1.30	19.01	-0.25	19.01	19.02	23579	116	0.05	          2.67	19.50	19.55	18.78	19.26	    94.52	44881764	  1.26	水务	北京	4.00	19.03	13545	10034	  1.35	18	101	--  	
="601288"	农业银行	-1.35	2.92	-0.04	2.92	2.93	12151751	3768	0.00	          0.43	2.97	3.04	2.87	2.96	     4.67	3592873472	  1.29	银行	北京	5.74	2.96	5529829	6621922	  0.84	620	19074	--  	
="600873"	梅花生物	-1.36	6.52	-0.09	6.51	6.53	481640	411	0.00	          1.55	6.55	6.64	6.42	6.61	    56.03	312631840	  1.06	食品	西藏	3.33	6.49	265853	215787	  1.23	265	728	--  	
="600400"	红豆股份	-1.44	6.15	-0.09	6.15	6.16	252634	9	0.49	          4.51	6.24	6.24	5.92	6.24	   111.55	153901008	  1.67	服饰	江苏	5.13	6.09	159025	93609	  1.70	200	697	--  	
="600783"	鲁信创投	-1.64	23.34	-0.39	23.34	23.35	466775	48	-0.55	          6.27	24.08	24.91	22.90	23.73	    40.84	1117762048	  1.29	矿物制品	山东	8.47	23.95	230669	236106	  0.98	369	102	--  	
="601166"	兴业银行	-1.67	12.38	-0.21	12.39	12.40	7273342	415	0.00	          4.50	12.62	13.00	12.22	12.59	     4.62	9187549184	  1.23	银行	福建	6.20	12.63	3684696	3588645	  1.03	3105	15905	--  	
="000089"	深圳机场	-1.72	5.71	-0.10	5.71	5.72	283895	1699	0.17	          1.68	5.77	5.86	5.59	5.81	    37.76	162749024	  1.12	机场	深圳	4.65	5.73	184843	99052	  1.87	1543	2690	--  	
="601398"	工商银行	-1.91	4.10	-0.08	4.09	4.10	6488923	2089	0.00	          0.25	4.16	4.26	4.08	4.18	     4.90	2697790464	  1.19	银行	北京	4.31	4.16	3140573	3348349	  0.94	16982	859	--  	
="002271"	东方雨虹	-2.19	32.23	-0.72	32.23	32.25	56696	422	0.09	          2.60	32.94	32.94	31.46	32.95	    23.46	182297680	  0.83	其他建材	北京	4.49	32.15	32774	23921	  1.37	94	32	--  	
="600000"	浦发银行	-2.25	12.58	-0.29	12.58	12.60	7305615	485	-0.07	          4.90	12.84	13.29	12.32	12.87	     5.06	9380076544	  1.25	银行	上海	7.54	12.84	3637443	3668171	  0.99	2108	5498	--  	
="002011"	盾安环境	-2.28	10.72	-0.25	10.71	10.72	455705	1429	0.09	          5.44	10.97	11.05	10.53	10.97	    59.27	489910400	  1.05	工程机械	浙江	4.74	10.75	273984	181720	  1.51	3322	2012	--  	
="002142"	宁波银行	-2.37	13.61	-0.33	13.61	13.62	1204579	7204	0.00	          4.19	13.80	14.26	13.39	13.94	     7.24	1672294912	  1.07	银行	浙江	6.24	13.88	622139	582439	  1.07	932	772	--  	
="300289"	利德曼	-2.51	34.89	-0.90	34.88	34.89	26532	160	0.20	          4.76	35.98	35.98	34.38	35.79	    62.53	92648104	  1.29	生物制药	北京	4.47	34.92	15869	10662	  1.49	81	49	--  	
="601939"	建设银行	-2.56	4.94	-0.13	4.94	4.95	4896123	1561	0.00	          5.10	5.11	5.20	4.88	5.07	     4.87	2477979136	  1.33	银行	北京	6.31	5.06	2561484	2334638	  1.10	921	6633	--  	
="600015"	华夏银行	-2.59	10.89	-0.29	10.90	10.91	3689159	32	-0.09	          5.69	11.18	11.70	10.70	11.18	     5.52	4128460800	  1.26	银行	北京	8.94	11.19	1758766	1930392	  0.91	455	5758	--  	
="601601"	中国太保	-2.61	24.24	-0.65	24.19	24.20	1321609	46	-0.04	          2.10	24.99	26.16	24.05	24.89	    18.39	3319894528	  1.27	保险	上海	8.48	25.12	673095	648514	  1.04	91	446	--  	
="002315"	焦点科技	-3.51	62.72	-2.28	62.61	62.72	42406	263	0.81	          7.04	64.40	64.70	60.50	65.00	    58.93	263806688	  0.99	互联网	江苏	6.46	62.21	22687	19719	  1.15	6	79	--  	
="601998"	中信银行	-3.60	6.43	-0.24	6.44	6.45	3551178	211	-0.92	          1.11	6.60	6.85	6.37	6.67	     6.99	2351961600	  1.06	银行	北京	7.20	6.62	1728476	1822702	  0.95	800	801	--  	
="601988"	中国银行	-4.21	3.41	-0.15	3.40	3.41	18009458	2446	0.29	          0.92	3.50	3.58	3.36	3.56	     6.23	6253702656	  2.00	银行	北京	6.18	3.47	6897852	11111606	  0.62	30769	18150	--  	
数据来源:通达信
