代码	名称	涨幅%%	现价	涨跌	买价	卖价	总量	现量	涨速%%	换手%%	今开	最高	最低	昨收	市盈(动)	总金额	量比	细分行业	地区	振幅%%	均价	内盘	外盘	内外比	买量	卖量	未匹配量	流通股本	
="000507"	珠海港	9.09	7.68	0.64	7.67	7.68	1031013	11933	          0.26	         13.35	7.05	7.74	6.95	7.04	--  	764577920	  1.31	港口	广东	11.22	7.42	426398	604615	  0.71	1658	5891	--  	      77214.38	
="000088"	盐 田 港	7.63	8.61	0.61	8.61	8.62	748797	13641	          0.93	          3.86	8.01	8.66	7.90	8.00	    36.35	625971776	  1.63	港口	深圳	 9.50	8.36	320556	428241	  0.75	927	2745	--  	     194212.78	
="002531"	天顺风能	7.36	15.02	1.03	15.02	15.03	125600	815	          0.00	          3.06	13.98	15.39	13.98	13.99	    33.16	188221648	  5.51	电气设备	江苏	10.08	14.99	59948	65652	  0.91	1469	287	--  	      41060.92	
="600483"	福能股份	5.35	10.43	0.53	10.40	10.42	122698	15	         -0.09	          4.25	9.99	10.49	9.86	9.90	    18.29	126541840	  1.07	火力发电	福建	 6.36	10.31	43379	79319	  0.55	99	677	--  	      28848.36	
="600897"	厦门空港	5.10	22.27	1.08	22.26	22.28	108930	41	          0.49	          3.66	21.18	22.87	21.00	21.19	    13.76	238320192	  2.02	机场	福建	 8.82	21.88	44544	64386	  0.69	36	12	--  	      29781.00	
="600083"	博信股份	5.06	11.21	0.54	11.21	11.22	38077	4	          0.08	          1.68	10.71	11.26	10.65	10.67	   609.99	41971016	  1.05	元器件	广东	 5.72	11.02	13606	24471	  0.56	288	487	--  	      22598.08	
="600153"	建发股份	4.61	7.94	0.35	7.94	7.95	1100902	44	          0.37	          3.88	7.62	7.97	7.58	7.59	    10.73	857079616	  1.88	商贸代理	福建	 5.14	7.79	444122	656780	  0.68	961	6129	--  	     283520.06	
="000016"	深康佳Ａ	4.58	6.40	0.28	6.40	6.41	201151	2343	          0.15	          3.35	6.12	6.47	6.10	6.12	   121.46	127522264	  1.18	家用电器	深圳	 6.05	6.34	73524	127627	  0.58	319	874	--  	      59991.50	
="600683"	京投银泰	4.43	6.36	0.27	6.35	6.36	134914	30	          0.47	          1.82	6.05	6.45	6.00	6.09	--  	84360056	  1.93	区域地产	浙江	 7.39	6.25	53018	81896	  0.65	754	338	--  	      74077.75	
="002470"	金正大	4.32	27.75	1.15	27.75	27.76	67138	1013	          0.21	          1.13	26.57	27.97	26.57	26.60	    17.88	184517152	  1.25	农药化肥	山东	 5.26	27.48	24743	42395	  0.58	19	32	--  	      59254.00	
="600082"	海泰发展	4.29	6.80	0.28	6.79	6.80	332060	57	          0.14	          5.27	6.50	6.86	6.47	6.52	    60.15	222156816	  1.42	园区开发	天津	 5.98	6.69	137234	194826	  0.70	174	2868	--  	      62998.89	
="601137"	博威合金	3.48	21.12	0.71	21.10	21.11	75014	127	          0.38	          3.49	20.18	21.15	19.60	20.41	    67.12	154062960	  1.35	铜	浙江	 7.59	20.54	17816	57198	  0.31	26	35	--  	      21500.00	
="600875"	东方电气	3.35	16.68	0.54	16.67	16.68	407102	5	         -0.05	          2.45	16.15	16.83	16.05	16.14	    23.01	673113536	  1.10	电气设备	四川	 4.83	16.53	180995	226107	  0.80	30	212	--  	     166386.00	
="000701"	厦门信达	3.33	12.40	0.40	12.40	12.41	121980	1731	          0.08	          5.08	12.12	12.50	12.04	12.00	    43.67	149936768	  2.13	综合类	福建	 3.83	12.29	60298	61682	  0.98	551	760	--  	      24024.32	
="000632"	三木集团	3.28	6.61	0.21	6.61	6.62	166985	1313	          0.00	          3.59	6.37	6.68	6.34	6.40	   406.86	109375832	  1.48	综合类	福建	 5.31	6.55	76030	90955	  0.84	589	1447	--  	      46505.91	
="000897"	津滨发展	3.10	6.98	0.21	6.98	6.99	1092366	23707	          0.14	          6.76	6.70	7.03	6.65	6.77	   372.91	749186560	  1.55	区域地产	天津	 5.61	6.86	449531	642835	  0.70	255	9769	--  	     161708.06	
="600615"	丰华股份	3.05	13.84	0.41	13.85	13.86	97150	62	          0.14	          5.18	13.34	14.10	13.32	13.43	   178.49	133619440	  2.26	区域地产	上海	 5.81	13.75	46482	50668	  0.92	138	172	--  	      18762.44	
="600802"	福建水泥	2.97	8.32	0.24	8.31	8.32	115054	5	          0.24	          3.01	8.08	8.35	8.07	8.08	--  	94589008	  0.96	水泥	福建	 3.47	8.22	48287	66767	  0.72	1798	20	--  	      38187.37	
="002700"	新疆浩源	2.65	24.79	0.64	24.78	24.79	56245	1069	          0.04	          5.88	24.15	24.90	24.01	24.15	    55.75	138001744	  0.89	供气供热	新疆	 3.69	24.54	25557	30688	  0.83	176	103	--  	       9564.16	
="000672"	上峰水泥	2.51	7.76	0.19	7.76	7.77	120852	1915	          0.12	          5.74	7.82	8.17	7.72	7.57	    15.70	95282816	  1.89	水泥	甘肃	 5.94	7.88	55630	65222	  0.85	504	1011	--  	      21069.01	
="600120"	浙江东方	2.14	17.18	0.36	17.15	17.17	180115	32	          0.29	          3.56	16.78	17.50	16.65	16.82	    16.05	309748800	  0.87	商贸代理	浙江	 5.05	17.20	74500	105615	  0.71	310	269	--  	      50547.33	
="600354"	敦煌种业	1.96	8.31	0.16	8.31	8.32	190372	84	          0.12	          4.25	8.14	8.35	8.02	8.15	--  	156882656	  0.61	种植业	甘肃	 4.05	8.24	89657	100715	  0.89	42	981	--  	      44780.21	
="600196"	复星医药	1.96	19.78	0.38	19.77	19.78	437870	23	          0.00	          2.30	19.40	19.80	19.24	19.40	    21.78	858543936	  1.48	化学制药	上海	 2.89	19.61	187514	250356	  0.75	308	499	--  	     190439.23	
="600033"	福建高速	1.90	3.21	0.06	3.20	3.21	570758	58	          0.31	          2.08	3.12	3.24	3.11	3.15	    13.23	181311856	  1.12	路桥	福建	 4.13	3.18	220892	349866	  0.63	5855	8179	--  	     274440.00	
="002612"	朗姿股份	1.86	22.95	0.42	22.95	22.96	14159	111	          0.08	          1.36	22.50	22.98	22.48	22.53	    39.09	32164872	  0.86	服饰	北京	 2.22	22.72	7818	6341	  1.23	38	134	--  	      10446.15	
="002676"	顺威股份	1.60	17.76	0.28	17.75	17.76	11447	206	          0.11	          2.68	17.46	17.83	17.46	17.48	    54.10	20268428	  0.53	塑料	广东	 2.12	17.71	6121	5326	  1.15	98	104	--  	       4275.22	
="000902"	新洋丰	1.60	13.97	0.22	13.96	13.97	32890	272	          0.00	          1.27	13.79	14.04	13.76	13.75	    14.65	45756212	  0.62	农药化肥	湖北	 2.04	13.91	10434	22456	  0.46	475	59	--  	      25800.00	
="002588"	史丹利	1.53	31.88	0.48	31.85	31.88	17106	256	          0.12	          1.04	31.11	31.97	31.11	31.40	    16.53	54225372	  0.76	农药化肥	山东	 2.74	31.70	7389	9717	  0.76	11	19	--  	      16462.27	
="000601"	韶能股份	1.50	6.77	0.10	6.77	6.78	181278	2367	          0.14	          1.82	6.70	6.80	6.51	6.67	    20.65	120605280	  0.41	火力发电	广东	 4.35	6.65	87592	93686	  0.93	579	2156	--  	      99398.67	
="601058"	赛轮股份	1.49	17.66	0.26	17.60	17.65	38740	79	          0.62	          1.02	17.21	17.70	17.21	17.40	    19.89	67880376	  0.87	汽车配件	山东	 2.82	17.52	19421	19319	  1.01	382	41	--  	      37800.00	
="000966"	长源电力	1.49	9.51	0.14	9.51	9.52	49725	1361	          0.21	          0.90	9.43	9.51	9.33	9.37	     6.36	46893040	  0.64	火力发电	湖北	 1.92	9.43	25865	23860	  1.08	634	574	--  	      55414.19	
="600481"	双良节能	1.37	11.08	0.15	11.08	11.09	100673	32	          0.27	          1.24	10.98	11.08	10.90	10.93	    28.21	110546584	  0.62	化工原料	江苏	 1.65	10.98	54896	45777	  1.20	57	897	--  	      81010.45	
="600098"	广州发展	1.29	6.30	0.08	6.31	6.32	208802	24	          0.15	          0.86	6.23	6.32	6.10	6.22	    12.77	129252448	  0.60	火力发电	广东	 3.54	6.19	114484	94318	  1.21	82	319	--  	     243737.45	
="300117"	嘉寓股份	1.23	7.42	0.09	7.42	7.43	51515	122	          0.00	          1.58	7.35	7.49	7.31	7.33	    41.36	38246036	  1.28	装修装饰	北京	 2.46	7.42	23917	27598	  0.87	848	352	--  	      32580.00	
="000926"	福星股份	1.10	8.29	0.09	8.29	8.30	258358	3357	          0.24	          4.89	8.19	8.44	8.18	8.20	     7.64	215113488	  1.18	区域地产	湖北	 3.17	8.33	139005	119353	  1.16	663	1357	--  	      52853.94	
="600845"	宝信软件	1.03	35.20	0.36	35.16	35.20	6036	3	          0.14	          0.27	35.15	35.88	34.99	34.84	    46.71	21395020	  0.70	软件服务	上海	 2.55	35.44	3045	2991	  1.02	16	4	--  	      22651.73	
="002294"	信立泰	1.02	35.54	0.36	35.54	35.55	27633	148	          0.28	          0.96	35.11	35.90	35.11	35.18	    23.19	98351896	  0.69	化学制药	深圳	 2.25	35.59	13834	13799	  1.00	273	75	--  	      28698.46	
="000089"	深圳机场	1.00	5.05	0.05	5.04	5.05	107133	563	          0.39	          0.63	5.00	5.09	4.95	5.00	    33.40	53661688	  0.71	机场	深圳	 2.80	5.01	53515	53618	  1.00	139	1068	--  	     169169.27	
="601313"	江南嘉捷	1.00	11.13	0.11	11.12	11.14	48891	20	          0.27	          1.82	11.00	11.32	10.98	11.02	    20.50	54798928	  1.21	运输设备	江苏	 3.09	11.21	26584	22307	  1.19	121	51	--  	      26852.53	
="300019"	硅宝科技	0.94	18.25	0.17	18.19	18.25	39260	284	          0.38	          3.65	18.28	19.08	18.00	18.08	    37.84	73088680	  2.24	化工原料	四川	 5.97	18.62	15792	23468	  0.67	84	58	--  	      10745.41	
="300094"	国联水产	0.92	9.88	0.09	9.87	9.88	56956	1577	          0.20	          1.62	9.65	9.93	9.65	9.79	    87.91	56001120	  1.16	渔业	广东	 2.86	9.83	27808	29148	  0.95	188	299	--  	      35072.21	
="601919"	中国远洋	0.86	4.71	0.04	4.69	4.70	403372	381	          0.21	          0.53	4.67	4.77	4.62	4.67	--  	189530224	  0.57	水运	天津	 3.21	4.70	190203	213169	  0.89	11098	21	--  	     763567.44	
="600720"	祁连山	0.84	8.42	0.07	8.41	8.42	193035	26	          0.11	          2.49	8.36	8.53	8.35	8.35	     7.72	163011904	  0.55	水泥	甘肃	 2.16	8.44	105855	87180	  1.21	295	82	--  	      77616.27	
="000623"	吉林敖东	0.82	23.45	0.19	23.45	23.46	286328	1946	          0.04	          3.63	23.28	23.89	23.15	23.26	    17.21	675263872	  0.92	中成药	吉林	 3.18	23.58	136910	149418	  0.92	1040	2461	--  	      78904.07	
="600736"	苏州高新	0.80	5.06	0.04	5.05	5.06	237909	500	          0.19	          2.25	4.99	5.15	4.94	5.02	    39.07	120337368	  1.15	园区开发	江苏	 4.18	5.06	119877	118032	  1.02	1797	1000	--  	     105788.15	
="000752"	西藏发展	0.77	14.44	0.11	14.43	14.44	56108	852	          0.06	          2.13	14.30	14.48	14.23	14.33	   210.54	80595144	  0.66	啤酒	西藏	 1.74	14.36	28385	27723	  1.02	184	447	--  	      26375.01	
="600764"	中电广通	0.75	9.42	0.07	9.40	9.41	43902	5	          0.10	          1.33	9.35	9.50	9.24	9.35	   504.42	41077432	  0.88	通信设备	北京	 2.78	9.36	23601	20301	  1.16	169	5	--  	      32972.69	
="600881"	亚泰集团	0.68	5.89	0.04	5.88	5.89	306552	310	          0.00	          1.62	5.81	6.07	5.80	5.85	    52.16	182497408	  0.60	水泥	吉林	 4.62	5.95	146687	159865	  0.92	1142	466	--  	     189473.20	
="000605"	渤海股份	0.67	17.97	0.12	17.96	17.97	11233	194	          0.11	          1.27	17.80	18.17	17.77	17.85	    89.35	20150414	  0.34	水务	北京	 2.24	17.94	5827	5406	  1.08	3	286	--  	       8842.98	
="000652"	泰达股份	0.66	6.11	0.04	6.10	6.11	296647	8913	          0.16	          2.02	6.06	6.14	5.99	6.07	--  	180076624	  0.79	综合类	天津	 2.47	6.07	155839	140808	  1.11	4614	1228	--  	     146567.00	
="300002"	神州泰岳	0.66	15.32	0.10	15.32	15.33	194065	1474	         -0.06	          2.67	15.20	15.67	15.13	15.22	    41.62	299214048	  1.04	软件服务	北京	 3.55	15.42	91269	102796	  0.89	188	140	--  	      72615.95	
="600400"	红豆股份	0.66	6.14	0.04	6.13	6.14	102391	6	          0.16	          1.83	6.08	6.26	6.08	6.10	   111.37	63184084	  0.53	服饰	江苏	 2.95	6.17	47174	55217	  0.85	311	11	--  	      56039.96	
="002271"	东方雨虹	0.47	28.04	0.13	28.04	28.05	13996	339	          0.07	          0.64	27.91	28.21	27.80	27.91	    20.41	39104980	  0.45	其他建材	北京	 1.47	27.94	5966	8030	  0.74	47	183	--  	      21825.31	
="002563"	森马服饰	0.37	37.50	0.14	37.40	37.50	5718	295	         -0.02	          0.82	37.36	37.78	37.20	37.36	    28.07	21387294	  0.46	服饰	浙江	 1.55	37.40	2855	2863	  1.00	1	44	--  	       7000.00	
="000900"	现代投资	0.32	6.33	0.02	6.32	6.33	107784	1655	          0.31	          1.07	6.30	6.34	6.23	6.31	    16.47	67830200	  0.38	路桥	湖南	 1.74	6.29	59012	48772	  1.21	399	1386	--  	     101128.75	
="600162"	香江控股	0.30	6.58	0.02	6.58	6.59	438228	28	          0.15	          5.71	6.51	6.64	6.43	6.56	    15.41	287117120	  0.91	全国地产	深圳	 3.20	6.55	220457	217771	  1.01	656	1101	--  	      76781.27	
="600291"	西水股份	0.30	13.40	0.04	13.39	13.40	58287	2	          0.00	          1.52	13.36	13.66	13.26	13.36	    16.80	78563528	  0.65	水泥	内蒙	 2.99	13.48	25743	32544	  0.79	153	655	--  	      38400.00	
="000543"	皖能电力	0.24	8.29	0.02	8.28	8.29	97677	840	          0.12	          0.95	8.23	8.32	8.22	8.27	     9.23	80773760	  0.43	火力发电	安徽	 1.21	8.27	45406	52271	  0.87	15	165	--  	     102515.75	
="300083"	劲胜精密	0.24	25.06	0.06	25.06	25.08	35268	502	          0.52	          4.01	25.10	25.55	24.63	25.00	   122.01	87927712	  0.84	元器件	广东	 3.68	24.93	18396	16872	  1.09	767	71	--  	       8787.37	
="600337"	美克家居	0.23	8.90	0.02	8.90	8.91	43768	11	          0.11	          0.69	8.93	9.00	8.81	8.88	    28.98	38947536	  0.74	家居用品	新疆	 2.14	8.90	23132	20636	  1.12	217	901	--  	      63833.23	
="002497"	雅化集团	0.14	13.97	0.02	13.97	13.98	54088	1089	          0.14	          1.61	13.95	14.09	13.74	13.95	    30.33	75434264	  0.88	化工原料	四川	 2.51	13.95	23404	30684	  0.76	224	283	--  	      33596.80	
="000877"	天山股份	0.13	7.79	0.01	7.78	7.79	225003	2352	          0.12	          2.56	7.82	7.96	7.76	7.78	    16.74	176759920	  0.63	水泥	新疆	 2.57	7.86	120438	104565	  1.15	1561	3938	--  	      88001.99	
="002162"	斯米克	0.12	8.69	0.01	8.68	8.69	85895	741	          0.11	          2.05	8.70	8.76	8.52	8.68	   374.70	74215208	  0.40	陶瓷	上海	 2.76	8.64	49706	36189	  1.37	336	583	--  	      41800.00	
="600655"	豫园商城	0.09	11.08	0.01	11.06	11.07	137603	2	          0.54	          0.96	10.95	11.24	10.87	11.07	    20.46	152211088	  0.36	百货	上海	 3.34	11.06	69370	68233	  1.02	140	74	--  	     143732.20	
="002449"	国星光电	0.08	12.68	0.01	12.67	12.68	40297	412	          0.39	          1.37	12.67	12.85	12.60	12.67	    40.71	51159976	  0.43	半导体	广东	 1.97	12.70	23386	16911	  1.38	26	193	--  	      29364.30	
="000545"	金浦钛业	0.07	14.08	0.01	14.08	14.09	40239	792	         -0.07	          2.57	14.06	14.19	13.91	14.07	   117.07	56594004	  0.69	化工原料	吉林	 1.99	14.06	17675	22564	  0.78	58	120	--  	      15637.36	
="002302"	西部建设	0.07	14.36	0.01	14.35	14.36	77155	593	          0.56	          2.85	14.36	14.71	14.24	14.35	    32.59	111700112	  0.90	水泥	新疆	 3.28	14.48	39908	37247	  1.07	170	5	--  	      27091.33	
="600750"	江中药业	0.05	21.68	0.01	21.65	21.67	43459	31	          0.50	          1.45	21.50	21.74	21.23	21.67	    31.43	93509376	  0.61	中成药	江西	 2.35	21.52	22582	20877	  1.08	170	26	--  	      30000.00	
="601928"	凤凰传媒	0.00	10.61	0.00	--  	--  	0	0	          0.00	          0.00	--  	--  	--  	10.61	    27.58	0	  0.00	出版业	江苏	 0.00	10.61	0	0	--  	0	0	--  	      65788.35	
="601788"	光大证券	0.00	12.90	0.00	--  	--  	0	0	          0.00	          0.00	--  	--  	--  	12.90	    36.80	0	  0.00	证券	上海	 0.00	12.90	0	0	--  	0	0	--  	     341800.00	
="601700"	风范股份	0.00	17.58	0.00	--  	--  	0	0	          0.00	          0.00	--  	--  	--  	17.58	    35.59	0	  0.00	电气设备	江苏	 0.00	17.58	0	0	--  	0	0	--  	      23576.84	
="601007"	金陵饭店	0.00	12.09	0.00	12.08	12.09	34827	7	          0.49	          1.16	12.00	12.29	11.99	12.09	   138.32	42144660	  0.62	酒店餐饮	江苏	 2.48	12.10	17251	17576	  0.98	18	105	--  	      30000.00	
="600986"	科达股份	0.00	7.05	0.00	--  	--  	0	0	          0.00	          0.00	--  	--  	--  	7.05	    36.88	0	  0.00	建筑施工	山东	 0.00	7.05	0	0	--  	0	0	--  	      33526.96	
="600981"	汇鸿股份	0.00	4.21	0.00	--  	--  	0	0	          0.00	          0.00	--  	--  	--  	4.21	    92.48	0	  0.00	商贸代理	江苏	 0.00	4.21	0	0	--  	0	0	--  	      51610.64	
="600876"	洛阳玻璃	0.00	7.24	0.00	--  	--  	0	0	          0.00	          0.00	--  	--  	--  	7.24	   374.48	0	  0.00	玻璃	河南	 0.00	7.24	0	0	--  	0	0	--  	      25001.82	
="600792"	云煤能源	0.00	6.26	0.00	--  	--  	0	0	          0.00	          0.00	--  	--  	--  	6.26	   868.05	0	  0.00	焦炭加工	云南	 0.00	6.26	0	0	--  	0	0	--  	      95202.89	
="600749"	西藏旅游	0.00	12.18	0.00	--  	--  	0	0	          0.00	          0.00	--  	--  	--  	12.18	  1161.76	0	  0.00	旅游景点	西藏	 0.00	12.18	0	0	--  	0	0	--  	      18913.78	
="600575"	皖江物流	0.00	4.11	0.00	--  	--  	0	0	          0.00	          0.00	--  	--  	--  	4.11	--  	0	  0.00	港口	安徽	 0.00	4.11	0	0	--  	0	0	--  	     142320.00	
="600569"	安阳钢铁	0.00	2.32	0.00	--  	--  	0	0	          0.00	          0.00	--  	--  	--  	2.32	    78.40	0	  0.00	普钢	河南	 0.00	2.32	0	0	--  	0	0	--  	     239368.45	
="600517"	置信电气	0.00	12.45	0.00	--  	--  	0	0	          0.00	          0.00	--  	--  	--  	12.45	    84.39	0	  0.00	电气设备	上海	 0.00	12.45	0	0	--  	0	0	--  	     111366.89	
="600497"	驰宏锌锗	0.00	10.39	0.00	--  	--  	0	0	          0.00	          0.00	--  	--  	--  	10.39	    84.98	0	  0.00	铅锌	云南	 0.00	10.39	0	0	--  	0	0	--  	     166756.09	
="600369"	西南证券	0.00	10.54	0.00	--  	--  	0	0	          0.00	          0.00	--  	--  	--  	10.54	    25.05	0	  0.00	证券	重庆	 0.00	10.54	0	0	--  	0	0	--  	     232255.45	
="600365"	通葡股份	0.00	11.38	0.00	--  	--  	0	0	          0.00	          0.00	--  	--  	--  	11.38	  5686.21	0	  0.00	红黄药酒	吉林	 0.00	11.38	0	0	--  	0	0	--  	      14000.00	
="600318"	巢东股份	0.00	11.20	0.00	--  	--  	0	0	          0.00	          0.00	--  	--  	--  	11.20	    17.93	0	  0.00	水泥	安徽	 0.00	11.20	0	0	--  	0	0	--  	      24200.00	
="600300"	维维股份	0.00	5.65	0.00	--  	--  	0	0	          0.00	          0.00	--  	--  	--  	5.65	    83.78	0	  0.00	软饮料	江苏	 0.00	5.65	0	0	--  	0	0	--  	     167200.00	
="600275"	武昌鱼	0.00	5.33	0.00	5.32	5.33	71828	20	          0.00	          1.41	5.32	5.35	5.23	5.33	--  	37911940	  0.61	农业综合	湖北	 2.25	5.28	39561	32267	  1.23	141	743	--  	      50883.71	
="600241"	时代万恒	0.00	8.28	0.00	--  	--  	0	0	          0.00	          0.00	--  	--  	--  	8.28	--  	0	  0.00	商贸代理	辽宁	 0.00	8.28	0	0	--  	0	0	--  	      18020.00	
="600105"	永鼎股份	0.00	9.86	0.00	--  	--  	0	0	          0.00	          0.00	--  	--  	--  	9.86	    22.23	0	  0.00	通信设备	江苏	 0.00	9.86	0	0	--  	0	0	--  	      38095.46	
="600103"	青山纸业	0.00	3.66	0.00	--  	--  	0	0	          0.00	          0.00	--  	--  	--  	3.66	   601.14	0	  0.00	造纸	福建	 0.00	3.66	0	0	--  	0	0	--  	     106184.15	
="600091"	ST明科	0.00	7.02	0.00	--  	--  	0	0	          0.00	          0.00	--  	--  	--  	7.02	--  	0	  0.00	化工原料	内蒙	 0.00	7.02	0	0	--  	0	0	--  	      33652.60	
="600090"	啤酒花	0.00	8.13	0.00	--  	--  	0	0	          0.00	          0.00	--  	--  	--  	8.13	    36.46	0	  0.00	啤酒	新疆	 0.00	8.13	0	0	--  	0	0	--  	      36791.66	
="300332"	天壕节能	--  	0.00	--  	--  	--  	0	0	--  	          0.00	--  	--  	--  	14.06	    40.57	0	  0.00	环境保护	北京	 0.00	14.06	0	0	--  	0	0	--  	      22666.75	
="300313"	天山生物	--  	0.00	--  	--  	--  	0	0	--  	          0.00	--  	--  	--  	23.69	   258.62	0	  0.00	农业综合	新疆	 0.00	23.69	0	0	--  	0	0	--  	       4177.81	
="300189"	神农大丰	--  	0.00	--  	--  	--  	0	0	--  	          0.00	--  	--  	--  	7.86	--  	0	  0.00	种植业	海南	 0.00	7.86	0	0	--  	0	0	--  	      33498.87	
="300072"	三聚环保	--  	0.00	--  	--  	--  	0	0	--  	          0.00	--  	--  	--  	27.13	    36.92	0	  0.00	化工原料	北京	 0.00	27.13	0	0	--  	0	0	--  	      45855.16	
="300013"	新宁物流	--  	0.00	--  	--  	--  	0	0	--  	          0.00	--  	--  	--  	9.26	   131.57	0	  0.00	仓储物流	江苏	 0.00	9.26	0	0	--  	0	0	--  	      18000.00	
="002608"	舜天船舶	--  	0.00	--  	--  	--  	0	0	--  	          0.00	--  	--  	--  	12.79	    86.27	0	  0.00	船舶	江苏	 0.00	12.79	0	0	--  	0	0	--  	      32855.16	
="002558"	世纪游轮	--  	0.00	--  	--  	--  	0	0	--  	          0.00	--  	--  	--  	31.65	   271.60	0	  0.00	旅游服务	重庆	 0.00	31.65	0	0	--  	0	0	--  	       3244.39	
="002534"	杭锅股份	--  	0.00	--  	--  	--  	0	0	--  	          0.00	--  	--  	--  	19.00	    58.39	0	  0.00	专用机械	浙江	 0.00	19.00	0	0	--  	0	0	--  	      39168.26	
="002529"	海源机械	--  	0.00	--  	--  	--  	0	0	--  	          0.00	--  	--  	--  	15.03	--  	0	  0.00	专用机械	福建	 0.00	15.03	0	0	--  	0	0	--  	      15608.25	
="002509"	天广消防	--  	0.00	--  	--  	--  	0	0	--  	          0.00	--  	--  	--  	12.27	    51.77	0	  0.00	专用机械	福建	 0.00	12.27	0	0	--  	0	0	--  	      23109.89	
="002485"	希努尔	--  	0.00	--  	--  	--  	0	0	--  	          0.00	--  	--  	--  	10.13	--  	0	  0.00	服饰	山东	 0.00	10.13	0	0	--  	0	0	--  	      32000.00	
="002426"	胜利精密	--  	0.00	--  	--  	--  	0	0	--  	          0.00	--  	--  	--  	11.26	    68.41	0	  0.00	元器件	江苏	 0.00	11.26	0	0	--  	0	0	--  	      35306.58	
="002324"	普利特	--  	0.00	--  	--  	--  	0	0	--  	          0.00	--  	--  	--  	19.90	    26.33	0	  0.00	塑料	上海	 0.00	19.90	0	0	--  	0	0	--  	      15582.66	
="002323"	中联电气	--  	0.00	--  	--  	--  	0	0	--  	          0.00	--  	--  	--  	21.95	   130.92	0	  0.00	电气设备	江苏	 0.00	21.95	0	0	--  	0	0	--  	       8350.16	
="002220"	天宝股份	--  	0.00	--  	--  	--  	0	0	--  	          0.00	--  	--  	--  	8.18	    22.08	0	  0.00	食品	辽宁	 0.00	8.18	0	0	--  	0	0	--  	      38948.12	
="002103"	广博股份	--  	0.00	--  	--  	--  	0	0	--  	          0.00	--  	--  	--  	10.18	   172.72	0	  0.00	文教休闲	浙江	 0.00	10.18	0	0	--  	0	0	--  	      17095.44	
="002073"	软控股份	0.00	12.77	0.00	12.77	12.78	108419	1011	          0.15	          1.75	12.77	12.91	12.68	12.77	    58.88	138350080	  0.47	软件服务	山东	 1.80	12.76	60057	48362	  1.24	164	560	--  	      61879.48	
="002044"	江苏三友	--  	0.00	--  	--  	--  	0	0	--  	          0.00	--  	--  	--  	10.04	    43.13	0	  0.00	服饰	江苏	 0.00	10.04	0	0	--  	0	0	--  	      22410.00	
="002035"	华帝股份	0.00	13.00	0.00	12.98	13.00	20805	153	          0.00	          0.70	12.95	13.09	12.92	13.00	    17.33	27042308	  0.34	家用电器	广东	 1.31	13.00	10680	10125	  1.05	3	45	--  	      29677.21	
="002013"	中航机电	--  	0.00	--  	--  	--  	0	0	--  	          0.00	--  	--  	--  	22.15	    51.08	0	  0.00	汽车配件	湖北	 0.00	22.15	0	0	--  	0	0	--  	      29285.81	
="002009"	天奇股份	--  	0.00	--  	--  	--  	0	0	--  	          0.00	--  	--  	--  	16.30	    47.89	0	  0.00	工程机械	江苏	 0.00	16.30	0	0	--  	0	0	--  	      25991.22	
="002006"	*ST精功	--  	0.00	--  	--  	--  	0	0	--  	          0.00	--  	--  	--  	8.75	--  	0	  0.00	工程机械	浙江	 0.00	8.75	0	0	--  	0	0	--  	      43677.89	
="000920"	南方汇通	--  	0.00	--  	--  	--  	0	0	--  	          0.00	--  	--  	--  	13.23	    31.50	0	  0.00	运输设备	贵州	 0.00	13.23	0	0	--  	0	0	--  	      42200.00	
="000796"	易食股份	--  	0.00	--  	--  	--  	0	0	--  	          0.00	--  	--  	--  	7.23	    95.94	0	  0.00	食品	陕西	 0.00	7.23	0	0	--  	0	0	--  	      24652.30	
="000795"	太原刚玉	--  	0.00	--  	--  	--  	0	0	--  	          0.00	--  	--  	--  	10.92	--  	0	  0.00	矿物制品	山西	 0.00	10.92	0	0	--  	0	0	--  	      27679.44	
="000776"	广发证券	--  	0.00	--  	--  	--  	0	0	--  	          0.00	--  	--  	--  	13.47	    19.67	0	  0.00	证券	广东	 0.00	13.47	0	0	--  	0	0	--  	     591929.13	
="000710"	天兴仪表	--  	0.00	--  	--  	--  	0	0	--  	          0.00	--  	--  	--  	13.60	--  	0	  0.00	汽车配件	四川	 0.00	13.60	0	0	--  	0	0	--  	      15120.00	
="000627"	天茂集团	--  	0.00	--  	--  	--  	0	0	--  	          0.00	--  	--  	--  	4.10	    28.37	0	  0.00	化工原料	湖北	 0.00	4.10	0	0	--  	0	0	--  	     135358.98	
="000533"	万 家 乐	--  	0.00	--  	--  	--  	0	0	--  	          0.00	--  	--  	--  	5.97	    35.25	0	  0.00	家用电器	广东	 0.00	5.97	0	0	--  	0	0	--  	      68487.71	
="000528"	柳    工	0.00	7.98	0.00	7.98	7.99	269109	1021	          0.12	          2.39	8.00	8.06	7.85	7.98	    37.53	214446368	  0.73	工程机械	广西	 2.63	7.97	141901	127208	  1.12	2585	2893	--  	     112508.84	
="000525"	红 太 阳	--  	0.00	--  	--  	--  	0	0	--  	          0.00	--  	--  	--  	15.92	    15.22	0	  0.00	农药化肥	江苏	 0.00	15.92	0	0	--  	0	0	--  	      50698.30	
="000498"	山东路桥	--  	0.00	--  	--  	--  	0	0	--  	          0.00	--  	--  	--  	4.64	    27.67	0	  0.00	建筑施工	山东	 0.00	4.64	0	0	--  	0	0	--  	      35417.01	
="000415"	渤海租赁	--  	0.00	--  	--  	--  	0	0	--  	          0.00	--  	--  	--  	10.28	    19.57	0	  0.00	多元金融	新疆	 0.00	10.28	0	0	--  	0	0	--  	     126917.42	
="002687"	乔治白	-0.09	11.69	-0.01	11.69	11.70	11068	205	         -0.08	          1.59	11.71	11.74	11.60	11.70	    41.60	12906532	  0.45	服饰	浙江	 1.20	11.66	5643	5425	  1.04	36	191	--  	       6961.27	
="000816"	江淮动力	-0.14	7.09	-0.01	7.09	7.10	159748	3255	          0.14	          1.47	7.18	7.23	6.98	7.10	   179.08	113053952	  0.44	机械基件	江苏	 3.52	7.08	93823	65925	  1.42	811	1175	--  	     108877.75	
="600380"	健康元	-0.14	7.01	-0.01	7.00	7.01	125685	5	          0.14	          0.81	7.02	7.08	6.90	7.02	    26.81	87863992	  0.95	化学制药	深圳	 2.56	6.99	68370	57315	  1.19	737	1791	--  	     154583.59	
="600635"	大众公用	-0.16	6.14	-0.01	6.14	6.15	195805	28	          0.16	          1.19	6.13	6.26	6.10	6.15	    37.55	120726360	  0.43	供气供热	上海	 2.60	6.17	102792	93013	  1.11	472	219	--  	     164486.98	
="600985"	雷鸣科化	-0.18	16.89	-0.03	16.84	16.88	16160	10	          0.47	          1.25	16.92	16.99	16.63	16.92	    24.37	27094688	  0.71	化工原料	安徽	 2.13	16.77	9264	6896	  1.34	10	6	--  	      12960.00	
="600532"	宏达矿业	-0.19	10.78	-0.02	10.77	10.78	29383	15	          0.18	          1.78	10.75	10.84	10.66	10.80	    27.38	31578808	  0.39	普钢	山东	 1.67	10.75	14290	15093	  0.95	9	68	--  	      16510.25	
="601901"	方正证券	-0.29	6.93	-0.02	6.92	6.93	1253152	16	          0.14	          2.05	6.91	7.02	6.89	6.95	    28.87	870591616	  0.36	证券	湖南	 1.87	6.95	604200	648952	  0.93	4936	3453	--  	     610000.00	
="300138"	晨光生物	-0.34	11.81	-0.04	11.80	11.81	16960	62	          0.08	          1.35	11.84	11.99	11.71	11.85	   124.23	20054062	  0.53	食品	河北	 2.36	11.82	8718	8242	  1.06	161	30	--  	      12608.41	
="002606"	大连电瓷	-0.34	17.47	-0.06	17.47	17.48	85193	1171	          0.05	          7.07	17.52	17.61	17.18	17.53	   158.47	148284288	  0.76	电气设备	辽宁	 2.45	17.41	43118	42075	  1.02	62	47	--  	      12050.00	
="000750"	国海证券	-0.37	10.84	-0.04	10.84	10.85	400990	9151	          0.18	          1.99	10.79	10.94	10.73	10.88	    40.35	434219136	  0.38	证券	广西	 1.93	10.83	201005	199985	  1.01	565	1548	--  	     201821.09	
="600223"	鲁商置业	-0.40	5.01	-0.02	5.01	5.02	55521	200	          0.40	          0.55	5.03	5.04	4.97	5.03	    30.37	27783242	  0.55	区域地产	山东	 1.39	5.00	32754	22767	  1.44	87	280	--  	     100096.79	
="002051"	中工国际	-0.41	24.50	-0.10	24.49	24.50	150728	3684	         -0.20	          1.97	24.88	25.65	24.50	24.60	    20.12	376642720	  0.92	建筑施工	北京	 4.67	24.99	72958	77770	  0.94	1	203	--  	      76414.59	
="600970"	中材国际	-0.48	10.30	-0.05	10.29	10.30	445195	64	         -0.09	          4.07	10.55	10.62	10.24	10.35	    17.11	464435392	  0.84	建筑施工	江苏	 3.67	10.43	245556	199639	  1.23	1326	610	--  	     109329.72	
="600058"	五矿发展	-0.50	14.06	-0.07	14.06	14.07	166237	5	          0.14	          1.55	14.08	14.43	14.00	14.13	    63.98	236178096	  0.45	商贸代理	北京	 3.04	14.21	89663	76574	  1.17	109	5	--  	     107191.07	
="601669"	中国电建	-0.50	3.99	-0.02	3.98	3.99	984064	1	          0.00	          2.98	3.99	4.02	3.94	4.01	     8.64	391405152	  0.52	建筑施工	北京	 2.00	3.98	501174	482890	  1.04	5489	6543	--  	     330000.00	
="600528"	中铁二局	-0.54	7.41	-0.04	7.41	7.42	320733	10	          0.27	          2.20	7.39	7.49	7.30	7.45	    27.20	236823216	  0.74	建筑施工	四川	 2.55	7.38	169601	151132	  1.12	648	1110	--  	     145920.00	
="000563"	陕国投Ａ	-0.57	8.72	-0.05	8.72	8.73	139814	1858	         -0.11	          1.86	8.70	8.84	8.68	8.77	    32.53	121996280	  0.38	多元金融	陕西	 1.82	8.73	80936	58878	  1.37	4391	822	--  	      75266.72	
="002557"	洽洽食品	-0.62	20.85	-0.13	20.85	20.86	9629	168	         -0.09	          0.28	20.91	21.09	20.70	20.98	    25.59	20076824	  0.25	食品	安徽	 1.86	20.85	4905	4724	  1.04	50	15	--  	      33800.00	
="002333"	罗普斯金	-0.63	14.19	-0.09	14.18	14.19	21671	123	          0.07	          0.89	14.15	14.44	14.02	14.28	    58.32	30849362	  0.79	铝	江苏	 2.94	14.23	12165	9506	  1.28	145	18	--  	      24248.49	
="600020"	中原高速	-0.64	3.11	-0.02	3.11	3.12	141706	223	          0.00	          0.63	3.13	3.14	3.08	3.13	     9.85	44000996	  0.77	路桥	河南	 1.92	3.11	91345	50361	  1.81	125	3329	--  	     224737.19	
="002007"	华兰生物	-0.71	35.04	-0.25	35.03	35.04	85825	522	          0.11	          1.49	35.29	35.50	34.48	35.29	    36.15	298685696	  0.72	生物制药	河南	 2.89	34.80	43465	42360	  1.03	64	12	--  	      57686.69	
="002673"	西部证券	-0.78	16.55	-0.13	16.54	16.55	170631	2106	          0.12	          2.48	16.55	16.87	16.30	16.68	    35.39	282961248	  0.49	证券	陕西	 3.42	16.58	86460	84171	  1.03	407	829	--  	      68761.11	
="601998"	中信银行	-0.81	4.91	-0.04	4.90	4.91	641011	17	          0.20	          0.20	4.94	4.98	4.87	4.95	     5.34	314769568	  0.47	银行	北京	 2.22	4.91	335812	305199	  1.10	4285	8470	--  	    3190516.50	
="600673"	东阳光科	-0.86	16.14	-0.14	16.13	16.14	149846	2	         -0.06	          1.82	16.19	16.63	16.12	16.28	   102.58	245259136	  0.86	铝	广东	 3.13	16.37	82588	67258	  1.23	377	72	--  	      82261.22	
="000981"	银亿股份	-0.98	12.12	-0.12	12.11	12.12	16562	200	         -0.08	          0.19	12.20	12.30	12.11	12.24	    22.21	20178410	  0.48	区域地产	甘肃	 1.55	12.18	8867	7695	  1.15	374	74	--  	      85810.52	
="600078"	澄星股份	-1.01	8.80	-0.09	8.80	8.83	81258	11	         -0.11	          1.23	8.83	9.00	8.76	8.89	   162.40	72033432	  0.69	化工原料	江苏	 2.70	8.86	40930	40328	  1.01	140	124	--  	      66257.28	
="601336"	新华保险	-1.05	28.31	-0.30	28.31	28.32	85823	1	          0.03	          0.78	28.56	29.03	28.21	28.61	    10.47	245547296	  0.42	保险	北京	 2.87	28.61	45450	40373	  1.13	11	56	--  	     110058.07	
="600086"	东方金钰	-1.11	24.04	-0.27	23.99	24.04	28575	25	          0.08	          0.81	24.39	24.42	23.90	24.31	    74.35	68804392	  0.98	服饰	湖北	 2.14	24.08	17803	10772	  1.65	5	26	--  	      35228.17	
="000725"	京东方Ａ	-1.14	2.61	-0.03	2.60	2.61	1701348	6587	          0.00	          1.48	2.62	2.64	2.59	2.64	    37.25	444942976	  0.59	元器件	北京	 1.89	2.62	1091765	609583	  1.79	40573	56811	--  	    1150574.38	
="002465"	海格通信	-1.16	17.90	-0.21	17.90	17.91	227859	1085	          0.00	          2.52	18.15	18.45	17.85	18.11	    75.29	411729760	  0.66	通信设备	广东	 3.31	18.07	116515	111344	  1.05	3481	230	--  	      90429.34	
="600375"	华菱星马	-1.17	12.69	-0.15	12.68	12.69	71608	11	          0.00	          1.44	12.85	12.89	12.66	12.84	    50.26	91277744	  0.57	汽车整车	安徽	 1.79	12.75	48005	23603	  2.03	171	200	--  	      49788.89	
="300282"	汇冠股份	-1.19	28.16	-0.34	28.15	28.16	5168	62	         -0.14	          2.19	28.70	28.75	28.14	28.50	   314.30	14658650	  0.74	电脑设备	北京	 2.14	28.36	3112	2056	  1.51	34	33	--  	       2361.06	
="600021"	上海电力	-1.23	6.42	-0.08	6.41	6.42	342875	314	          0.15	          1.60	6.50	6.50	6.30	6.50	    16.90	219271984	  0.42	火力发电	上海	 3.08	6.40	210244	132631	  1.59	543	889	--  	     213973.92	
="000100"	TCL 集团	-1.24	3.19	-0.04	3.19	3.20	1363616	21771	          0.31	          1.68	3.23	3.24	3.17	3.23	    10.19	435751616	  0.58	家用电器	广东	 2.17	3.20	742628	620988	  1.20	21956	50970	--  	     813618.25	
="000916"	华北高速	-1.26	5.49	-0.07	5.49	5.50	31464	189	          0.00	          0.29	5.57	5.57	5.45	5.56	    20.43	17321942	  0.28	路桥	北京	 2.16	5.51	20607	10857	  1.90	812	199	--  	     108997.39	
="002688"	金河生物	-1.27	17.07	-0.22	17.07	17.08	31131	299	          0.00	          2.87	17.28	17.30	17.03	17.29	    44.91	53235112	  0.62	化学制药	内蒙	 1.56	17.10	18796	12335	  1.52	186	71	--  	      10849.66	
="600336"	澳柯玛	-1.28	6.19	-0.08	6.18	6.19	149993	66	          0.00	          2.21	6.23	6.27	6.16	6.27	    34.47	92941768	  0.63	家用电器	山东	 1.75	6.20	86236	63757	  1.35	93	100	--  	      68007.20	
="300145"	南方泵业	-1.36	23.89	-0.33	23.89	23.90	16567	92	          0.37	          0.95	24.01	24.70	23.63	24.22	    34.46	40104540	  0.61	专用机械	浙江	 4.42	24.21	9621	6946	  1.39	11	30	--  	      17417.00	
="000717"	韶钢松山	-1.49	2.65	-0.04	2.65	2.66	255336	2435	         -0.37	          2.26	2.69	2.70	2.63	2.69	--  	67842824	  0.45	钢加工	广东	 2.60	2.66	159766	95570	  1.67	3197	6523	--  	     112803.64	
="000729"	燕京啤酒	-1.56	6.92	-0.11	6.92	6.93	162887	644	         -0.28	          0.65	7.00	7.02	6.91	7.03	    15.92	113457448	  0.52	啤酒	北京	 1.56	6.97	96701	66186	  1.46	1452	1441	--  	     249943.92	
="600068"	葛洲坝	-1.58	4.97	-0.08	4.97	4.98	388313	51	          0.00	          1.11	5.04	5.06	4.93	5.05	     9.85	193708896	  0.69	建筑施工	湖北	 2.57	4.99	190643	197670	  0.96	2471	4098	--  	     348745.91	
="600221"	海南航空	-1.59	2.47	-0.04	2.47	2.48	2233451	207	         -0.40	          1.89	2.48	2.53	2.45	2.51	    11.95	552726592	  0.53	空运	海南	 3.19	2.47	1048065	1185386	  0.88	2989	41508	--  	    1181206.38	
="600617"	国新能源	-1.61	26.26	-0.43	26.30	26.34	12855	10	         -0.15	          1.25	26.73	26.73	26.20	26.69	    37.34	33862944	  0.45	供气供热	山西	 1.99	26.34	7724	5131	  1.51	10	47	--  	      10263.63	
="600160"	巨化股份	-1.64	6.60	-0.11	6.59	6.60	374775	5	          0.15	          2.07	6.71	6.75	6.52	6.71	    77.02	247050544	  0.59	化工原料	浙江	 3.43	6.59	213264	161511	  1.32	1288	85	--  	     181091.59	
="002075"	沙钢股份	-1.67	4.70	-0.08	4.70	4.71	144513	1474	          0.21	          0.92	4.75	4.81	4.66	4.78	   106.18	68105792	  0.66	特钢	江苏	 3.14	4.71	89591	54922	  1.63	408	956	--  	     157626.48	
="000993"	闽东电力	-1.72	10.30	-0.18	10.30	10.31	90274	340	          0.00	          2.42	10.43	10.70	10.24	10.48	    32.68	95044760	  1.83	水力发电	福建	 4.39	10.53	38648	51626	  0.75	183	226	--  	      37300.00	
="600795"	国电电力	-1.74	2.83	-0.05	2.83	2.84	1400494	200	          0.00	          0.91	2.87	2.88	2.82	2.88	     7.15	397428320	  0.66	火力发电	辽宁	 2.08	2.84	764855	635639	  1.20	2114	83640	--  	    1539514.88	
="300289"	利德曼	-1.74	32.22	-0.57	32.22	32.35	11686	62	          0.21	          2.10	32.66	33.18	32.12	32.79	    57.74	38080516	  0.64	生物制药	北京	 3.23	32.59	6950	4736	  1.47	3	10	--  	       5572.68	
="002508"	老板电器	-1.75	33.18	-0.59	33.18	33.19	16476	79	          0.12	          0.53	33.70	33.77	33.10	33.77	    23.02	55068828	  0.93	家用电器	浙江	 1.98	33.42	9794	6682	  1.47	312	1	--  	      31175.00	
="600676"	交运股份	-1.75	8.40	-0.15	8.40	8.41	153737	10	          0.23	          1.97	8.48	8.65	8.36	8.55	    22.77	130392616	  0.40	汽车配件	上海	 3.39	8.48	87506	66231	  1.32	356	76	--  	      78214.10	
="600109"	国金证券	-1.76	13.98	-0.25	13.98	13.99	725245	20	         -0.07	          2.80	14.20	14.30	13.95	14.23	    49.45	1019808064	  0.47	证券	四川	 2.46	14.06	355306	369939	  0.96	479	625	--  	     258814.34	
="600269"	赣粤高速	-1.80	3.81	-0.07	3.81	3.82	282937	50	          0.00	          1.21	3.87	3.88	3.78	3.88	    10.92	107998328	  0.73	路桥	江西	 2.58	3.82	182858	100079	  1.83	1145	2081	--  	     233540.70	
="600016"	民生银行	-1.82	6.46	-0.12	6.46	6.47	2404008	42	         -0.15	          0.89	6.58	6.59	6.42	6.58	     4.48	1557987200	  0.53	银行	北京	 2.58	6.48	1212605	1191403	  1.02	85	7264	--  	    2710607.50	
="600999"	招商证券	-1.94	13.14	-0.26	13.14	13.15	598705	113	          0.00	          1.28	13.32	13.47	13.10	13.40	    22.59	795107584	  0.63	证券	深圳	 2.76	13.28	287034	311671	  0.92	404	112	--  	     466109.97	
="600029"	南方航空	-1.99	3.44	-0.07	3.44	3.45	498111	26	          0.00	          0.71	3.48	3.50	3.41	3.51	    20.17	171798816	  0.41	空运	广东	 2.56	3.45	267684	230427	  1.16	386	2368	--  	     702265.00	
="601111"	中国国航	-2.06	4.76	-0.10	4.75	4.76	470894	25	          0.00	          0.57	4.86	4.86	4.68	4.86	    14.80	223907808	  0.50	空运	北京	 3.70	4.75	241532	229362	  1.05	4515	169	--  	     832927.13	
="000898"	鞍钢股份	-2.18	4.04	-0.09	4.04	4.05	479208	4287	          0.00	          0.78	4.10	4.12	4.03	4.13	    23.75	194740960	  0.59	普钢	辽宁	 2.18	4.06	264654	214554	  1.23	1937	4517	--  	     614893.63	
="002142"	宁波银行	-2.23	10.94	-0.25	10.94	10.95	266892	1534	         -0.18	          0.93	11.16	11.16	10.90	11.19	     5.82	294097824	  0.63	银行	浙江	 2.32	11.02	162682	104210	  1.56	2231	30	--  	     287241.59	
="600005"	武钢股份	-2.25	2.61	-0.06	2.61	2.62	593816	50	          0.00	          0.59	2.65	2.66	2.60	2.67	    25.65	155659792	  0.52	普钢	湖北	 2.25	2.62	309793	284023	  1.09	1050	11853	--  	    1009378.00	
="600639"	浦东金桥	-2.31	14.37	-0.34	14.38	14.39	177316	38	          0.00	          2.70	14.48	14.77	14.21	14.71	    31.37	256364096	  0.50	园区开发	上海	 3.81	14.46	99754	77562	  1.29	65	458	--  	      65664.88	
="601666"	平煤股份	-2.38	4.93	-0.12	4.92	4.93	217807	1441	          0.00	          0.92	5.02	5.04	4.89	5.05	   101.00	107592720	  0.53	煤炭开采	河南	 2.97	4.94	108406	109401	  0.99	1042	9	--  	     236116.50	
="601009"	南京银行	-2.60	10.49	-0.28	10.49	10.50	595253	8	          0.09	          2.00	10.70	10.75	10.44	10.77	     5.62	628258304	  0.62	银行	江苏	 2.88	10.55	311613	283640	  1.10	519	2082	--  	     296893.31	
="600238"	海南椰岛	-2.72	9.30	-0.26	9.32	9.33	67874	10	         -0.10	          1.54	9.51	9.59	9.29	9.56	    74.54	63841116	  0.75	红黄药酒	海南	 3.14	9.41	47968	19906	  2.41	10	5	--  	      44203.16	
数据来源:通达信
