代码	名称	涨幅%%	现价	涨跌	买价	卖价	总量	现量	涨速%%	换手%%	今开	最高	最低	昨收	市盈(动)	总金额	量比	细分行业	地区	振幅%%	均价	内盘	外盘	内外比	买量	卖量	未匹配量	流通股本(万)	
="600016"	民生银行	9.99	9.47	0.86	9.47	--  	23137866	26	0.00	          8.54	8.65	9.47	8.59	8.61	     6.57	21432940544	  2.96	银行	北京	10.22	9.26	13556503	9581363	  1.41	600655	0	--  	    2710607.50	
="601998"	中信银行	9.97	7.17	0.65	7.17	--  	5716779	3	0.00	          1.79	6.60	7.17	6.48	6.52	     7.79	3966859776	  2.85	银行	北京	10.58	6.94	2886014	2830764	  1.02	142270	0	--  	    3190516.50	
="002221"	东华能源	8.45	17.32	1.35	17.32	17.33	154299	675	-0.05	          3.45	15.95	17.57	15.90	15.97	   197.10	263536464	  1.83	石油贸易	江苏	10.46	17.08	49562	104737	  0.47	277	5	--  	      44718.82	
="600015"	华夏银行	7.49	12.06	0.84	12.06	12.07	3788703	645	0.08	          5.84	11.34	12.26	11.20	11.22	     6.11	4455090688	  2.14	银行	北京	9.45	11.76	1747684	2041018	  0.86	2	2	--  	     648768.69	
="601166"	兴业银行	6.81	14.28	0.91	14.30	14.31	8147276	7002	0.28	          5.04	13.47	14.57	13.30	13.37	     5.33	11362135040	  2.00	银行	福建	9.50	13.95	3472424	4674852	  0.74	12808	6238	--  	    1617961.63	
="601169"	北京银行	6.74	10.30	0.65	10.29	10.30	2910499	641	-0.57	          3.25	9.70	10.61	9.57	9.65	     6.48	2938160640	  2.40	银行	北京	10.78	10.10	1302349	1608149	  0.81	319	218	--  	     896768.94	
="600036"	招商银行	6.34	15.10	0.90	15.10	15.12	8431934	287	-0.06	          4.09	14.25	15.47	13.98	14.20	     6.24	12458079232	  1.97	银行	深圳	10.49	14.77	3816749	4615184	  0.83	1155	7154	--  	    2062894.50	
="600000"	浦发银行	6.17	14.11	0.82	14.12	14.13	8697036	501	0.07	          5.83	13.49	14.39	13.33	13.29	     5.67	12037657600	  2.03	银行	上海	7.98	13.84	3835825	4861210	  0.79	1316	3393	--  	    1492277.75	
="000539"	粤电力Ａ	5.92	7.69	0.43	7.68	7.69	480435	6643	0.13	          2.26	7.26	7.76	7.20	7.26	    10.00	357347680	  1.29	火力发电	广东	7.71	7.44	223291	257144	  0.87	9641	13	--  	     212769.03	
="601939"	建设银行	5.32	5.94	0.30	5.94	5.95	7606456	160	0.16	          7.93	5.66	6.08	5.56	5.64	     5.85	4444174336	  1.89	银行	北京	9.22	5.84	3568350	4038105	  0.88	2897	38117	--  	     959365.75	
="601398"	工商银行	5.18	4.47	0.22	4.45	4.46	9964655	975	1.36	          0.38	4.27	4.52	4.21	4.25	     5.35	4344311296	  2.35	银行	北京	7.29	4.36	4329731	5634924	  0.77	9741	395	--  	   26471778.00	
="600067"	冠城大通	5.09	7.85	0.38	7.84	7.85	637440	12	0.51	          5.35	7.47	7.86	7.38	7.47	    20.57	487328032	  1.86	全国地产	福建	6.43	7.65	298956	338483	  0.88	40	1970	--  	     119055.79	
="603001"	奥康国际	5.07	19.47	0.94	19.43	19.46	64783	10	-0.05	          5.54	18.53	19.95	18.40	18.53	    31.56	124618520	  1.20	服饰	浙江	8.36	19.24	29956	34827	  0.86	66	115	--  	      11694.90	
="601288"	农业银行	4.52	3.24	0.14	3.23	3.24	16112481	666	0.00	          0.57	3.11	3.30	3.08	3.10	     5.18	5128502784	  2.18	银行	北京	7.10	3.18	7214655	8897826	  0.81	4045	3390	--  	   28416352.00	
="601988"	中国银行	4.12	3.54	0.14	3.54	3.55	19228764	6730	0.00	          0.98	3.42	3.63	3.37	3.40	     6.47	6726576640	  2.21	银行	北京	7.65	3.50	7861682	11367082	  0.69	3241	82685	--  	   19591296.00	
="000876"	新 希 望	3.34	15.49	0.50	15.48	15.49	807122	8662	0.32	          4.67	14.99	15.78	14.70	14.99	    15.39	1229576576	  2.31	饲料	四川	7.20	15.23	377757	429365	  0.88	895	1857	--  	     172830.80	
="002032"	苏 泊 尔	2.90	18.08	0.51	18.08	18.10	40645	808	0.44	          1.20	17.56	19.10	17.50	17.57	    16.91	73145200	  2.20	家用电器	浙江	9.11	18.00	21383	19261	  1.11	21	10	--  	      33906.17	
="600823"	世茂股份	2.40	13.24	0.31	13.23	13.24	265070	21	-0.22	          2.26	12.94	13.30	12.90	12.93	    15.09	348609792	  1.38	全国地产	上海	3.09	13.15	122574	142495	  0.86	58	120	--  	     117059.53	
="601857"	中国石油	2.30	9.78	0.22	9.77	9.78	2748735	200	0.00	          0.17	9.56	9.90	9.34	9.56	    13.98	2644354816	  1.66	石油开采	北京	5.86	9.62	1383031	1365703	  1.01	1680	1106	--  	   16192208.00	
="000926"	福星股份	2.02	10.08	0.20	10.08	10.09	419175	6572	0.09	          7.93	9.94	10.13	9.83	9.88	     9.29	419216928	  1.46	区域地产	湖北	3.04	10.00	201288	217886	  0.92	1066	4820	--  	      52853.94	
="000795"	太原刚玉	1.91	11.76	0.22	11.75	11.76	108799	2259	0.25	          3.93	11.30	12.00	11.30	11.54	--  	127806640	  0.83	矿物制品	山西	6.07	11.75	51157	57641	  0.89	429	126	--  	      27679.44	
="601333"	广深铁路	1.90	4.30	0.08	4.30	4.31	2301035	142	0.23	          4.07	4.22	4.38	4.13	4.22	    35.16	978904768	  1.08	铁路	深圳	5.92	4.25	1168492	1132542	  1.03	550	3645	--  	     565223.69	
="600028"	中国石化	1.86	6.01	0.11	6.01	6.02	6297541	197	0.00	          0.69	5.91	6.07	5.82	5.90	    10.29	3738061568	  1.42	石油加工	北京	4.24	5.94	3043176	3254364	  0.94	17498	41595	--  	    9128216.00	
="600864"	哈投股份	1.56	12.99	0.20	12.97	12.99	377069	13	0.00	          6.90	12.92	13.29	12.45	12.79	   163.43	487873024	  1.58	火力发电	黑龙江	6.57	12.94	199707	177362	  1.13	366	79	--  	      54637.82	
="000069"	华侨城Ａ	1.45	6.98	0.10	6.98	6.99	1631277	30749	0.14	          5.24	6.88	7.02	6.69	6.88	    13.53	1118860544	  1.35	旅游景点	深圳	4.80	6.86	866929	764347	  1.13	10753	13706	--  	     311246.41	
="600846"	同济科技	1.37	10.37	0.14	10.37	10.38	605594	26	0.67	          9.69	10.12	10.52	9.81	10.23	    61.72	615204992	  1.70	综合类	上海	6.94	10.16	296826	308767	  0.96	169	1211	--  	      62476.14	
="600795"	国电电力	1.37	3.71	0.05	3.70	3.71	7014307	376	0.27	          4.56	3.64	3.82	3.61	3.66	     9.37	2606030848	  1.24	火力发电	辽宁	5.74	3.72	3243677	3770629	  0.86	8622	14818	--  	    1539514.88	
="600498"	烽火通信	1.23	16.45	0.20	16.46	16.47	203450	30	-0.06	          2.11	16.25	16.90	16.21	16.25	    32.70	337424576	  1.55	通信设备	湖北	4.25	16.59	105461	97989	  1.08	312	480	--  	      96650.10	
="000933"	神火股份	1.22	5.79	0.07	5.78	5.79	612832	3755	0.17	          3.27	5.74	6.00	5.56	5.72	--  	353721472	  1.79	煤炭开采	河南	7.69	5.77	332583	280249	  1.19	1301	1642	--  	     187365.03	
="601117"	中国化学	1.04	8.78	0.09	8.78	8.79	1807848	20	-0.22	          3.66	8.62	9.07	8.41	8.69	    12.63	1581609216	  1.04	建筑施工	北京	7.59	8.75	924447	883400	  1.05	282	4206	--  	     493300.00	
="600018"	上港集团	0.95	6.35	0.06	6.34	6.35	1516093	155	0.15	          0.67	6.29	6.53	6.25	6.29	    23.16	969645120	  1.13	港口	上海	4.45	6.40	698890	817203	  0.86	5166	1167	--  	    2275518.00	
="002473"	圣莱达	0.90	28.15	0.25	28.15	28.18	14441	326	0.10	          0.90	28.04	28.80	27.42	27.90	--  	40671856	  1.67	家用电器	浙江	4.95	28.16	5925	8515	  0.70	6	50	--  	      16000.00	
="300345"	红宇新材	0.85	22.50	0.19	22.50	22.54	16468	542	1.35	          2.66	22.12	22.59	21.30	22.31	   918.32	36249800	  1.23	钢加工	湖南	5.78	22.01	9939	6529	  1.52	105	151	--  	       6180.70	
="300255"	常山药业	0.77	36.48	0.28	36.40	36.48	33784	422	-0.32	          2.62	35.88	37.30	35.86	36.20	    71.06	123937696	  0.62	生物制药	河北	3.98	36.69	19976	13808	  1.45	5	64	--  	      12918.53	
="300068"	南都电源	0.69	11.70	0.08	11.70	11.71	153463	1940	0.00	          3.78	11.62	11.84	11.40	11.62	    47.47	178036896	  0.59	电气设备	浙江	3.79	11.60	75455	78007	  0.97	494	1057	--  	      40610.39	
="002063"	远光软件	0.60	23.33	0.14	23.33	23.34	99976	449	0.00	          2.55	23.21	23.48	22.75	23.19	    56.75	231844256	  0.72	软件服务	广东	3.15	23.19	53407	46568	  1.15	26	200	--  	      39144.10	
="002461"	珠江啤酒	0.56	18.07	0.10	18.06	18.07	45022	518	0.27	          0.66	17.97	18.10	17.42	17.97	   153.62	79940448	  0.64	啤酒	广东	3.78	17.76	23010	22011	  1.05	279	292	--  	      68016.17	
="002033"	丽江旅游	0.50	16.01	0.08	16.00	16.01	61676	457	0.06	          3.14	15.92	16.03	15.48	15.93	    20.81	97081528	  1.09	旅游景点	云南	3.45	15.74	29294	32381	  0.90	121	295	--  	      19658.59	
="600009"	上海机场	0.41	19.76	0.08	19.76	19.78	331387	210	0.35	          3.03	19.95	20.40	19.37	19.68	    18.09	661448512	  0.96	机场	上海	5.23	19.96	167956	163431	  1.03	260	34	--  	     109347.64	
="000993"	闽东电力	0.38	10.49	0.04	10.48	10.49	51143	434	0.38	          1.37	10.44	10.60	10.29	10.45	    33.28	53605064	  0.63	水力发电	福建	2.97	10.48	26123	25020	  1.04	61	294	--  	      37300.00	
="601238"	广汽集团	0.34	8.82	0.03	8.81	8.82	284528	17	0.22	          4.71	8.79	9.05	8.68	8.79	    18.73	251594768	  0.85	汽车整车	广东	4.21	8.84	159198	125330	  1.27	630	246	--  	      60431.64	
="600005"	武钢股份	0.29	3.40	0.01	3.39	3.40	2079757	6	0.29	          2.06	3.39	3.49	3.33	3.39	    33.41	708975744	  0.84	普钢	湖北	4.72	3.41	1182789	896967	  1.32	7487	12102	--  	    1009378.00	
="600673"	东阳光科	0.22	18.57	0.04	18.56	18.63	198432	27	-0.53	          2.41	18.70	18.99	18.20	18.53	   118.02	367984288	  0.93	铝	广东	4.26	18.54	109597	88835	  1.23	32	235	--  	      82261.22	
="000011"	深物业A	0.19	10.65	0.02	10.65	10.66	200557	2569	-0.09	         11.40	10.44	10.79	10.30	10.63	    14.73	212285088	  1.18	区域地产	深圳	4.61	10.58	96612	103945	  0.93	189	1224	--  	      17586.25	
="600642"	申能股份	0.16	6.09	0.01	6.08	6.09	860530	22	0.00	          1.89	6.12	6.20	5.97	6.08	    14.61	523510784	  1.19	火力发电	上海	3.78	6.08	472388	388141	  1.22	8623	2724	--  	     455203.84	
="000792"	盐湖股份	0.04	23.36	0.01	23.36	23.37	219159	3145	0.25	          2.04	23.23	24.06	22.93	23.35	    42.68	516152768	  1.17	农药化肥	青海	4.84	23.55	112004	107155	  1.05	248	128	--  	     107353.50	
="600986"	科达股份	0.00	7.05	0.00	--  	--  	0	0	0.00	          0.00	--  	--  	--  	7.05	    36.88	0	  0.00	建筑施工	山东	0.00	7.05	0	0	--  	0	0	--  	      33526.96	
="600981"	汇鸿股份	0.00	4.21	0.00	--  	--  	0	0	0.00	          0.00	--  	--  	--  	4.21	    92.48	0	  0.00	商贸代理	江苏	0.00	4.21	0	0	--  	0	0	--  	      51610.64	
="600876"	洛阳玻璃	0.00	7.24	0.00	--  	--  	0	0	0.00	          0.00	--  	--  	--  	7.24	   374.48	0	  0.00	玻璃	河南	0.00	7.24	0	0	--  	0	0	--  	      25001.82	
="600749"	西藏旅游	0.00	12.18	0.00	--  	--  	0	0	0.00	          0.00	--  	--  	--  	12.18	  1161.76	0	  0.00	旅游景点	西藏	0.00	12.18	0	0	--  	0	0	--  	      18913.78	
="600575"	皖江物流	0.00	4.11	0.00	--  	--  	0	0	0.00	          0.00	--  	--  	--  	4.11	--  	0	  0.00	港口	安徽	0.00	4.11	0	0	--  	0	0	--  	     142320.00	
="600517"	置信电气	0.00	12.45	0.00	--  	--  	0	0	0.00	          0.00	--  	--  	--  	12.45	    84.39	0	  0.00	电气设备	上海	0.00	12.45	0	0	--  	0	0	--  	     111366.89	
="600365"	通葡股份	0.00	11.38	0.00	--  	--  	0	0	0.00	          0.00	--  	--  	--  	11.38	  5686.21	0	  0.00	红黄药酒	吉林	0.00	11.38	0	0	--  	0	0	--  	      14000.00	
="600318"	巢东股份	0.00	11.20	0.00	--  	--  	0	0	0.00	          0.00	--  	--  	--  	11.20	    17.93	0	  0.00	水泥	安徽	0.00	11.20	0	0	--  	0	0	--  	      24200.00	
="600241"	时代万恒	0.00	8.28	0.00	--  	--  	0	0	0.00	          0.00	--  	--  	--  	8.28	--  	0	  0.00	商贸代理	辽宁	0.00	8.28	0	0	--  	0	0	--  	      18020.00	
="600105"	永鼎股份	0.00	9.86	0.00	--  	--  	0	0	0.00	          0.00	--  	--  	--  	9.86	    22.23	0	  0.00	通信设备	江苏	0.00	9.86	0	0	--  	0	0	--  	      38095.46	
="600103"	青山纸业	0.00	3.66	0.00	--  	--  	0	0	0.00	          0.00	--  	--  	--  	3.66	   601.14	0	  0.00	造纸	福建	0.00	3.66	0	0	--  	0	0	--  	     106184.15	
="600091"	ST明科	0.00	7.02	0.00	--  	--  	0	0	0.00	          0.00	--  	--  	--  	7.02	--  	0	  0.00	化工原料	内蒙	0.00	7.02	0	0	--  	0	0	--  	      33652.60	
="600090"	啤酒花	0.00	8.13	0.00	--  	--  	0	0	0.00	          0.00	--  	--  	--  	8.13	    36.46	0	  0.00	啤酒	新疆	0.00	8.13	0	0	--  	0	0	--  	      36791.66	
="600050"	中国联通	0.00	4.54	0.00	4.52	4.53	4345862	209	0.22	          2.05	4.52	4.60	4.43	4.54	    20.62	1954909696	  1.15	电信运营	上海	3.74	4.50	2259514	2086347	  1.08	10620	4529	--  	    2119659.75	
="300342"	天银机电	--  	17.85	--  	--  	--  	0	0	--  	          0.00	--  	--  	--  	17.85	    39.14	0	  0.00	元器件	江苏	0.00	17.85	0	0	--  	0	0	--  	       6650.00	
="300332"	天壕节能	--  	14.06	--  	--  	--  	0	0	--  	          0.00	--  	--  	--  	14.06	    40.57	0	  0.00	环境保护	北京	0.00	14.06	0	0	--  	0	0	--  	      22666.75	
="300313"	天山生物	--  	23.69	--  	--  	--  	0	0	--  	          0.00	--  	--  	--  	23.69	   258.62	0	  0.00	农业综合	新疆	0.00	23.69	0	0	--  	0	0	--  	       4177.81	
="002700"	新疆浩源	--  	25.29	--  	--  	--  	0	0	--  	          0.00	--  	--  	--  	25.29	    56.88	0	  0.00	供气供热	新疆	0.00	25.29	0	0	--  	0	0	--  	       9564.16	
="002608"	舜天船舶	--  	12.79	--  	--  	--  	0	0	--  	          0.00	--  	--  	--  	12.79	    86.27	0	  0.00	船舶	江苏	0.00	12.79	0	0	--  	0	0	--  	      32855.16	
="002558"	世纪游轮	--  	31.65	--  	--  	--  	0	0	--  	          0.00	--  	--  	--  	31.65	   271.60	0	  0.00	旅游服务	重庆	0.00	31.65	0	0	--  	0	0	--  	       3244.39	
="002529"	海源机械	--  	15.03	--  	--  	--  	0	0	--  	          0.00	--  	--  	--  	15.03	--  	0	  0.00	专用机械	福建	0.00	15.03	0	0	--  	0	0	--  	      15608.25	
="002509"	天广消防	--  	12.27	--  	--  	--  	0	0	--  	          0.00	--  	--  	--  	12.27	    51.77	0	  0.00	专用机械	福建	0.00	12.27	0	0	--  	0	0	--  	      23109.89	
="002426"	胜利精密	--  	11.26	--  	--  	--  	0	0	--  	          0.00	--  	--  	--  	11.26	    68.41	0	  0.00	元器件	江苏	0.00	11.26	0	0	--  	0	0	--  	      35306.58	
="002324"	普利特	--  	19.90	--  	--  	--  	0	0	--  	          0.00	--  	--  	--  	19.90	    26.33	0	  0.00	塑料	上海	0.00	19.90	0	0	--  	0	0	--  	      15582.66	
="002323"	中联电气	--  	21.95	--  	--  	--  	0	0	--  	          0.00	--  	--  	--  	21.95	   130.92	0	  0.00	电气设备	江苏	0.00	21.95	0	0	--  	0	0	--  	       8350.16	
="002168"	深圳惠程	--  	10.13	--  	--  	--  	0	0	--  	          0.00	--  	--  	--  	10.13	--  	0	  0.00	电气设备	深圳	0.00	10.13	0	0	--  	0	0	--  	      56803.58	
="002044"	江苏三友	--  	10.04	--  	--  	--  	0	0	--  	          0.00	--  	--  	--  	10.04	    43.13	0	  0.00	服饰	江苏	0.00	10.04	0	0	--  	0	0	--  	      22410.00	
="002009"	天奇股份	--  	16.30	--  	--  	--  	0	0	--  	          0.00	--  	--  	--  	16.30	    47.89	0	  0.00	工程机械	江苏	0.00	16.30	0	0	--  	0	0	--  	      25991.22	
="002006"	*ST精功	--  	8.75	--  	--  	--  	0	0	--  	          0.00	--  	--  	--  	8.75	--  	0	  0.00	工程机械	浙江	0.00	8.75	0	0	--  	0	0	--  	      43677.89	
="000900"	现代投资	0.00	7.41	0.00	7.41	7.42	287884	1398	0.00	          2.85	7.41	7.59	7.31	7.41	    19.28	214426064	  1.04	路桥	湖南	3.78	7.45	143505	144378	  0.99	799	578	--  	     101128.75	
="000796"	易食股份	--  	7.23	--  	--  	--  	0	0	--  	          0.00	--  	--  	--  	7.23	    95.94	0	  0.00	食品	陕西	0.00	7.23	0	0	--  	0	0	--  	      24652.30	
="000710"	天兴仪表	--  	13.60	--  	--  	--  	0	0	--  	          0.00	--  	--  	--  	13.60	--  	0	  0.00	汽车配件	四川	0.00	13.60	0	0	--  	0	0	--  	      15120.00	
="000627"	天茂集团	--  	4.10	--  	--  	--  	0	0	--  	          0.00	--  	--  	--  	4.10	    28.37	0	  0.00	化工原料	湖北	0.00	4.10	0	0	--  	0	0	--  	     135358.98	
="000533"	万 家 乐	--  	5.97	--  	--  	--  	0	0	--  	          0.00	--  	--  	--  	5.97	    35.25	0	  0.00	家用电器	广东	0.00	5.97	0	0	--  	0	0	--  	      68487.71	
="000514"	渝 开 发	--  	7.08	--  	--  	--  	0	0	--  	          0.00	--  	--  	--  	7.08	    36.98	0	  0.00	区域地产	重庆	0.00	7.08	0	0	--  	0	0	--  	      84377.09	
="000498"	山东路桥	--  	4.64	--  	--  	--  	0	0	--  	          0.00	--  	--  	--  	4.64	    27.67	0	  0.00	建筑施工	山东	0.00	4.64	0	0	--  	0	0	--  	      35417.01	
="000538"	云南白药	-0.17	58.80	-0.10	58.80	58.82	119624	1163	0.18	          1.15	58.90	59.67	58.16	58.90	    23.62	703582336	  0.79	中成药	云南	2.56	58.82	62617	57007	  1.10	363	1	--  	     104136.53	
="300094"	国联水产	-0.18	11.07	-0.02	11.07	11.08	95313	1131	0.63	          2.72	11.07	11.21	10.75	11.09	    98.49	104970112	  1.32	渔业	广东	4.15	11.01	32136	63177	  0.51	183	143	--  	      35072.21	
="002334"	英威腾	-0.23	17.45	-0.04	17.45	17.46	120771	586	0.40	          4.80	17.48	17.74	17.09	17.49	    36.83	210128592	  1.32	电气设备	深圳	3.72	17.40	65963	54807	  1.20	478	15	--  	      25181.50	
="600162"	香江控股	-0.29	6.99	-0.02	6.98	6.99	252498	30	0.72	          3.29	7.01	7.14	6.81	7.01	    16.37	175714288	  0.71	全国地产	深圳	4.71	6.96	128031	124466	  1.03	439	713	--  	      76781.27	
="601933"	永辉超市	-0.33	9.15	-0.03	9.14	9.16	487596	67	0.10	          1.59	9.10	9.33	9.03	9.18	    34.42	446245216	  0.54	超市连锁	福建	3.27	9.15	273356	214240	  1.28	86	525	--  	     307160.00	
="600352"	浙江龙盛	-0.40	17.32	-0.07	17.32	17.33	562395	64	-0.05	          3.68	17.40	17.78	17.13	17.39	     9.84	979417408	  0.77	染料涂料	浙江	3.74	17.42	279631	282763	  0.99	21	639	--  	     152786.59	
="002415"	海康威视	-0.56	23.15	-0.13	23.00	23.15	225759	3801	1.13	          0.72	23.28	23.50	22.32	23.28	    25.73	514833472	  0.86	电器仪表	浙江	5.07	22.80	126549	99209	  1.28	3	125	--  	     315046.75	
="002385"	大北农	-0.74	14.78	-0.11	14.77	14.78	168323	1045	0.20	          1.79	14.92	15.01	14.70	14.89	    41.44	249027008	  0.96	饲料	北京	2.08	14.79	103161	65161	  1.58	657	954	--  	      94184.88	
="300027"	华谊兄弟	-0.82	28.94	-0.24	28.94	28.95	516556	2791	-0.03	          6.04	28.90	29.60	28.44	29.18	    59.05	1493314176	  0.81	影视音像	浙江	3.98	28.91	255208	261347	  0.98	828	96	--  	      85552.46	
="600377"	宁沪高速	-0.85	7.03	-0.06	7.02	7.03	119195	50	0.28	          0.31	7.06	7.15	6.93	7.09	    12.84	83827920	  0.60	路桥	江苏	3.10	7.03	64977	54217	  1.20	412	275	--  	     379275.53	
="600519"	贵州茅台	-0.86	179.07	-1.56	179.01	179.12	60020	10	0.01	          0.53	179.99	181.45	177.80	180.63	    14.34	1071735168	  0.90	白酒	贵州	2.02	178.56	32233	27787	  1.16	2	5	--  	     114199.79	
="600085"	同仁堂	-0.87	21.63	-0.19	21.56	21.76	145220	2	0.18	          1.11	21.79	21.90	21.29	21.82	    36.71	313062048	  0.87	中成药	北京	2.80	21.56	87141	58078	  1.50	3	11	--  	     131114.31	
="002302"	西部建设	-0.89	15.52	-0.14	15.52	15.53	73484	538	0.19	          2.71	15.59	15.92	15.35	15.66	    35.23	114731888	  0.61	水泥	新疆	3.64	15.61	38715	34768	  1.11	176	158	--  	      27091.33	
="601991"	大唐发电	-0.90	5.50	-0.05	5.50	5.51	766755	34	0.36	          0.77	5.50	5.65	5.32	5.55	    14.98	422125056	  1.16	火力发电	北京	5.95	5.51	392805	373950	  1.05	350	791	--  	     999436.00	
="300144"	宋城演艺	-0.92	30.04	-0.28	30.04	30.06	36550	126	0.09	          1.87	30.19	30.90	29.57	30.32	    39.73	110416360	  0.54	旅游景点	浙江	4.39	30.21	19594	16956	  1.16	204	10	--  	      19553.75	
="601088"	中国神华	-0.95	17.68	-0.17	17.68	17.70	812973	2	0.05	          0.49	17.85	17.98	17.42	17.85	     8.90	1435575680	  1.11	煤炭开采	北京	3.14	17.66	432798	380175	  1.14	456	2266	--  	    1649103.75	
="600779"	水井坊	-1.19	9.97	-0.12	9.91	9.93	116686	42	0.70	          3.95	10.10	10.14	9.78	10.09	--  	115833040	  0.74	白酒	四川	3.57	9.93	64355	52331	  1.23	42	10	--  	      29532.34	
="600690"	青岛海尔	-1.23	18.46	-0.23	18.44	18.45	438033	4	0.21	          1.60	18.56	18.62	18.20	18.69	    10.00	805168128	  0.81	家用电器	山东	2.25	18.38	235454	202579	  1.16	53	65	--  	     273684.13	
="600089"	特变电工	-1.32	11.93	-0.16	11.93	11.94	1474801	85	0.00	          4.66	12.20	12.35	11.75	12.09	    21.02	1782359296	  0.99	电气设备	新疆	4.96	12.09	735042	739759	  0.99	3540	526	--  	     316591.31	
="300202"	聚龙股份	-1.39	32.70	-0.46	32.70	32.75	30911	171	-0.03	          0.56	33.45	33.45	32.50	33.16	   129.99	101280640	  0.67	专用机械	辽宁	2.86	32.77	21206	9704	  2.19	159	91	--  	      54950.39	
="600100"	同方股份	-1.40	13.41	-0.19	13.39	13.40	840732	19	-0.07	          4.06	13.51	13.98	13.15	13.60	   179.50	1139665664	  0.94	电脑设备	北京	6.10	13.56	449656	391076	  1.15	139	26	--  	     207020.14	
="601339"	百隆东方	-1.41	11.20	-0.16	11.21	11.22	53785	19	-0.08	          2.80	11.39	11.40	11.04	11.36	    15.80	60637604	  0.77	纺织	浙江	3.17	11.27	35282	18503	  1.91	26	217	--  	      19200.00	
="600978"	宜华木业	-1.43	6.20	-0.09	6.19	6.20	441228	85	0.00	          2.98	6.29	6.31	6.10	6.29	    15.34	273503136	  0.82	家居用品	广东	3.34	6.20	245428	195800	  1.25	1088	1054	--  	     148287.00	
="600581"	八一钢铁	-1.43	5.50	-0.08	5.50	5.51	351792	6	0.36	          4.59	5.50	5.74	5.35	5.58	--  	193768496	  0.83	普钢	新疆	6.99	5.51	175438	176354	  0.99	158	25	--  	      76644.89	
="600486"	扬农化工	-1.50	26.90	-0.41	26.90	26.91	39294	2	-0.22	          1.52	27.26	27.26	26.68	27.31	    16.43	105531840	  0.87	农药化肥	江苏	2.12	26.86	22972	16322	  1.41	500	20	--  	      25824.91	
="000525"	红 太 阳	-1.51	16.33	-0.25	16.33	16.34	66909	340	0.12	          1.32	16.64	16.66	16.25	16.58	    15.61	109575896	  1.02	农药化肥	江苏	2.47	16.38	41744	25165	  1.66	532	53	--  	      50698.30	
="000032"	深桑达Ａ	-1.52	11.70	-0.18	11.70	11.71	43209	224	0.00	          1.86	11.99	12.16	11.61	11.88	--  	51502196	  0.80	元器件	深圳	4.63	11.92	23879	19329	  1.24	23	30	--  	      23282.71	
="601899"	紫金矿业	-1.53	3.22	-0.05	3.22	3.23	3196396	211	0.00	          2.02	3.25	3.26	3.18	3.27	    26.55	1027999168	  0.86	黄金	福建	2.45	3.22	1852471	1343925	  1.38	6573	55219	--  	    1580380.38	
="600489"	中金黄金	-1.55	10.14	-0.16	10.13	10.14	775994	139	0.00	          2.64	10.30	10.30	10.00	10.30	    56.94	784423040	  0.88	黄金	北京	2.91	10.11	423557	352437	  1.20	1205	375	--  	     294322.88	
="600824"	益民集团	-1.61	6.72	-0.11	6.72	6.73	131648	35	0.00	          1.50	6.83	6.88	6.64	6.83	    28.20	88917120	  0.81	百货	上海	3.51	6.75	78259	53389	  1.47	680	222	--  	      87835.59	
="600197"	伊力特	-1.64	11.99	-0.20	12.00	12.01	88886	249	0.16	          2.02	12.17	12.24	11.78	12.19	    14.60	106677040	  0.80	白酒	新疆	3.77	12.00	50629	38256	  1.32	9	19	--  	      44100.00	
="002646"	青青稞酒	-1.66	20.17	-0.34	20.17	20.18	62358	1191	-0.09	          3.96	20.42	20.65	19.86	20.51	    25.17	126640616	  0.75	白酒	青海	3.85	20.31	34779	27579	  1.26	247	878	--  	      15750.00	
="000726"	鲁  泰Ａ	-1.70	11.01	-0.19	11.00	11.01	108450	535	0.18	          1.93	11.17	11.23	10.91	11.20	    11.11	120033704	  0.80	纺织	山东	2.86	11.07	65792	42657	  1.54	1076	313	--  	      56110.69	
="000877"	天山股份	-1.72	9.15	-0.16	9.15	9.16	465286	1731	0.00	          5.29	9.31	9.41	9.02	9.31	    19.66	428485728	  0.65	水泥	新疆	4.19	9.21	249723	215562	  1.16	2312	1229	--  	      88001.99	
="600143"	金发科技	-1.79	6.57	-0.12	6.57	6.58	656664	250	-0.15	          2.57	6.69	6.69	6.48	6.69	    27.63	431884160	  0.89	塑料	广东	3.14	6.58	365713	290950	  1.26	284	1962	--  	     256000.00	
="600720"	祁连山	-1.80	9.81	-0.18	9.81	9.82	436529	5	-0.10	          5.62	9.99	9.99	9.67	9.99	     8.99	430023488	  0.67	水泥	甘肃	3.20	9.85	218957	217572	  1.01	711	1009	--  	      77616.27	
="600059"	古越龙山	-1.84	9.06	-0.17	9.05	9.06	219929	115	0.00	          2.72	9.22	9.23	8.92	9.23	    76.25	199637280	  0.70	红黄药酒	浙江	3.36	9.08	129590	90339	  1.43	472	109	--  	      80852.40	
="002155"	辰州矿业	-1.85	10.09	-0.19	10.09	10.10	269365	1938	0.00	          2.70	10.31	10.34	9.90	10.28	    73.17	272212192	  0.88	黄金	湖南	4.28	10.11	150091	119273	  1.26	1110	971	--  	      99608.52	
="002075"	沙钢股份	-1.85	5.30	-0.10	5.29	5.30	230638	2474	0.18	          1.46	5.34	5.48	5.17	5.40	   119.73	123004328	  0.81	特钢	江苏	5.74	5.33	134514	96123	  1.40	523	1779	--  	     157626.48	
="601633"	长城汽车	-1.89	38.90	-0.75	38.92	38.94	105809	5	0.36	          0.53	39.67	40.18	38.30	39.65	    15.89	412783904	  1.64	汽车整车	河北	4.74	39.01	59170	46639	  1.27	1	12	--  	     200924.30	
="600612"	老凤祥	-1.89	33.66	-0.65	33.56	33.66	10204	9	0.32	          0.32	33.10	34.30	33.04	34.31	    18.20	34159548	  0.75	服饰	上海	3.67	33.48	6847	3356	  2.04	6	20	--  	      31710.96	
="600066"	宇通客车	-1.90	21.65	-0.42	21.64	21.66	182412	13	-0.32	          1.47	22.06	22.17	21.42	22.07	    18.30	396194816	  0.74	汽车整车	河南	3.40	21.72	85273	97139	  0.88	107	117	--  	     124421.64	
="000655"	金岭矿业	-1.91	9.22	-0.18	9.21	9.22	86097	876	-0.10	          1.45	9.44	9.44	9.13	9.40	    28.14	79499216	  0.70	普钢	山东	3.30	9.23	49165	36932	  1.33	388	896	--  	      59534.01	
="002220"	天宝股份	-1.92	9.73	-0.19	9.72	9.73	52219	343	0.20	          1.34	9.90	9.90	9.60	9.92	    26.26	50751600	  0.58	食品	辽宁	3.02	9.72	29778	22441	  1.33	80	675	--  	      38948.12	
="600521"	华海药业	-1.94	15.69	-0.31	15.68	15.70	91271	79	1.22	          1.17	15.90	16.03	15.38	16.00	    45.68	142160016	  0.89	化学制药	浙江	4.06	15.58	49078	42192	  1.16	31	46	--  	      78087.79	
="000988"	华工科技	-1.95	13.60	-0.27	13.59	13.60	242521	1375	0.14	          2.72	13.97	13.97	13.36	13.87	    61.57	328392960	  0.91	电器仪表	湖北	4.40	13.54	125027	117493	  1.06	62	92	--  	      89111.65	
="300070"	碧水源	-1.95	36.65	-0.73	36.63	36.65	110071	415	-0.08	          1.70	37.00	37.49	36.19	37.38	   176.14	403717856	  0.39	环境保护	北京	3.48	36.68	57849	52222	  1.11	2	339	--  	      64693.33	
="601233"	桐昆股份	-1.98	8.41	-0.17	8.41	8.42	113157	80	0.00	          1.18	8.58	8.70	8.28	8.58	   356.32	95987712	  0.69	化纤	浙江	4.90	8.48	66861	46295	  1.44	81	335	--  	      95927.07	
="600676"	交运股份	-2.00	8.83	-0.18	8.82	8.83	161637	90	0.22	          2.07	9.01	9.14	8.71	9.01	    23.94	144059984	  0.73	汽车配件	上海	4.77	8.91	95103	66533	  1.43	189	100	--  	      78214.10	
="002325"	洪涛股份	-2.01	11.22	-0.23	11.22	11.23	147457	1612	0.26	          2.97	11.35	11.45	11.07	11.45	    26.38	164858016	  0.98	装修装饰	深圳	3.32	11.18	78990	68466	  1.15	270	175	--  	      49715.00	
="600362"	江西铜业	-2.03	17.38	-0.36	17.38	17.39	461515	7	0.17	          2.22	17.75	17.85	17.16	17.74	    19.42	804265600	  0.99	铜	江西	3.89	17.43	249982	211533	  1.18	34	263	--  	     207524.73	
="002007"	华兰生物	-2.07	35.50	-0.75	35.50	35.51	82435	1353	0.19	          1.43	36.00	36.19	35.02	36.25	    36.62	293156992	  0.89	生物制药	河南	3.23	35.56	48412	34023	  1.42	7	5	--  	      57686.69	
="600007"	中国国贸	-2.08	14.61	-0.31	14.61	14.62	56756	23	0.48	          0.56	14.93	14.95	14.38	14.92	    25.72	83071128	  0.80	园区开发	北京	3.82	14.64	36561	20194	  1.81	3	23	--  	     100728.25	
="000338"	潍柴动力	-2.12	25.44	-0.55	25.44	25.45	309526	2420	-0.19	          2.96	26.06	26.18	25.15	25.99	     8.58	791739648	  0.81	汽车配件	山东	3.96	25.58	173593	135932	  1.28	405	1069	--  	     104608.49	
="600675"	中华企业	-2.13	6.43	-0.14	6.43	6.44	559674	51	0.00	          3.00	6.55	6.58	6.35	6.57	    58.53	360623936	  0.94	区域地产	上海	3.50	6.44	292669	267004	  1.10	209	492	--  	     186705.94	
="600284"	浦东建设	-2.14	11.43	-0.25	11.43	11.44	271573	13	0.08	          4.11	11.65	11.72	11.28	11.68	    25.02	312054368	  0.83	建筑施工	上海	3.77	11.49	158710	112862	  1.41	502	444	--  	      66104.00	
="000789"	万年青	-2.15	12.77	-0.28	12.77	12.78	163882	648	0.07	          4.01	13.05	13.09	12.50	13.05	    10.44	209010192	  0.92	水泥	江西	4.52	12.75	92180	71701	  1.29	174	535	--  	      40888.75	
="601369"	陕鼓动力	-2.16	8.61	-0.19	8.60	8.62	198870	35	0.11	          1.21	8.76	8.78	8.50	8.80	    35.95	171746960	  0.50	机械基件	陕西	3.18	8.64	110991	87878	  1.26	5	216	--  	     163877.02	
="000725"	京东方Ａ	-2.17	3.16	-0.07	3.16	3.17	4317576	81550	0.31	          3.75	3.23	3.23	3.10	3.23	    45.09	1368177792	  0.86	元器件	北京	4.02	3.17	2503933	1813642	  1.38	18933	43101	--  	    1150574.38	
="600101"	明星电力	-2.18	9.85	-0.22	9.85	9.87	90530	35	-0.10	          2.79	10.03	10.04	9.70	10.07	    20.97	89300064	  0.78	水力发电	四川	3.38	9.86	51430	39100	  1.32	49	25	--  	      32417.90	
="000012"	南  玻Ａ	-2.20	8.88	-0.20	8.88	8.89	559491	4861	-0.11	          4.29	9.09	9.09	8.76	9.08	    18.75	497275648	  0.81	玻璃	深圳	3.63	8.89	313868	245622	  1.28	1246	3786	--  	     130276.85	
="002237"	恒邦股份	-2.21	16.79	-0.38	16.78	16.79	100203	432	0.11	          2.50	17.07	17.15	16.55	17.17	    24.41	168099936	  0.88	黄金	山东	3.49	16.78	63591	36611	  1.74	387	133	--  	      40015.00	
="601877"	正泰电器	-2.23	32.06	-0.73	32.05	32.06	32713	1	-0.12	          0.32	32.71	32.75	31.55	32.79	    18.45	104830784	  0.85	电气设备	浙江	3.66	32.05	21163	11550	  1.83	47	3	--  	     101144.64	
="600516"	方大炭素	-2.28	11.12	-0.26	11.10	11.11	806945	31	0.27	          4.69	11.26	11.49	10.92	11.38	    42.27	897555328	  0.88	矿物制品	甘肃	5.01	11.12	428499	378446	  1.13	203	268	--  	     171916.03	
="600277"	亿利能源	-2.30	9.36	-0.22	9.36	9.37	563570	22	0.00	          2.70	9.50	9.54	9.31	9.58	    38.65	530185472	  0.68	化工原料	内蒙	2.40	9.41	334868	228701	  1.46	1831	7093	--  	     208958.95	
="601139"	深圳燃气	-2.30	8.50	-0.20	8.51	8.52	131172	148	0.11	          0.66	8.65	8.76	8.41	8.70	    21.67	112401824	  0.71	供气供热	深圳	4.02	8.57	81742	49430	  1.65	346	132	--  	     198045.67	
="600740"	山西焦化	-2.31	6.78	-0.16	6.77	6.78	170446	40	0.29	          2.59	6.89	6.93	6.68	6.94	   188.75	116048240	  0.99	焦炭加工	山西	3.60	6.81	104393	66053	  1.58	183	160	--  	      65683.27	
="000729"	燕京啤酒	-2.33	7.97	-0.19	7.97	7.98	246884	1179	0.12	          0.99	8.16	8.17	7.89	8.16	    18.33	197123984	  1.00	啤酒	北京	3.43	7.98	146097	100787	  1.45	72	1294	--  	     249943.92	
="000157"	中联重科	-2.37	6.17	-0.15	6.16	6.17	2903613	36668	0.98	          4.64	6.33	6.33	5.98	6.32	    35.65	1776237056	  1.05	工程机械	湖南	5.54	6.12	1494640	1408972	  1.06	356	1097	--  	     626117.19	
="002561"	徐家汇	-2.38	13.14	-0.32	13.14	13.15	65363	534	0.07	          1.72	13.44	13.44	12.87	13.46	    22.62	85866488	  0.78	百货	上海	4.23	13.14	42445	22917	  1.85	409	28	--  	      37991.03	
="600804"	鹏博士	-2.41	19.06	-0.47	19.07	19.08	432234	69	0.05	          3.22	19.40	19.99	19.00	19.53	    47.12	842908864	  0.72	电信运营	四川	5.07	19.50	238413	193820	  1.23	106	572	--  	     134194.16	
="600449"	宁夏建材	-2.42	11.67	-0.29	11.67	11.68	168003	50	0.00	          6.70	11.83	11.95	11.51	11.96	    15.05	196896080	  0.72	水泥	宁夏	3.68	11.72	96841	71161	  1.36	41	335	--  	      25076.77	
="600335"	国机汽车	-2.46	19.42	-0.49	19.32	19.35	62913	2	0.93	          1.12	19.73	19.85	18.87	19.91	    14.61	121158936	  1.03	汽车配件	天津	4.92	19.26	42919	19993	  2.15	1	100	--  	      56000.46	
="600873"	梅花生物	-2.53	6.55	-0.17	6.55	6.56	507289	10	0.00	          1.63	6.72	6.78	6.50	6.72	    56.29	335951424	  0.80	食品	西藏	4.17	6.62	318281	189008	  1.68	223	951	--  	     310822.66	
="600875"	东方电气	-2.55	17.99	-0.47	17.99	18.00	356982	31	0.00	          2.15	18.51	18.62	17.63	18.46	    24.82	642748864	  1.10	电气设备	四川	5.36	18.01	202950	154032	  1.32	337	291	--  	     166386.00	
="600805"	悦达投资	-2.57	12.14	-0.32	12.13	12.14	395873	15	0.00	          4.66	12.46	12.48	12.02	12.46	    10.32	482477056	  0.99	综合类	江苏	3.69	12.19	200889	194983	  1.03	504	111	--  	      84920.21	
="600196"	复星医药	-2.58	21.52	-0.57	21.51	21.52	334957	13	0.09	          1.76	22.01	22.01	21.30	22.09	    23.69	722303424	  1.02	化学制药	上海	3.21	21.56	181143	153814	  1.18	1088	268	--  	     190439.23	
="600123"	兰花科创	-2.58	9.80	-0.26	9.80	9.81	403610	4	0.00	          3.53	10.02	10.03	9.70	10.06	   477.80	398174976	  0.98	煤炭开采	山西	3.28	9.87	238725	164885	  1.45	732	148	--  	     114240.00	
="601898"	中煤能源	-2.59	6.02	-0.16	6.02	6.03	718853	124	0.16	          0.79	6.15	6.17	5.92	6.18	    90.81	435765504	  1.07	煤炭开采	北京	4.05	6.06	401971	316881	  1.27	690	1484	--  	     915200.06	
="600801"	华新水泥	-2.66	9.50	-0.26	9.50	9.51	288395	118	0.10	          2.97	9.77	9.83	9.40	9.76	    13.08	276035904	  0.78	水泥	湖北	4.41	9.57	158857	129538	  1.23	416	739	--  	      97167.99	
="601600"	中国铝业	-2.68	5.09	-0.14	5.09	5.10	1570205	19	-0.19	          1.64	5.20	5.21	5.03	5.23	--  	802239936	  0.93	铝	北京	3.44	5.11	888925	681279	  1.30	2199	5771	--  	     958052.19	
="600058"	五矿发展	-2.71	15.07	-0.42	15.05	15.07	195821	200	0.26	          1.83	15.40	15.41	14.73	15.49	    68.57	295579488	  0.92	商贸代理	北京	4.39	15.09	119690	76130	  1.57	634	285	--  	     107191.07	
="601958"	金钼股份	-2.71	9.68	-0.27	9.68	9.69	227777	4	0.10	          0.71	9.93	10.08	9.50	9.95	   134.16	222188528	  0.93	小金属	陕西	5.83	9.75	133098	94678	  1.41	171	300	--  	     322660.44	
="600621"	华鑫股份	-2.72	7.88	-0.22	7.89	7.90	116631	8	-0.25	          2.23	8.11	8.19	7.84	8.10	    32.80	93562896	  0.93	全国地产	上海	4.32	8.02	67459	49171	  1.37	192	10	--  	      52408.23	
="600648"	外高桥	-2.72	32.93	-0.92	32.90	32.92	118185	41	-0.09	          1.46	33.66	34.14	32.48	33.85	    51.41	392396160	  0.87	园区开发	上海	4.90	33.20	68310	49875	  1.37	378	175	--  	      81022.34	
="600497"	驰宏锌锗	-2.72	11.80	-0.33	11.79	11.81	307698	33	0.00	          1.85	12.11	12.11	11.63	12.13	    96.52	365897152	  1.04	铅锌	云南	3.96	11.89	174889	132808	  1.32	223	133	--  	     166756.09	
="000758"	中色股份	-2.73	13.56	-0.38	13.55	13.56	304358	2415	0.14	          3.38	13.85	13.86	13.35	13.94	   142.22	413504896	  0.89	铅锌	北京	3.66	13.59	165649	138708	  1.19	472	1574	--  	      90156.15	
="000778"	新兴铸管	-2.74	5.68	-0.16	5.67	5.68	1339288	5905	0.17	          3.68	5.85	5.87	5.57	5.84	    23.14	763427584	  0.77	钢加工	河北	5.14	5.70	746760	592528	  1.26	1590	4246	--  	     364209.41	
="000937"	冀中能源	-2.79	8.37	-0.24	8.36	8.37	402661	1602	0.11	          1.82	8.61	8.61	8.23	8.61	   418.35	337140384	  1.05	煤炭开采	河北	4.41	8.37	221946	180714	  1.23	667	2382	--  	     220706.56	
="000983"	西山煤电	-2.82	7.59	-0.22	7.59	7.60	612253	3360	0.00	          1.94	7.81	7.84	7.50	7.81	    52.36	468051552	  0.90	煤炭开采	山西	4.35	7.64	353704	258549	  1.37	2448	1899	--  	     315117.00	
="601699"	潞安环能	-2.84	11.27	-0.33	11.27	11.28	503920	95	0.00	          2.19	11.60	11.61	11.10	11.60	    30.63	571427200	  0.91	煤炭开采	山西	4.40	11.34	279374	224545	  1.24	244	1732	--  	     230108.41	
="600763"	通策医疗	-2.87	53.15	-1.57	53.16	53.23	6131	2	0.09	          0.38	54.56	54.56	52.50	54.72	    70.30	32592588	  0.58	医疗保健	浙江	3.76	53.16	4106	2025	  2.03	8	3	--  	      16032.00	
="600111"	包钢稀土	-2.90	24.45	-0.73	24.44	24.45	697906	13	0.04	          4.72	25.00	25.01	24.12	25.18	   111.91	1713933824	  0.78	小金属	内蒙	3.53	24.56	367469	330437	  1.11	421	45	--  	     147946.98	
="000401"	冀东水泥	-2.92	10.97	-0.33	10.97	10.98	179646	1256	0.00	          1.48	11.26	11.31	10.84	11.30	   534.54	196853504	  0.70	水泥	河北	4.16	10.96	112617	67029	  1.68	694	247	--  	     121233.36	
="600809"	山西汾酒	-2.96	21.34	-0.65	21.34	21.35	110215	1	-0.04	          1.27	21.88	21.88	21.06	21.99	    34.77	235573184	  0.82	白酒	山西	3.73	21.37	65444	44771	  1.46	43	206	--  	      86584.82	
="600259"	广晟有色	-3.08	49.02	-1.56	49.06	49.08	84690	7	0.14	          3.40	50.58	50.58	48.00	50.58	  1073.45	416166464	  1.06	小金属	海南	5.10	49.14	47184	37506	  1.26	20	5	--  	      24940.00	
="601928"	凤凰传媒	-3.29	12.06	-0.41	12.05	12.06	600446	26	-0.08	          8.47	12.39	12.39	11.90	12.47	    31.34	728626368	  0.76	出版业	江苏	3.93	12.13	347620	252825	  1.37	646	23	--  	      70878.35	
="300262"	巴安水务	-3.29	18.20	-0.62	18.20	18.22	89842	591	0.55	          5.71	18.63	18.70	18.03	18.82	    58.05	163709024	  0.71	环境保护	上海	3.56	18.22	53174	36668	  1.45	313	27	--  	      15727.58	
="601777"	力帆股份	-3.29	9.98	-0.34	9.97	9.98	178350	17	-0.29	          1.84	10.33	10.35	9.86	10.32	    23.53	179703504	  1.02	摩托车	重庆	4.75	10.08	108868	69481	  1.57	8	20	--  	      97137.89	
="600830"	香溢融通	-3.33	11.60	-0.40	11.59	11.60	314618	5	-0.25	          6.92	12.00	12.00	11.30	12.00	    58.43	367552928	  1.11	多元金融	浙江	5.83	11.68	172515	142103	  1.21	41	3000	--  	      45432.26	
="000978"	桂林旅游	-3.42	10.17	-0.36	10.16	10.17	107142	699	-0.39	          2.98	10.43	10.43	9.99	10.53	--  	109448144	  0.75	旅游景点	广西	4.18	10.22	64463	42678	  1.51	72	425	--  	      36010.00	
="600199"	金种子酒	-3.42	11.01	-0.39	11.00	11.01	267866	13	-0.18	          4.82	11.38	11.38	10.73	11.40	    81.58	296152512	  0.90	白酒	安徽	5.70	11.06	138702	129164	  1.07	359	78	--  	      55577.50	
="002160"	*ST常铝	-3.43	6.48	-0.23	6.47	6.48	80023	620	0.77	          2.46	6.62	6.68	6.38	6.71	   110.03	52150732	  1.08	铝	江苏	4.47	6.52	47991	32032	  1.50	20	614	--  	      32469.63	
="600739"	辽宁成大	-3.56	23.29	-0.86	23.28	23.29	1463466	45	-0.42	         10.72	24.30	24.50	22.60	24.15	    36.36	3453973248	  1.31	商贸代理	辽宁	7.87	23.60	806052	657414	  1.23	23	139	--  	     136470.98	
="600706"	曲江文旅	-3.73	16.27	-0.63	16.26	16.27	38154	2	0.06	          4.45	16.72	16.90	16.10	16.90	    48.30	62716560	  0.73	旅游服务	陕西	4.73	16.44	23341	14813	  1.58	7	407	--  	       8573.24	
="600278"	东方创业	-3.85	13.50	-0.54	13.49	13.51	179443	56	0.00	          3.44	14.06	14.19	13.18	14.04	    55.37	245361552	  1.16	商贸代理	上海	7.19	13.67	103820	75622	  1.37	28	9	--  	      52224.17	
="002378"	章源钨业	-3.91	24.33	-0.99	24.33	24.34	58149	444	0.16	          1.36	25.27	25.68	24.07	25.32	   140.22	143772624	  1.19	小金属	江西	6.36	24.72	35645	22503	  1.58	247	27	--  	      42821.35	
="000831"	五矿稀土	-3.94	25.13	-1.03	25.13	25.14	244451	1142	0.03	          3.28	26.15	26.16	24.70	26.16	--  	619675648	  1.18	小金属	山西	5.58	25.35	142495	101955	  1.40	784	128	--  	      74449.32	
="601388"	怡球资源	-4.12	10.25	-0.44	10.23	10.24	113115	33	0.00	          5.08	10.58	10.72	10.12	10.69	   148.93	117235584	  0.96	铝	江苏	5.61	10.36	66297	46818	  1.42	165	190	--  	      22254.05	
="600638"	新黄浦	-4.31	15.78	-0.71	15.78	15.79	61913	21	0.31	          1.10	16.48	16.48	15.61	16.49	    89.72	98447856	  0.97	区域地产	上海	5.28	15.90	37311	24602	  1.52	73	4	--  	      56116.39	
="600764"	中电广通	-5.43	11.14	-0.64	11.12	11.13	56918	64	-0.17	          1.73	11.85	11.85	11.00	11.78	   596.52	64224408	  0.85	通信设备	北京	7.22	11.28	34910	22008	  1.59	121	65	--  	      32972.69	
="000532"	力合股份	-5.50	18.55	-1.08	18.55	18.57	153493	1145	0.48	          4.48	19.11	19.39	18.18	19.63	   232.45	286833600	  1.04	元器件	广东	6.16	18.69	85526	67966	  1.26	368	92	--  	      34279.58	
="600280"	中央商场	-6.39	13.47	-0.92	13.48	13.49	148694	9	0.07	          2.59	14.25	14.26	13.13	14.39	    11.73	204022016	  1.32	百货	江苏	7.85	13.72	82589	66104	  1.25	461	340	--  	      57416.73	
数据来源:通达信
