代码	名称	涨幅%%	现价	涨跌	买价	卖价	总量	现量	涨速%%	换手%%	今开	最高	最低	昨收	市盈(动)	总金额	量比	细分行业	地区	振幅%%	均价	内盘	外盘	内外比	买量	卖量	未匹配量	流通股本	
="000507"	珠海港	10.05	7.12	0.65	7.12	--  	1248712	1116	          0.00	         16.17	6.50	7.12	6.50	6.47	--  	879014720	  1.83	港口	广东	 9.58	7.04	748966	499746	  1.50	84662	0	--  	      77214.38	
="600160"	巨化股份	10.05	7.23	0.66	7.23	--  	1054491	60	          0.00	          5.82	6.56	7.23	6.44	6.57	    84.37	736236352	  1.48	化工原料	浙江	12.02	6.98	425309	629182	  0.68	24191	0	--  	     181091.59	
="600021"	上海电力	10.02	6.70	0.61	6.70	--  	1225271	56	          0.00	          5.73	6.10	6.70	6.07	6.09	    17.64	799534016	  1.61	火力发电	上海	10.34	6.53	561589	663682	  0.85	6042	0	--  	     213973.92	
="002084"	海鸥卫浴	10.00	8.36	0.76	8.36	--  	25779	1	          0.00	          0.63	8.36	8.36	8.36	7.60	    97.94	21551420	  0.14	家居用品	广东	 0.00	8.36	23742	2037	 11.66	167839	0	--  	      40605.57	
="000686"	东北证券	10.00	12.54	1.14	12.54	--  	1723796	1984	          0.00	         10.20	11.40	12.54	11.22	11.40	    30.56	2082278016	  1.45	证券	吉林	11.58	12.08	775139	948657	  0.82	136178	0	--  	     168948.16	
="600663"	陆家嘴	9.99	24.56	2.23	24.56	--  	163481	3	          0.00	          1.20	22.36	24.56	22.20	22.33	    34.87	392001856	  0.99	园区开发	上海	10.57	23.98	91495	71986	  1.27	42863	0	--  	     135808.41	
="300230"	永利带业	9.97	10.59	0.96	10.59	--  	594	1	          0.00	          0.06	10.59	10.59	10.59	9.63	    32.35	629396	  0.05	塑料	上海	 0.00	10.59	594	0	--  	36789	0	--  	      10127.07	
="600022"	山东钢铁	9.91	2.55	0.23	2.55	--  	2365574	10	          0.00	          4.43	2.54	2.55	2.42	2.32	--  	595293888	 10.56	普钢	山东	 5.60	2.52	1155021	1210553	  0.95	167267	0	--  	     534315.81	
="000601"	韶能股份	9.83	6.37	0.57	6.36	6.37	569250	4141	          0.31	          5.73	5.73	6.38	5.73	5.80	    19.43	349291552	  1.55	火力发电	广东	11.21	6.14	216948	352302	  0.62	2424	1351	--  	      99398.67	
="600483"	福能股份	8.33	10.14	0.78	10.14	10.15	157733	15	          0.39	          5.47	9.46	10.18	9.42	9.36	    17.78	155191856	  0.76	火力发电	福建	 8.12	9.84	69301	88432	  0.78	80	495	--  	      28848.36	
="002676"	顺威股份	7.82	18.33	1.33	18.32	18.33	32323	716	          0.60	          7.56	16.92	18.33	16.92	17.00	    55.84	57537148	  1.45	塑料	广东	 8.29	17.80	13295	19028	  0.70	206	178	--  	       4275.22	
="600676"	交运股份	7.15	8.99	0.60	8.99	9.00	527995	121	          0.22	          6.75	8.30	9.18	8.26	8.39	    24.37	467219392	  1.53	汽车配件	上海	10.97	8.85	238014	289981	  0.82	415	2037	--  	      78214.10	
="600867"	通化东宝	7.11	18.24	1.21	18.23	18.25	223407	500	          0.05	          2.18	17.08	18.35	16.96	17.03	    64.25	399827904	  1.58	生物制药	吉林	 8.16	17.90	92250	131157	  0.70	1	743	--  	     102460.04	
="600359"	新农开发	7.09	12.08	0.80	12.07	12.08	430740	2	          0.00	         13.42	11.20	12.28	11.01	11.28	--  	502053632	  2.36	农业综合	新疆	11.26	11.66	187034	243706	  0.77	112	55	--  	      32100.00	
="002560"	通达股份	7.05	20.34	1.34	20.33	20.34	22848	709	          0.44	          5.00	18.83	20.40	18.83	19.00	    80.39	44935580	  1.06	电气设备	河南	 8.26	19.67	8788	14060	  0.63	3	231	--  	       4567.37	
="002361"	神剑股份	6.78	9.13	0.58	9.13	9.14	64228	2490	          0.44	          3.63	8.55	9.13	8.48	8.55	    34.38	56982360	  1.09	化工原料	安徽	 7.60	8.87	27301	36927	  0.74	230	311	--  	      17698.19	
="002339"	积成电子	6.48	11.51	0.70	11.50	11.51	179894	1198	          0.17	          6.33	10.73	11.53	10.58	10.81	    51.91	200863392	  1.67	软件服务	山东	 8.79	11.17	69865	110029	  0.63	788	272	--  	      28414.25	
="000088"	盐 田 港	6.31	8.09	0.48	8.08	8.09	654906	5736	         -0.12	          3.37	7.55	8.27	7.51	7.61	    34.15	525357248	  1.04	港口	深圳	 9.99	8.02	314074	340832	  0.92	1813	2245	--  	     194212.78	
="000936"	华西股份	6.18	5.84	0.34	5.83	5.84	321174	3770	          0.00	          4.30	5.40	5.87	5.40	5.50	   111.23	183982992	  1.89	化纤	江苏	 8.55	5.73	122489	198685	  0.62	592	1403	--  	      74768.59	
="000816"	江淮动力	6.03	6.86	0.39	6.85	6.86	513083	3685	          0.29	          4.71	6.45	6.95	6.37	6.47	   173.28	347270176	  2.30	机械基件	江苏	 8.96	6.77	241786	271297	  0.89	2526	3333	--  	     108877.75	
="600655"	豫园商城	5.96	11.56	0.65	11.55	11.57	471709	200	         -0.08	          3.28	10.91	11.87	10.81	10.91	    21.35	542028096	  1.66	百货	上海	 9.72	11.49	208269	263440	  0.79	655	323	--  	     143732.20	
="600058"	五矿发展	5.72	14.96	0.81	14.97	14.98	472523	73	          0.20	          4.41	14.10	15.35	13.94	14.15	    68.07	696064896	  1.21	商贸代理	北京	 9.96	14.73	220090	252433	  0.87	13	88	--  	     107191.07	
="601688"	华泰证券	5.55	12.93	0.68	12.95	12.96	1844638	208	          0.23	          3.29	11.90	12.96	11.85	12.25	    20.53	2297071616	  1.03	证券	江苏	 9.06	12.45	829180	1015458	  0.82	2563	1233	--  	     560000.00	
="600540"	新赛股份	5.38	9.21	0.47	9.21	9.22	193564	121	          0.54	          6.39	8.65	9.26	8.54	8.74	   693.04	173975280	  2.35	种植业	新疆	 8.24	8.99	81913	111651	  0.73	55	532	--  	      30270.84	
="002465"	海格通信	5.26	17.62	0.88	17.62	17.63	642927	5813	          0.05	          7.11	16.90	18.13	16.78	16.74	    74.11	1135657984	  3.23	通信设备	广东	 8.06	17.66	285979	356948	  0.80	452	1357	--  	      90429.34	
="600635"	大众公用	5.25	6.21	0.31	6.21	6.22	572498	10	          0.32	          3.48	5.90	6.29	5.86	5.90	    37.98	351788224	  1.82	供气供热	上海	 7.29	6.14	267871	304627	  0.88	1810	3253	--  	     164486.98	
="002162"	斯米克	4.97	9.30	0.44	9.29	9.30	392920	1447	         -0.10	          9.40	8.79	9.74	8.68	8.86	   401.00	365895072	  2.77	陶瓷	上海	11.96	9.31	175816	217104	  0.81	1708	785	--  	      41800.00	
="600439"	瑞贝卡	4.96	4.87	0.23	4.86	4.87	370886	17	          0.41	          3.93	4.60	4.88	4.56	4.64	    26.51	177010320	  1.36	服饰	河南	 6.90	4.77	162380	208506	  0.78	309	193	--  	      94332.11	
="002615"	哈尔斯	4.86	30.61	1.42	30.61	30.62	21891	194	         -0.09	          4.29	29.29	30.70	29.25	29.19	    36.94	66167548	  1.05	家居用品	浙江	 4.97	30.23	8435	13456	  0.63	11	116	--  	       5106.25	
="600682"	南京新百	4.78	16.87	0.77	16.85	16.87	54144	54	          0.17	          1.51	16.10	16.90	16.03	16.10	    46.08	89423776	  1.19	百货	江苏	 5.40	16.52	29720	24424	  1.22	105	20	--  	      35796.01	
="600673"	东阳光科	4.62	16.09	0.71	16.10	16.12	277081	130	         -0.24	          3.37	15.26	16.24	15.26	15.38	   102.26	441415360	  1.63	铝	广东	 6.37	15.93	124843	152238	  0.82	142	825	--  	      82261.22	
="601137"	博威合金	4.62	20.40	0.90	20.39	20.40	65879	4	          0.04	          3.06	19.44	20.47	19.29	19.50	    64.83	132293648	  3.05	铜	浙江	 6.05	20.08	28775	37104	  0.78	41	136	--  	      21500.00	
="600532"	宏达矿业	4.59	10.25	0.45	10.24	10.25	44802	12	          0.00	          2.71	9.89	10.30	9.75	9.80	    26.03	45094204	  0.79	普钢	山东	 5.61	10.07	18728	26074	  0.72	41	20	--  	      16510.25	
="000623"	吉林敖东	4.47	22.92	0.98	22.91	22.92	253588	3631	         -0.04	          3.21	21.95	22.95	21.66	21.94	    16.82	564177280	  0.83	中成药	吉林	 5.88	22.25	127971	125617	  1.02	58	3418	--  	      78904.07	
="002470"	金正大	4.45	26.73	1.14	26.70	26.73	47441	1032	          0.07	          0.80	25.52	26.79	25.52	25.59	    17.22	124705528	  1.24	农药化肥	山东	 4.96	26.29	18485	28956	  0.64	91	307	--  	      59254.00	
="002093"	国脉科技	4.27	7.57	0.31	7.57	7.58	433946	7073	          0.66	          5.09	7.20	7.57	7.11	7.26	   134.70	321437760	  1.73	电信运营	福建	 6.34	7.41	183221	250725	  0.73	871	1501	--  	      85291.22	
="002673"	西部证券	4.24	17.70	0.72	17.69	17.70	334607	4878	          0.45	          4.87	16.80	17.70	16.51	16.98	    37.85	572364224	  0.79	证券	陕西	 7.01	17.11	149419	185188	  0.81	2145	2780	--  	      68761.11	
="600985"	雷鸣科化	4.20	16.36	0.66	16.38	16.39	19809	247	          0.24	          1.53	15.70	16.38	15.48	15.70	    23.60	31595276	  1.20	化工原料	安徽	 5.73	15.95	7900	11909	  0.66	52	55	--  	      12960.00	
="600999"	招商证券	4.16	14.01	0.56	14.03	14.04	917828	66	         -0.28	          1.97	13.32	14.10	13.21	13.45	    24.09	1252129664	  0.98	证券	深圳	 6.62	13.64	426424	491404	  0.87	14	1757	--  	     466109.97	
="600004"	白云机场	4.12	9.85	0.39	9.85	9.86	140735	120	          0.00	          1.22	9.44	9.89	9.36	9.46	    11.41	137326144	  0.92	机场	广东	 5.60	9.76	56599	84136	  0.67	124	843	--  	     115000.00	
="002695"	煌上煌	4.08	34.20	1.34	34.20	34.21	31831	216	          0.08	          7.41	32.80	34.30	32.61	32.86	    38.27	106961520	  1.46	食品	江西	 5.14	33.60	15797	16034	  0.99	29	40	--  	       4293.64	
="600881"	亚泰集团	4.06	5.64	0.22	5.63	5.64	474814	202	         -0.35	          2.51	5.37	5.68	5.31	5.42	    49.95	260699104	  1.16	水泥	吉林	 6.83	5.49	248064	226750	  1.09	951	642	--  	     189473.20	
="000776"	广发证券	4.01	13.48	0.52	13.48	13.49	1005702	22032	         -0.14	          1.70	12.80	13.51	12.70	12.96	    19.68	1324798080	  0.74	证券	广东	 6.25	13.17	451190	554512	  0.81	4564	4224	--  	     591929.13	
="600165"	新日恒力	3.92	10.07	0.38	10.05	10.06	46521	23	          0.69	          2.40	9.74	10.08	9.63	9.69	--  	45772544	  0.95	钢加工	宁夏	 4.64	9.84	22220	24301	  0.91	245	7	--  	      19395.34	
="000652"	泰达股份	3.91	5.84	0.22	5.83	5.84	201806	5413	          0.86	          1.38	5.59	5.87	5.51	5.62	--  	114838768	  0.62	综合类	天津	 6.41	5.69	101624	100182	  1.01	1460	3018	--  	     146567.00	
="600378"	天科股份	3.91	15.15	0.57	15.16	15.17	35267	32	         -0.32	          1.19	14.43	15.21	14.43	14.58	    66.89	52625504	  0.81	化工原料	四川	 5.35	14.92	15354	19913	  0.77	35	91	--  	      29719.33	
="000897"	津滨发展	3.91	6.65	0.25	6.64	6.65	662348	9813	          0.00	          4.10	6.39	6.71	6.32	6.40	   355.28	434440384	  0.75	区域地产	天津	 6.09	6.56	313338	349010	  0.90	1014	2671	--  	     161708.06	
="300196"	长海股份	3.90	19.43	0.73	19.43	19.44	15082	188	          0.00	          1.38	18.73	19.45	18.54	18.70	    26.22	28891860	  0.67	玻璃	江苏	 4.87	19.16	7810	7272	  1.07	16	48	--  	      10918.94	
="600082"	海泰发展	3.90	6.40	0.24	6.39	6.40	206939	21	          0.15	          3.28	6.11	6.43	6.06	6.16	    56.61	130404888	  0.84	园区开发	天津	 6.01	6.30	87442	119497	  0.73	1216	1117	--  	      62998.89	
="000750"	国海证券	3.84	11.37	0.42	11.36	11.37	1001651	25665	          0.17	          4.96	10.78	11.37	10.71	10.95	    42.33	1112355968	  0.60	证券	广西	 6.03	11.11	479302	522349	  0.92	16390	1328	--  	     201821.09	
="002572"	索菲亚	3.82	22.84	0.84	22.83	22.84	12409	57	          0.00	          0.49	21.80	22.90	21.78	22.00	    38.14	27849290	  0.69	家居用品	广东	 5.09	22.44	5870	6539	  0.90	25	41	--  	      25138.69	
="000998"	隆平高科	3.61	18.09	0.63	18.08	18.09	253026	2773	          0.00	          3.04	17.42	18.16	17.10	17.46	   116.46	452411616	  1.59	种植业	湖南	 6.07	17.88	108674	144352	  0.75	1693	341	--  	      83123.59	
="601788"	光大证券	3.41	13.35	0.44	13.35	13.36	866079	14	          0.22	          2.53	12.80	13.39	12.60	12.91	    38.09	1124369792	  0.80	证券	上海	 6.12	12.98	421515	444564	  0.95	942	2041	--  	     341800.00	
="601111"	中国国航	3.39	4.88	0.16	4.87	4.88	921351	14	          0.00	          1.11	4.71	4.96	4.65	4.72	    15.17	446856512	  1.02	空运	北京	 6.57	4.85	463026	458325	  1.01	3243	86	--  	     832927.13	
="600083"	博信股份	3.34	10.82	0.35	10.80	10.81	32177	11	          0.09	          1.42	10.46	10.83	10.43	10.47	   588.77	34162224	  0.74	元器件	广东	 3.82	10.62	14110	18067	  0.78	7	28	--  	      22598.08	
="600502"	安徽水利	3.34	9.60	0.31	9.59	9.60	165293	3	          0.00	          3.29	9.35	9.63	9.27	9.29	    19.60	157415664	  0.94	建筑施工	安徽	 3.88	9.52	80478	84815	  0.95	627	885	--  	      50193.00	
="000729"	燕京啤酒	3.22	7.06	0.22	7.06	7.07	448332	1423	         -0.14	          1.79	6.84	7.12	6.81	6.84	    16.24	313694528	  2.20	啤酒	北京	 4.53	7.00	189380	258952	  0.73	575	331	--  	     249943.92	
="300259"	新天科技	3.06	16.18	0.48	16.15	16.18	32989	331	          0.18	          2.32	15.60	16.29	15.39	15.70	    47.82	52162784	  0.67	电器仪表	河南	 5.73	15.81	12362	20627	  0.60	8	64	--  	      14223.29	
="002687"	乔治白	3.04	11.53	0.34	11.53	11.54	26807	555	          0.00	          3.85	11.11	11.58	11.11	11.19	    41.03	30640902	  0.87	服饰	浙江	 4.20	11.43	10547	16260	  0.65	394	161	--  	       6961.27	
="600098"	广州发展	3.02	6.49	0.19	6.49	6.50	688720	697	          0.30	          2.83	6.26	6.70	6.18	6.30	    13.16	448712224	  2.65	火力发电	广东	 8.25	6.52	349634	339086	  1.03	448	924	--  	     243737.45	
="300289"	利德曼	3.01	33.24	0.97	33.23	33.24	14219	76	         -0.18	          2.55	32.00	33.40	31.75	32.27	    59.57	46573884	  0.61	生物制药	北京	 5.11	32.75	6637	7582	  0.88	13	68	--  	       5572.68	
="000672"	上峰水泥	2.99	7.57	0.22	7.56	7.57	56260	1283	          0.26	          2.67	7.38	7.57	7.32	7.35	    15.32	41823012	  0.74	水泥	甘肃	 3.40	7.43	26109	30151	  0.87	697	1246	--  	      21069.01	
="002661"	克明面业	2.91	40.97	1.16	40.91	40.98	12067	177	          0.17	          5.65	39.95	41.02	39.52	39.81	    41.23	49054924	  0.81	食品	湖南	 3.77	40.65	5232	6835	  0.77	46	28	--  	       2135.75	
="002333"	罗普斯金	2.90	13.85	0.39	13.84	13.85	32042	318	          0.14	          1.32	13.40	13.93	13.10	13.46	    56.92	43926980	  0.93	铝	江苏	 6.17	13.71	14167	17875	  0.79	33	409	--  	      24248.49	
="600221"	海南航空	2.77	2.60	0.07	2.59	2.60	3772483	834	         -0.38	          3.19	2.55	2.65	2.51	2.53	    12.58	978572928	  0.79	空运	海南	 5.53	2.59	1577418	2195065	  0.72	21554	251	--  	    1181206.38	
="600811"	东方集团	2.74	7.51	0.20	7.50	7.51	634293	353	          1.21	          3.81	7.25	7.52	7.20	7.31	     8.32	465486368	  1.14	综合类	黑龙江	 4.38	7.34	329186	305107	  1.08	683	774	--  	     166680.53	
="002253"	川大智胜	2.73	33.90	0.90	33.90	33.98	24245	234	         -0.32	          1.93	33.33	34.10	32.88	33.00	   192.37	81336888	  0.65	软件服务	四川	 3.70	33.55	13399	10846	  1.24	334	1	--  	      12585.73	
="601313"	江南嘉捷	2.72	10.97	0.29	10.96	10.97	25670	20	          0.54	          0.96	10.68	10.97	10.56	10.68	    20.20	27752252	  0.51	运输设备	江苏	 3.84	10.81	10617	15053	  0.71	16	83	--  	      26852.53	
="002073"	软控股份	2.68	13.03	0.34	13.02	13.03	177145	2072	          0.07	          2.86	12.69	13.06	12.61	12.69	    60.08	228101200	  0.65	软件服务	山东	 3.55	12.88	82634	94511	  0.87	214	324	--  	      61879.48	
="600798"	宁波海运	2.62	5.09	0.13	5.08	5.09	123663	888	          0.00	          1.42	4.92	5.10	4.85	4.96	--  	61814480	  0.56	水运	浙江	 5.04	5.00	56714	66949	  0.85	415	234	--  	      87117.45	
="000056"	深国商	2.60	17.36	0.44	17.36	17.37	143499	3871	          0.28	         10.03	16.91	17.36	16.71	16.92	--  	244507616	  2.18	房产服务	深圳	 3.84	17.04	38425	105074	  0.37	156	161	--  	      14305.55	
="600276"	恒瑞医药	2.56	39.32	0.98	39.33	39.35	59993	18	         -0.02	          0.40	38.20	39.44	38.06	38.34	    39.71	233636544	  0.84	化学制药	江苏	 3.60	38.94	24789	35204	  0.70	42	396	--  	     149624.31	
="002563"	森马服饰	2.48	38.00	0.92	38.00	38.01	16229	337	          0.07	          2.32	37.00	38.28	36.66	37.08	    28.44	60562268	  1.35	服饰	浙江	 4.37	37.32	7737	8492	  0.91	13	15	--  	       7000.00	
="000966"	长源电力	2.48	9.51	0.23	9.51	9.52	77597	943	          0.21	          1.40	9.31	9.51	9.29	9.28	     6.36	73142528	  0.54	火力发电	湖北	 2.37	9.43	33050	44547	  0.74	11	168	--  	      55414.19	
="600238"	海南椰岛	2.48	9.52	0.23	9.51	9.52	79585	196	          0.10	          1.80	9.24	9.52	9.24	9.29	    76.30	75166792	  0.52	红黄药酒	海南	 3.01	9.44	36483	43102	  0.85	75	100	--  	      44203.16	
="000625"	长安汽车	2.46	14.55	0.35	14.54	14.55	230166	1165	          0.06	          0.68	14.18	14.56	14.06	14.20	     9.33	331400512	  0.72	汽车整车	重庆	 3.52	14.40	129433	100733	  1.28	8019	1039	--  	     338752.00	
="002479"	富春环保	2.45	9.63	0.23	9.63	9.64	65550	1276	          0.41	          0.90	9.39	9.63	9.30	9.40	    38.95	61909104	  0.54	火力发电	浙江	 3.51	9.44	32734	32816	  1.00	642	163	--  	      73141.99	
="002496"	辉丰股份	2.41	18.29	0.43	18.29	18.30	38381	398	         -0.05	          2.08	17.85	18.38	17.58	17.86	    27.93	69166936	  0.93	农药化肥	江苏	 4.48	18.02	18708	19673	  0.95	216	809	--  	      18456.77	
="300203"	聚光科技	2.40	20.50	0.48	20.46	20.50	50994	495	         -0.48	          1.15	20.07	20.68	19.58	20.02	    62.22	102219808	  0.89	电器仪表	浙江	 5.49	20.05	24566	26428	  0.93	53	586	--  	      44500.00	
="000981"	银亿股份	2.35	11.78	0.27	11.78	11.79	23939	490	          0.00	          0.28	11.52	11.80	11.52	11.51	    21.58	27929390	  0.72	区域地产	甘肃	 2.43	11.67	11185	12754	  0.88	119	45	--  	      85810.52	
="600481"	双良节能	2.33	10.98	0.25	10.98	10.99	109526	160	          0.09	          1.35	10.69	10.99	10.63	10.73	    27.95	118106568	  0.78	化工原料	江苏	 3.36	10.78	57059	52467	  1.09	124	1266	--  	      81010.45	
="002450"	康得新	2.32	33.10	0.75	33.09	33.10	119695	1303	         -0.03	          1.27	32.11	33.19	31.92	32.35	    33.49	392425312	  0.43	化工原料	江苏	 3.93	32.79	61194	58501	  1.05	356	1520	--  	      94531.45	
="600120"	浙江东方	2.29	16.06	0.36	16.06	16.07	130076	44	          0.06	          2.57	15.72	16.15	15.53	15.70	    15.00	206998368	  0.44	商贸代理	浙江	 3.95	15.91	57834	72242	  0.80	23	149	--  	      50547.33	
="600736"	苏州高新	2.25	4.99	0.11	4.98	4.99	150561	489	          0.00	          1.42	4.86	4.99	4.85	4.88	    38.53	74304320	  0.46	园区开发	江苏	 2.87	4.94	64430	86131	  0.75	1418	328	--  	     105788.15	
="002588"	史丹利	2.24	31.07	0.68	31.07	31.08	23280	423	          0.09	          1.41	30.03	31.18	30.02	30.39	    16.11	71459408	  1.01	农药化肥	山东	 3.82	30.69	8845	14435	  0.61	12	1	--  	      16462.27	
="000785"	武汉中商	2.23	8.71	0.19	8.71	8.73	29342	115	         -0.22	          1.17	8.52	8.81	8.41	8.52	    65.51	25450816	  0.75	百货	湖北	 4.69	8.67	11087	18255	  0.61	61	108	--  	      25109.36	
="000543"	皖能电力	2.21	8.31	0.18	8.30	8.31	135717	1757	          0.00	          1.32	8.13	8.32	8.08	8.13	     9.25	111421688	  0.55	火力发电	安徽	 2.95	8.21	60678	75039	  0.81	1081	1488	--  	     102515.75	
="600897"	厦门空港	2.19	20.51	0.44	20.50	20.51	34864	13	          0.39	          1.17	19.90	20.54	19.90	20.07	    12.67	70864280	  0.67	机场	福建	 3.19	20.33	17297	17567	  0.98	2859	11	--  	      29781.00	
="002003"	伟星股份	2.14	10.03	0.21	10.02	10.03	43451	638	          0.29	          1.48	9.80	10.05	9.73	9.82	    13.22	42892168	  0.63	服饰	浙江	 3.26	9.87	21161	22290	  0.95	3	637	--  	      29320.38	
="000514"	渝 开 发	2.08	6.38	0.13	6.38	6.39	83680	1205	          0.00	          0.99	6.25	6.45	6.21	6.25	    33.32	52812800	  0.49	区域地产	重庆	 3.84	6.31	38477	45203	  0.85	578	960	--  	      84377.09	
="600710"	常林股份	2.02	4.54	0.09	4.53	4.54	99450	3	          0.00	          1.55	4.43	4.55	4.39	4.45	--  	44585936	  0.29	工程机械	江苏	 3.60	4.48	45416	54034	  0.84	1745	266	--  	      64028.39	
="300019"	硅宝科技	2.02	18.20	0.36	18.16	18.20	19774	154	          0.27	          1.84	17.80	18.35	17.56	17.84	    37.74	35801536	  0.74	化工原料	四川	 4.43	18.10	9324	10450	  0.89	10	111	--  	      10745.41	
="002547"	春兴精工	1.99	17.95	0.35	17.95	17.96	37415	893	          0.11	          2.60	17.69	17.95	17.45	17.60	    49.95	66224984	  0.40	通信设备	江苏	 2.84	17.70	16424	20991	  0.78	1	110	--  	      14378.58	
="600449"	宁夏建材	1.98	10.81	0.21	10.81	10.82	149022	29	          0.00	          5.94	10.38	10.85	10.28	10.60	    13.94	159207408	  0.59	水泥	宁夏	 5.38	10.68	68836	80186	  0.86	124	377	--  	      25076.77	
="000916"	华北高速	1.96	5.72	0.11	5.72	5.73	92725	380	          0.00	          0.85	5.62	5.80	5.62	5.61	    21.29	53004664	  0.51	路桥	北京	 3.21	5.72	53809	38916	  1.38	1601	265	--  	     108997.39	
="000089"	深圳机场	1.96	5.21	0.10	5.20	5.21	122699	1058	          0.00	          0.73	5.06	5.27	5.04	5.11	    34.46	63783256	  0.77	机场	深圳	 4.50	5.20	63037	59662	  1.06	2146	38	--  	     169169.27	
="000605"	渤海股份	1.96	18.76	0.36	18.76	18.78	35198	980	          0.48	          3.98	18.40	18.76	18.05	18.40	    93.28	64854968	  1.40	水务	北京	 3.86	18.43	18064	17134	  1.05	6185	173	--  	       8842.98	
="600029"	南方航空	1.92	3.72	0.07	3.71	3.72	1046572	104	          0.54	          1.49	3.60	3.76	3.53	3.65	    21.81	386442720	  0.85	空运	广东	 6.30	3.69	483176	563396	  0.86	803	10949	--  	     702265.00	
="600671"	天目药业	1.88	16.83	0.31	16.78	16.84	12579	2	          0.29	          1.03	16.49	16.96	16.36	16.52	   699.50	20971714	  0.58	中成药	浙江	 3.63	16.67	4826	7753	  0.62	37	3	--  	      12172.04	
="600005"	武钢股份	1.87	2.72	0.05	2.71	2.72	745028	923	          0.36	          0.74	2.68	2.72	2.63	2.67	    26.73	199779616	  0.65	普钢	湖北	 3.37	2.68	336227	408801	  0.82	1529	29091	--  	    1009378.00	
="000717"	韶钢松山	1.79	2.85	0.05	2.85	2.86	496877	12175	          0.00	          4.40	2.74	2.93	2.72	2.80	--  	140749248	  0.48	钢加工	广东	 7.50	2.83	223422	273455	  0.82	1162	8225	--  	     112803.64	
="600469"	风神股份	1.76	12.72	0.22	12.72	12.73	37227	4	          0.07	          0.99	12.49	12.74	12.33	12.50	    11.68	46815908	  0.54	汽车配件	河南	 3.28	12.58	18297	18930	  0.97	90	321	--  	      37494.21	
="601588"	北辰实业	1.72	3.55	0.06	3.54	3.55	238436	159	          0.00	          0.90	3.45	3.57	3.42	3.49	    27.93	83659608	  0.56	区域地产	北京	 4.30	3.51	100534	137902	  0.73	2226	1333	--  	     266000.00	
="000926"	福星股份	1.71	8.31	0.14	8.30	8.31	165854	2476	          0.24	          3.14	8.18	8.31	8.13	8.17	     7.66	136574144	  0.63	区域地产	湖北	 2.20	8.23	65612	100242	  0.65	1935	3291	--  	      52853.94	
="300138"	晨光生物	1.71	11.89	0.20	11.89	11.90	23855	195	          0.08	          1.89	11.71	11.91	11.65	11.69	   125.07	28136534	  0.53	食品	河北	 2.22	11.79	12669	11186	  1.13	639	340	--  	      12608.41	
="600400"	红豆股份	1.67	6.09	0.10	6.08	6.09	180225	94	          0.66	          3.22	5.93	6.10	5.85	5.99	   110.46	108209664	  0.72	服饰	江苏	 4.17	6.00	88662	91563	  0.97	362	206	--  	      56039.96	
="002294"	信立泰	1.67	36.00	0.59	35.98	36.00	42746	559	         -0.27	          1.49	35.38	36.20	35.12	35.41	    23.49	151997776	  0.80	化学制药	深圳	 3.05	35.56	20127	22619	  0.89	2	88	--  	      28698.46	
="000993"	闽东电力	1.66	9.81	0.16	9.80	9.81	27979	218	          0.20	          0.75	9.60	9.84	9.60	9.65	    31.12	27355564	  0.46	水力发电	福建	 2.49	9.78	9246	18733	  0.49	114	466	--  	      37300.00	
="600223"	鲁商置业	1.61	5.05	0.08	5.05	5.06	138588	25	         -0.19	          1.38	4.91	5.12	4.88	4.97	    30.61	69657936	  0.99	区域地产	山东	 4.83	5.03	55164	83424	  0.66	24	973	--  	     100096.79	
="000528"	柳    工	1.60	8.23	0.13	8.22	8.23	418490	5205	          0.24	          3.72	8.05	8.28	7.97	8.10	    38.71	340219776	  0.42	工程机械	广西	 3.83	8.13	200700	217790	  0.92	4533	237	--  	     112508.84	
="600125"	铁龙物流	1.60	7.62	0.12	7.60	7.61	229439	58	          0.13	          1.76	7.47	7.64	7.40	7.50	    28.10	172729984	  0.59	铁路	辽宁	 3.20	7.53	101302	128137	  0.79	262	214	--  	     130552.18	
="601666"	平煤股份	1.60	5.09	0.08	5.09	5.10	413392	50	          0.00	          1.75	4.99	5.14	4.94	5.01	   104.28	209813968	  0.93	煤炭开采	河南	 3.99	5.08	191410	221982	  0.86	374	486	--  	     236116.50	
="002082"	栋梁新材	1.58	10.27	0.16	10.26	10.27	42397	511	          0.19	          2.28	10.03	10.27	10.03	10.11	    23.83	43249116	  0.59	铝	浙江	 2.37	10.20	19209	23188	  0.83	150	1069	--  	      18605.09	
="600567"	山鹰纸业	1.56	2.60	0.04	2.60	2.61	348029	180	          0.38	          2.19	2.55	2.61	2.53	2.56	    42.47	89521808	  0.54	造纸	安徽	 3.12	2.57	156879	191150	  0.82	1512	10163	--  	     158601.70	
="600153"	建发股份	1.53	7.31	0.11	7.30	7.31	347249	10	          0.00	          1.22	7.16	7.34	7.14	7.20	     9.88	252159632	  0.54	商贸代理	福建	 2.78	7.26	163539	183710	  0.89	1451	3043	--  	     283520.06	
="600269"	赣粤高速	1.51	4.04	0.06	4.03	4.04	362977	80	          0.00	          1.55	3.98	4.08	3.91	3.98	    11.58	145651072	  0.71	路桥	江西	 4.27	4.01	174308	188669	  0.92	3219	631	--  	     233540.70	
="300204"	舒泰神	1.50	29.01	0.43	28.98	29.01	9451	90	          0.10	          0.40	28.55	29.14	28.24	28.58	    42.28	27237018	  0.57	生物制药	北京	 3.15	28.82	4707	4744	  0.99	27	8	--  	      23575.42	
="601919"	中国远洋	1.43	4.95	0.07	4.94	4.95	688664	47	          0.00	          0.90	4.80	5.08	4.74	4.88	--  	340281600	  0.57	水运	天津	 6.97	4.94	317677	370987	  0.86	3202	742	--  	     763567.44	
="600617"	国新能源	1.40	26.01	0.36	26.00	26.01	20252	40	          0.07	          1.97	25.41	26.08	24.85	25.65	    36.99	51648256	  0.41	供气供热	山西	 4.80	25.50	9528	10724	  0.89	7	69	--  	      10263.63	
="000563"	陕国投Ａ	1.39	8.78	0.12	8.78	8.79	225238	4961	         -0.22	          2.99	8.60	8.81	8.49	8.66	    32.76	194543504	  0.57	多元金融	陕西	 3.70	8.64	110092	115146	  0.96	2053	763	--  	      75266.72	
="000545"	金浦钛业	1.37	14.09	0.19	14.09	14.10	54118	136	          0.00	          3.46	13.84	14.34	13.60	13.90	    94.65	76353056	  0.68	化工原料	吉林	 5.32	14.11	27222	26896	  1.01	190	200	--  	      15637.36	
="601107"	四川成渝	1.37	3.71	0.05	3.70	3.71	110830	10	          0.27	          0.51	3.61	3.71	3.58	3.66	     9.99	40637888	  0.53	路桥	四川	 3.55	3.67	47983	62847	  0.76	1604	646	--  	     216274.00	
="002075"	沙钢股份	1.35	4.50	0.06	4.50	4.51	116607	664	         -0.22	          0.74	4.36	4.54	4.30	4.44	   101.66	51710288	  0.50	特钢	江苏	 5.41	4.43	54575	62032	  0.88	1472	692	--  	     157626.48	
="002302"	西部建设	1.34	14.35	0.19	14.35	14.36	77660	1270	          0.00	          2.87	14.03	14.37	13.78	14.16	    32.57	109812920	  0.45	水泥	新疆	 4.17	14.14	42652	35008	  1.22	479	466	--  	      27091.33	
="601700"	风范股份	1.33	17.58	0.23	17.58	17.59	71048	1	          0.34	          3.01	17.29	17.85	16.94	17.35	    35.59	124151496	  1.21	电气设备	江苏	 5.24	17.47	33742	37306	  0.90	6	4	--  	      23576.84	
="600419"	天润乳业	1.27	22.29	0.28	22.30	22.31	8525	5	         -0.17	          1.06	21.90	22.38	21.72	22.01	   104.85	18936072	  0.59	乳制品	新疆	 3.00	22.21	4611	3914	  1.18	89	24	--  	       8016.00	
="000100"	TCL 集团	1.27	3.20	0.04	3.19	3.20	1623073	18620	          0.00	          1.99	3.17	3.21	3.16	3.16	    10.22	516465824	  0.57	家用电器	广东	 1.58	3.18	695636	927437	  0.75	19934	17406	--  	     813618.25	
="000564"	西安民生	1.26	5.63	0.07	5.63	5.64	59020	430	         -0.17	          1.76	5.54	5.65	5.51	5.56	    36.79	33001068	  0.59	百货	陕西	 2.52	5.59	30043	28977	  1.04	330	487	--  	      33562.01	
="600970"	中材国际	1.24	10.64	0.13	10.64	10.65	446517	250	         -0.09	          4.08	10.50	10.73	10.26	10.51	    17.67	470129824	  0.42	建筑施工	江苏	 4.47	10.53	230632	215885	  1.07	497	62	--  	     109329.72	
="600086"	东方金钰	1.20	24.36	0.29	24.35	24.36	20818	3	         -0.04	          0.59	24.07	24.39	23.61	24.07	    75.34	50245612	  0.53	服饰	湖北	 3.24	24.14	10164	10654	  0.95	134	51	--  	      35228.17	
="002531"	天顺风能	1.20	14.32	0.17	14.31	14.32	16653	416	          0.28	          0.41	14.01	14.32	14.01	14.15	    31.61	23590342	  0.38	电气设备	江苏	 2.19	14.17	8384	8269	  1.01	13	19	--  	      41060.92	
="600068"	葛洲坝	1.18	5.15	0.06	5.15	5.16	455010	55	          0.19	          1.30	5.07	5.16	5.05	5.09	    10.20	232238256	  0.38	建筑施工	湖北	 2.16	5.10	226334	228676	  0.99	79	5120	--  	     348745.91	
="600291"	西水股份	1.13	13.42	0.15	13.42	13.43	65434	50	          0.14	          1.70	13.30	13.48	13.11	13.27	    16.83	87249232	  0.69	水泥	内蒙	 2.79	13.33	36654	28780	  1.27	3	122	--  	      38400.00	
="600354"	敦煌种业	1.12	8.10	0.09	8.10	8.11	243402	10	          0.00	          5.44	7.87	8.14	7.70	8.01	--  	194739216	  1.29	种植业	甘肃	 5.49	8.00	105345	138057	  0.76	17	2504	--  	      44780.21	
="000752"	西藏发展	1.07	14.15	0.15	14.15	14.16	56010	782	          0.14	          2.12	13.80	14.19	13.70	14.00	   206.31	78415184	  0.47	啤酒	西藏	 3.50	14.00	28709	27301	  1.05	400	427	--  	      26375.01	
="002511"	中顺洁柔	1.06	10.50	0.11	10.50	10.51	44698	279	         -0.37	          1.10	10.33	10.58	10.20	10.39	    62.68	46432272	  0.57	造纸	广东	 3.66	10.39	20987	23711	  0.89	398	22	--  	      40451.92	
="600731"	湖南海利	1.03	8.83	0.09	8.83	8.84	25041	69	          0.00	          0.98	8.74	8.87	8.72	8.74	   550.54	22030580	  0.62	农药化肥	湖南	 1.72	8.80	14713	10328	  1.42	90	47	--  	      25557.66	
="002293"	罗莱家纺	0.99	24.60	0.24	24.58	24.60	22517	288	         -0.28	          0.80	24.30	24.71	24.30	24.36	    18.72	55245432	  0.74	服饰	江苏	 1.68	24.53	11061	11456	  0.97	1	620	--  	      28072.61	
="601369"	陕鼓动力	0.98	7.20	0.07	7.20	7.21	131150	15	          0.00	          0.80	7.14	7.23	7.05	7.13	    30.06	93650944	  0.41	机械基件	陕西	 2.52	7.14	68239	62911	  1.08	66	792	--  	     163877.02	
="002269"	美邦服饰	0.97	11.44	0.11	11.44	11.45	117886	1307	          0.00	          1.17	11.30	11.52	11.20	11.33	    38.39	134346688	  0.49	服饰	上海	 2.82	11.40	57369	60517	  0.95	235	414	--  	     100500.00	
="600012"	皖通高速	0.97	5.21	0.05	5.20	5.21	41150	5	          0.19	          0.35	5.15	5.21	5.09	5.16	     9.67	21261294	  0.52	路桥	安徽	 2.33	5.17	16665	24485	  0.68	323	392	--  	     116560.00	
="601007"	金陵饭店	0.96	11.53	0.11	11.53	11.55	32731	3	         -0.17	          1.09	11.39	11.62	11.29	11.42	   131.91	37759280	  0.77	酒店餐饮	江苏	 2.89	11.54	18503	14228	  1.30	19	242	--  	      30000.00	
="600122"	宏图高科	0.96	6.31	0.06	6.31	6.32	145738	220	          0.00	          1.29	6.25	6.33	6.16	6.25	    30.99	90674720	  0.68	其他连锁	江苏	 2.72	6.22	78563	67175	  1.17	20	108	--  	     113278.96	
="600020"	中原高速	0.95	3.18	0.03	3.18	3.19	138038	148	          0.00	          0.61	3.15	3.19	3.08	3.15	    10.07	43460592	  0.52	路桥	河南	 3.49	3.15	58745	79293	  0.74	246	6029	--  	     224737.19	
="000837"	秦川机床	0.85	10.64	0.09	10.63	10.64	66270	1728	          0.00	          2.59	10.50	10.67	10.37	10.55	  2265.71	69755816	  0.53	机床制造	陕西	 2.84	10.53	31435	34835	  0.90	234	246	--  	      25558.96	
="300039"	上海凯宝	0.79	15.40	0.12	15.39	15.40	105643	767	          0.00	          2.26	15.26	15.45	15.11	15.28	    26.57	161525872	  0.85	中成药	上海	 2.23	15.29	53992	51651	  1.05	312	1810	--  	      46743.32	
="002557"	洽洽食品	0.77	20.90	0.16	20.88	20.90	59121	868	          0.57	          1.75	20.42	21.04	20.39	20.74	    25.65	123000928	  1.20	食品	安徽	 3.13	20.80	21865	37256	  0.59	3	268	--  	      33800.00	
="000725"	京东方Ａ	0.77	2.62	0.02	2.61	2.62	2144878	59407	          0.00	          1.86	2.60	2.63	2.58	2.60	    37.39	559124672	  0.78	元器件	北京	 1.92	2.61	883915	1260963	  0.70	114490	110952	--  	    1150574.38	
="600795"	国电电力	0.69	2.92	0.02	2.91	2.92	1885342	23	          0.34	          1.22	2.88	2.94	2.86	2.90	     7.38	546251008	  0.51	火力发电	辽宁	 2.76	2.90	877727	1007615	  0.87	15175	48366	--  	    1539514.88	
="600162"	香江控股	0.64	6.33	0.04	6.32	6.33	280357	1	          0.79	          3.65	6.35	6.35	6.16	6.29	    14.83	175368080	  0.43	全国地产	深圳	 3.02	6.26	151660	128697	  1.18	133	1870	--  	      76781.27	
="600496"	精工钢构	0.62	9.67	0.06	9.66	9.67	52144	10	          0.00	          0.89	9.61	9.77	9.47	9.61	    23.41	50050880	  0.90	钢加工	安徽	 3.12	9.60	29056	23088	  1.26	243	31	--  	      58656.60	
="002606"	大连电瓷	0.60	16.85	0.10	16.85	16.86	108633	3096	          0.29	          9.02	16.52	16.94	16.32	16.75	   152.85	181043392	  1.23	电气设备	辽宁	 3.70	16.67	52550	56083	  0.94	235	145	--  	      12050.00	
="600078"	澄星股份	0.55	9.09	0.05	9.09	9.10	126120	20	          0.11	          1.90	9.00	9.12	8.89	9.04	   167.75	113734176	  0.93	化工原料	江苏	 2.54	9.02	82362	43758	  1.88	686	957	--  	      66257.28	
="000024"	招商地产	0.50	13.96	0.07	13.96	13.97	500383	8558	          0.07	          4.88	13.75	14.10	13.65	13.89	    12.04	696557632	  0.93	全国地产	深圳	 3.24	13.92	245504	254879	  0.96	6467	4104	--  	     102629.85	
="000900"	现代投资	0.46	6.55	0.03	6.54	6.55	232049	2431	          0.30	          2.29	6.48	6.59	6.36	6.52	    17.04	150547104	  0.64	路桥	湖南	 3.53	6.49	112581	119468	  0.94	438	610	--  	     101128.75	
="002007"	华兰生物	0.44	34.46	0.15	34.46	34.47	71013	1084	          0.08	          1.23	34.30	34.53	33.31	34.31	    35.55	241080752	  0.52	生物制药	河南	 3.56	33.95	37152	33861	  1.10	114	99	--  	      57686.69	
="000902"	新洋丰	0.43	14.05	0.06	14.05	14.06	38382	372	          0.07	          1.49	13.91	14.14	13.90	13.99	    14.74	53782212	  0.62	农药化肥	湖北	 1.72	14.01	16177	22205	  0.73	93	35	--  	      25800.00	
="002483"	润邦股份	0.41	12.31	0.05	12.30	12.31	19844	103	          0.08	          0.55	12.25	12.39	12.15	12.26	    37.12	24382346	  0.25	工程机械	江苏	 1.96	12.29	12291	7553	  1.63	52	77	--  	      36000.00	
="000877"	天山股份	0.37	8.13	0.03	8.13	8.14	337122	3777	         -0.12	          3.83	8.10	8.16	7.91	8.10	    17.47	270550784	  0.48	水泥	新疆	 3.09	8.03	169539	167583	  1.01	909	1590	--  	      88001.99	
="002267"	陕天然气	0.33	12.02	0.04	12.01	12.02	69216	997	          0.08	          0.69	11.96	12.09	11.68	11.98	    30.33	82422224	  0.58	供气供热	陕西	 3.42	11.91	40828	28388	  1.44	278	910	--  	      99710.15	
="600033"	福建高速	0.32	3.15	0.01	3.14	3.15	365948	325	          0.00	          1.33	3.11	3.16	3.07	3.14	    12.99	113874008	  0.62	路桥	福建	 2.87	3.11	191937	174011	  1.10	9251	829	--  	     274440.00	
="601669"	中国电建	0.24	4.19	0.01	4.18	4.19	1866495	1045	          0.23	          5.66	4.09	4.20	4.05	4.18	     9.07	770686784	  0.58	建筑施工	北京	 3.59	4.13	1017372	849123	  1.20	22573	11431	--  	     330000.00	
="002036"	宜科科技	0.21	9.37	0.02	9.37	9.38	34504	275	          0.10	          1.35	9.35	9.40	9.22	9.35	   167.32	32129902	  0.58	服饰	浙江	 1.93	9.31	17367	17137	  1.01	319	430	--  	      25515.15	
="000016"	深康佳Ａ	0.17	6.05	0.01	6.05	6.06	137427	591	         -0.16	          2.29	5.99	6.11	5.92	6.04	   114.82	82590360	  0.70	家用电器	深圳	 3.15	6.01	71417	66010	  1.08	2869	351	--  	      59991.50	
="600114"	东睦股份	0.13	15.13	0.02	15.12	15.13	26515	1	          0.06	          1.60	15.10	15.44	15.00	15.11	    43.23	40308488	  0.81	机械基件	浙江	 2.91	15.20	13627	12888	  1.06	188	14	--  	      16601.69	
="002508"	老板电器	0.06	34.22	0.02	34.20	34.22	16043	57	          0.00	          0.51	34.03	34.64	33.90	34.20	    23.74	54820404	  0.63	家用电器	浙江	 2.16	34.17	9127	6916	  1.32	145	12	--  	      31175.00	
="601928"	凤凰传媒	0.00	10.71	0.00	--  	--  	0	0	          0.00	          0.00	--  	--  	--  	10.71	    27.84	0	  0.00	出版业	江苏	 0.00	10.71	0	0	--  	0	0	--  	      65788.35	
="600986"	科达股份	0.00	7.05	0.00	--  	--  	0	0	          0.00	          0.00	--  	--  	--  	7.05	    36.88	0	  0.00	建筑施工	山东	 0.00	7.05	0	0	--  	0	0	--  	      33526.96	
="600981"	汇鸿股份	0.00	4.21	0.00	--  	--  	0	0	          0.00	          0.00	--  	--  	--  	4.21	    92.48	0	  0.00	商贸代理	江苏	 0.00	4.21	0	0	--  	0	0	--  	      51610.64	
="600876"	洛阳玻璃	0.00	7.24	0.00	--  	--  	0	0	          0.00	          0.00	--  	--  	--  	7.24	   374.48	0	  0.00	玻璃	河南	 0.00	7.24	0	0	--  	0	0	--  	      25001.82	
="600792"	云煤能源	0.00	6.26	0.00	--  	--  	0	0	          0.00	          0.00	--  	--  	--  	6.26	   868.05	0	  0.00	焦炭加工	云南	 0.00	6.26	0	0	--  	0	0	--  	      80045.00	
="600749"	西藏旅游	0.00	12.18	0.00	--  	--  	0	0	          0.00	          0.00	--  	--  	--  	12.18	  1161.76	0	  0.00	旅游景点	西藏	 0.00	12.18	0	0	--  	0	0	--  	      18913.78	
="600575"	皖江物流	0.00	4.11	0.00	--  	--  	0	0	          0.00	          0.00	--  	--  	--  	4.11	--  	0	  0.00	港口	安徽	 0.00	4.11	0	0	--  	0	0	--  	     142320.00	
="600569"	安阳钢铁	0.00	2.32	0.00	--  	--  	0	0	          0.00	          0.00	--  	--  	--  	2.32	    78.40	0	  0.00	普钢	河南	 0.00	2.32	0	0	--  	0	0	--  	     239368.45	
="600517"	置信电气	0.00	12.45	0.00	--  	--  	0	0	          0.00	          0.00	--  	--  	--  	12.45	    84.39	0	  0.00	电气设备	上海	 0.00	12.45	0	0	--  	0	0	--  	     111366.89	
="600497"	驰宏锌锗	0.00	10.39	0.00	--  	--  	0	0	          0.00	          0.00	--  	--  	--  	10.39	    84.98	0	  0.00	铅锌	云南	 0.00	10.39	0	0	--  	0	0	--  	     166756.09	
="600369"	西南证券	0.00	10.54	0.00	--  	--  	0	0	          0.00	          0.00	--  	--  	--  	10.54	    25.05	0	  0.00	证券	重庆	 0.00	10.54	0	0	--  	0	0	--  	     232255.45	
="600365"	通葡股份	0.00	11.38	0.00	--  	--  	0	0	          0.00	          0.00	--  	--  	--  	11.38	  5686.21	0	  0.00	红黄药酒	吉林	 0.00	11.38	0	0	--  	0	0	--  	      14000.00	
="600318"	巢东股份	0.00	11.20	0.00	--  	--  	0	0	          0.00	          0.00	--  	--  	--  	11.20	    17.93	0	  0.00	水泥	安徽	 0.00	11.20	0	0	--  	0	0	--  	      24200.00	
="600300"	维维股份	0.00	5.65	0.00	--  	--  	0	0	          0.00	          0.00	--  	--  	--  	5.65	    83.78	0	  0.00	软饮料	江苏	 0.00	5.65	0	0	--  	0	0	--  	     167200.00	
="600241"	时代万恒	0.00	8.28	0.00	--  	--  	0	0	          0.00	          0.00	--  	--  	--  	8.28	--  	0	  0.00	商贸代理	辽宁	 0.00	8.28	0	0	--  	0	0	--  	      18020.00	
="600105"	永鼎股份	0.00	9.86	0.00	--  	--  	0	0	          0.00	          0.00	--  	--  	--  	9.86	    22.23	0	  0.00	通信设备	江苏	 0.00	9.86	0	0	--  	0	0	--  	      38095.46	
="600103"	青山纸业	0.00	3.66	0.00	--  	--  	0	0	          0.00	          0.00	--  	--  	--  	3.66	   601.14	0	  0.00	造纸	福建	 0.00	3.66	0	0	--  	0	0	--  	     106184.15	
="600091"	ST明科	0.00	7.02	0.00	--  	--  	0	0	          0.00	          0.00	--  	--  	--  	7.02	--  	0	  0.00	化工原料	内蒙	 0.00	7.02	0	0	--  	0	0	--  	      33652.60	
="600090"	啤酒花	0.00	8.13	0.00	--  	--  	0	0	          0.00	          0.00	--  	--  	--  	8.13	    36.46	0	  0.00	啤酒	新疆	 0.00	8.13	0	0	--  	0	0	--  	      36791.66	
="300332"	天壕节能	--  	0.00	--  	--  	--  	0	0	--  	          0.00	--  	--  	--  	14.06	    40.57	0	  0.00	环境保护	北京	 0.00	14.06	0	0	--  	0	0	--  	      22666.75	
="300313"	天山生物	--  	0.00	--  	--  	--  	0	0	--  	          0.00	--  	--  	--  	23.69	   258.62	0	  0.00	农业综合	新疆	 0.00	23.69	0	0	--  	0	0	--  	       4177.81	
="300189"	神农大丰	--  	0.00	--  	--  	--  	0	0	--  	          0.00	--  	--  	--  	7.86	--  	0	  0.00	种植业	海南	 0.00	7.86	0	0	--  	0	0	--  	      33498.87	
="300072"	三聚环保	--  	0.00	--  	--  	--  	0	0	--  	          0.00	--  	--  	--  	27.13	    36.92	0	  0.00	化工原料	北京	 0.00	27.13	0	0	--  	0	0	--  	      45855.16	
="300013"	新宁物流	--  	0.00	--  	--  	--  	0	0	--  	          0.00	--  	--  	--  	9.26	   131.57	0	  0.00	仓储物流	江苏	 0.00	9.26	0	0	--  	0	0	--  	      18000.00	
="002608"	舜天船舶	--  	0.00	--  	--  	--  	0	0	--  	          0.00	--  	--  	--  	12.79	    86.27	0	  0.00	船舶	江苏	 0.00	12.79	0	0	--  	0	0	--  	      32855.16	
="002558"	世纪游轮	--  	0.00	--  	--  	--  	0	0	--  	          0.00	--  	--  	--  	31.65	   271.60	0	  0.00	旅游服务	重庆	 0.00	31.65	0	0	--  	0	0	--  	       3244.39	
="002534"	杭锅股份	--  	0.00	--  	--  	--  	0	0	--  	          0.00	--  	--  	--  	19.00	    58.39	0	  0.00	专用机械	浙江	 0.00	19.00	0	0	--  	0	0	--  	      39168.26	
="002529"	海源机械	--  	0.00	--  	--  	--  	0	0	--  	          0.00	--  	--  	--  	15.03	--  	0	  0.00	专用机械	福建	 0.00	15.03	0	0	--  	0	0	--  	      15608.25	
="002509"	天广消防	--  	0.00	--  	--  	--  	0	0	--  	          0.00	--  	--  	--  	12.27	    51.77	0	  0.00	专用机械	福建	 0.00	12.27	0	0	--  	0	0	--  	      23109.89	
="002485"	希努尔	--  	0.00	--  	--  	--  	0	0	--  	          0.00	--  	--  	--  	10.13	--  	0	  0.00	服饰	山东	 0.00	10.13	0	0	--  	0	0	--  	      32000.00	
="002426"	胜利精密	--  	0.00	--  	--  	--  	0	0	--  	          0.00	--  	--  	--  	11.26	    68.41	0	  0.00	元器件	江苏	 0.00	11.26	0	0	--  	0	0	--  	      35306.58	
="002324"	普利特	--  	0.00	--  	--  	--  	0	0	--  	          0.00	--  	--  	--  	19.90	    26.33	0	  0.00	塑料	上海	 0.00	19.90	0	0	--  	0	0	--  	      15582.66	
="002323"	中联电气	--  	0.00	--  	--  	--  	0	0	--  	          0.00	--  	--  	--  	21.95	   130.92	0	  0.00	电气设备	江苏	 0.00	21.95	0	0	--  	0	0	--  	       8350.16	
="002220"	天宝股份	0.00	8.12	0.00	8.11	8.12	74841	1451	          0.24	          1.92	8.04	8.14	8.01	8.12	    21.91	60369052	  0.71	食品	辽宁	 1.60	8.07	42583	32258	  1.32	172	1663	--  	      38948.12	
="002103"	广博股份	--  	0.00	--  	--  	--  	0	0	--  	          0.00	--  	--  	--  	10.18	   172.72	0	  0.00	文教休闲	浙江	 0.00	10.18	0	0	--  	0	0	--  	      17095.44	
="002044"	江苏三友	--  	0.00	--  	--  	--  	0	0	--  	          0.00	--  	--  	--  	10.04	    43.13	0	  0.00	服饰	江苏	 0.00	10.04	0	0	--  	0	0	--  	      22410.00	
="002035"	华帝股份	0.00	12.89	0.00	12.89	12.90	37140	192	         -0.15	          1.25	12.71	12.92	12.60	12.89	    17.18	47377752	  0.56	家用电器	广东	 2.48	12.76	21170	15970	  1.33	501	454	--  	      29677.21	
="002013"	中航机电	--  	0.00	--  	--  	--  	0	0	--  	          0.00	--  	--  	--  	22.15	    51.08	0	  0.00	汽车配件	湖北	 0.00	22.15	0	0	--  	0	0	--  	      29285.81	
="002009"	天奇股份	--  	0.00	--  	--  	--  	0	0	--  	          0.00	--  	--  	--  	16.30	    47.89	0	  0.00	工程机械	江苏	 0.00	16.30	0	0	--  	0	0	--  	      25991.22	
="002006"	*ST精功	--  	0.00	--  	--  	--  	0	0	--  	          0.00	--  	--  	--  	8.75	--  	0	  0.00	工程机械	浙江	 0.00	8.75	0	0	--  	0	0	--  	      43677.89	
="000920"	南方汇通	--  	0.00	--  	--  	--  	0	0	--  	          0.00	--  	--  	--  	13.23	    31.50	0	  0.00	运输设备	贵州	 0.00	13.23	0	0	--  	0	0	--  	      42200.00	
="000796"	易食股份	--  	0.00	--  	--  	--  	0	0	--  	          0.00	--  	--  	--  	7.23	    95.94	0	  0.00	食品	陕西	 0.00	7.23	0	0	--  	0	0	--  	      24652.30	
="000795"	太原刚玉	--  	0.00	--  	--  	--  	0	0	--  	          0.00	--  	--  	--  	10.92	--  	0	  0.00	矿物制品	山西	 0.00	10.92	0	0	--  	0	0	--  	      27679.44	
="000710"	天兴仪表	--  	0.00	--  	--  	--  	0	0	--  	          0.00	--  	--  	--  	13.60	--  	0	  0.00	汽车配件	四川	 0.00	13.60	0	0	--  	0	0	--  	      15120.00	
="000627"	天茂集团	--  	0.00	--  	--  	--  	0	0	--  	          0.00	--  	--  	--  	4.10	    28.37	0	  0.00	化工原料	湖北	 0.00	4.10	0	0	--  	0	0	--  	     135358.98	
="000533"	万 家 乐	--  	0.00	--  	--  	--  	0	0	--  	          0.00	--  	--  	--  	5.97	    35.25	0	  0.00	家用电器	广东	 0.00	5.97	0	0	--  	0	0	--  	      68487.71	
="000525"	红 太 阳	--  	0.00	--  	--  	--  	0	0	--  	          0.00	--  	--  	--  	15.92	    15.22	0	  0.00	农药化肥	江苏	 0.00	15.92	0	0	--  	0	0	--  	      50698.30	
="000498"	山东路桥	--  	0.00	--  	--  	--  	0	0	--  	          0.00	--  	--  	--  	4.64	    27.67	0	  0.00	建筑施工	山东	 0.00	4.64	0	0	--  	0	0	--  	      35417.01	
="000415"	渤海租赁	--  	0.00	--  	--  	--  	0	0	--  	          0.00	--  	--  	--  	10.28	    19.57	0	  0.00	多元金融	新疆	 0.00	10.28	0	0	--  	0	0	--  	     126917.42	
="601009"	南京银行	-0.18	11.26	-0.02	11.27	11.28	668322	30	          0.00	          2.25	11.22	11.28	10.91	11.28	     6.03	741856640	  0.63	银行	江苏	 3.28	11.10	351805	316517	  1.11	759	1859	--  	     296893.31	
="002318"	久立特材	-0.23	25.66	-0.06	25.66	25.67	44656	597	         -0.11	          1.50	25.61	25.81	25.18	25.72	    36.67	114079352	  0.48	特钢	浙江	 2.45	25.55	25781	18875	  1.37	96	408	--  	      29783.93	
="600201"	金宇集团	-0.25	35.30	-0.09	35.22	35.33	10251	10	          0.68	          0.37	34.92	35.38	34.92	35.39	    24.44	36014948	  0.74	生物制药	内蒙	 1.30	35.13	5628	4623	  1.22	17	17	--  	      28081.49	
="300091"	金通灵	-0.47	23.28	-0.11	23.21	23.28	9465	343	          0.30	          0.75	23.16	23.30	22.65	23.39	   405.23	21793708	  0.77	机械基件	江苏	 2.78	23.02	5147	4318	  1.19	73	38	--  	      12639.70	
="002700"	新疆浩源	-0.62	24.14	-0.15	24.13	24.14	46808	836	          0.00	          4.89	24.25	24.48	23.71	24.29	    54.29	112335824	  0.63	供气供热	新疆	 3.17	24.00	26450	20358	  1.30	84	803	--  	       9564.16	
="600337"	美克家居	-0.68	8.78	-0.06	8.78	8.79	45745	10	         -0.22	          0.72	8.75	8.94	8.63	8.84	    28.59	40225384	  0.72	家居用品	新疆	 3.51	8.79	26753	18992	  1.41	58	92	--  	      63833.23	
="601998"	中信银行	-0.95	5.22	-0.05	5.22	5.23	1148256	8	          0.00	          0.36	5.18	5.23	5.08	5.27	     5.67	592034496	  0.60	银行	北京	 2.85	5.16	579023	569233	  1.02	3428	2593	--  	    3190516.50	
="600875"	东方电气	-1.26	16.41	-0.21	16.42	16.43	310244	8	         -0.12	          1.86	16.51	16.69	16.10	16.62	    22.64	508154176	  0.51	电气设备	四川	 3.55	16.38	166492	143752	  1.16	1	70	--  	     166386.00	
="600295"	鄂尔多斯	-2.66	9.16	-0.25	9.18	9.19	149454	202	          0.21	          2.44	9.20	9.31	8.95	9.41	    26.77	136241152	  1.69	服饰	内蒙	 3.83	9.12	81152	68302	  1.19	297	608	--  	      61200.00	
数据来源:通达信
