代码	名称	涨幅%%	现价	涨跌	买价	卖价	总量	现量	涨速%%	换手%%	今开	最高	最低	昨收	市盈(动)	总金额	量比	细分行业	地区	振幅%%	均价	内盘	外盘	内外比	买量	卖量	未匹配量	流通股本(万)	
="600098"	广州发展	9.99	8.48	0.77	8.48	--  	523300	10	0.00	          2.15	7.74	8.48	7.64	7.71	    17.19	425883680	  1.10	火力发电	广东	10.89	8.14	277822	245478	  1.13	12517	0	--  	     243737.45	
="000920"	南方汇通	9.98	14.55	1.32	14.55	--  	1412	24	0.00	          0.03	14.55	14.55	14.55	13.23	    34.64	2055158	  0.02	运输设备	贵州	0.00	14.55	1401	11	127.36	148480	0	--  	      42200.00	
="603001"	奥康国际	8.20	18.48	1.40	18.49	18.50	98742	13	-0.91	          8.44	17.09	18.70	17.09	17.08	    29.95	175937056	  1.90	服饰	浙江	9.43	17.82	42964	55778	  0.77	1	202	--  	      11694.90	
="600100"	同方股份	6.50	13.77	0.84	13.84	13.86	1483916	151	0.65	          7.17	12.91	13.94	12.89	12.93	   184.31	2007637120	  1.61	电脑设备	北京	8.12	13.53	612665	871250	  0.70	8727	380	--  	     207020.14	
="600673"	东阳光科	6.37	18.53	1.11	18.57	18.58	386918	24	-0.05	          4.70	17.36	18.69	17.30	17.42	   117.77	702826496	  1.82	铝	广东	7.98	18.16	176099	210819	  0.84	2344	119	--  	      82261.22	
="300144"	宋城演艺	5.69	28.81	1.55	28.81	28.82	69750	1349	0.03	          3.57	27.36	28.98	27.00	27.26	    38.10	194848672	  0.97	旅游景点	浙江	7.26	27.94	23457	46292	  0.51	201	2	--  	      19553.75	
="600170"	上海建工	5.19	7.29	0.36	7.29	7.30	1071886	177	0.13	          9.75	6.98	7.35	6.96	6.93	    18.69	764035968	  0.99	建筑施工	上海	5.63	7.13	534014	537872	  0.99	522	4294	--  	     109966.28	
="002063"	远光软件	4.76	23.13	1.05	23.13	23.14	143908	2240	0.08	          3.68	21.91	23.26	21.86	22.08	    56.27	327537440	  0.93	软件服务	广东	6.34	22.76	64276	79631	  0.81	528	327	--  	      39144.10	
="601333"	广深铁路	4.70	4.01	0.18	4.01	4.02	2667507	306	0.00	          4.72	3.83	4.09	3.83	3.83	    32.79	1063317760	  1.35	铁路	深圳	6.79	3.99	1195343	1472164	  0.81	162	17605	--  	     565223.69	
="000988"	华工科技	4.31	14.03	0.58	14.03	14.04	388099	3679	0.07	          4.36	13.49	14.12	13.40	13.45	    63.52	536451424	  1.41	电器仪表	湖北	5.35	13.82	174057	214041	  0.81	478	1326	--  	      89111.65	
="300072"	三聚环保	4.06	26.42	1.03	26.41	26.42	118059	831	-0.07	          2.57	25.60	26.68	25.30	25.39	    35.95	307255584	  0.80	化工原料	北京	5.44	26.03	51802	66256	  0.78	28	569	--  	      45855.16	
="002563"	森马服饰	3.86	39.00	1.45	38.99	39.00	13865	1040	2.84	          1.98	38.08	40.95	37.38	37.55	    29.19	53219088	  0.75	服饰	浙江	9.51	38.38	5089	8775	  0.58	1	458	--  	       7000.00	
="300202"	聚龙股份	3.75	31.51	1.14	31.51	31.53	45180	622	-0.12	          0.82	30.37	32.20	30.27	30.37	   125.26	140043696	  1.09	专用机械	辽宁	6.35	31.00	21118	24061	  0.88	73	17	--  	      54950.39	
="601339"	百隆东方	3.28	11.33	0.36	11.31	11.33	72385	10	0.35	          3.77	10.97	11.38	10.91	10.97	    15.98	81315560	  0.81	纺织	浙江	4.28	11.23	27327	45058	  0.61	63	10	--  	      19200.00	
="600111"	包钢稀土	3.15	25.85	0.79	25.83	25.84	1418396	88	-0.11	          9.59	26.52	27.50	25.83	25.06	   118.32	3755856128	  1.25	小金属	内蒙	6.66	26.48	717864	700532	  1.02	910	129	--  	     147946.98	
="600801"	华新水泥	3.14	9.85	0.30	9.84	9.85	390971	12	0.30	          4.02	9.56	9.90	9.48	9.55	    13.57	379108640	  0.79	水泥	湖北	4.40	9.70	191255	199715	  0.96	223	214	--  	      97167.99	
="000900"	现代投资	3.09	7.35	0.22	7.34	7.35	392659	4775	0.13	          3.88	7.28	7.53	7.20	7.13	    19.12	288956064	  1.13	路桥	湖南	4.63	7.36	192654	200004	  0.96	94	985	--  	     101128.75	
="600377"	宁沪高速	3.01	7.19	0.21	7.18	7.19	315963	36	-0.13	          0.83	6.99	7.49	6.99	6.98	    13.14	229564864	  1.29	路桥	江苏	7.16	7.27	158216	157747	  1.00	373	964	--  	     379275.53	
="600763"	通策医疗	2.99	53.08	1.54	53.01	53.07	8973	17	0.13	          0.56	51.20	53.26	50.70	51.54	    70.20	47293208	  0.56	医疗保健	浙江	4.97	52.71	3377	5595	  0.60	2	13	--  	      16032.00	
="600498"	烽火通信	2.98	16.23	0.47	16.25	16.27	171057	1	-0.06	          1.77	15.77	16.39	15.77	15.76	    32.26	275793824	  0.94	通信设备	湖北	3.93	16.12	65866	105190	  0.63	78	20	--  	      96650.10	
="300145"	南方泵业	2.95	24.76	0.71	24.76	24.78	27196	60	0.04	          1.56	24.15	24.95	24.15	24.05	    35.72	67218664	  0.60	专用机械	浙江	3.33	24.72	11943	15252	  0.78	260	1	--  	      17417.00	
="600809"	山西汾酒	2.78	22.55	0.61	22.57	22.59	165914	100	-0.13	          1.92	21.98	22.85	21.88	21.94	    36.74	372609088	  0.91	白酒	山西	4.42	22.46	67687	98226	  0.69	32	63	--  	      86584.82	
="002473"	圣莱达	2.55	27.31	0.68	27.31	27.32	7378	381	0.03	          0.46	26.72	27.38	26.51	26.63	--  	19842898	  0.77	家用电器	浙江	3.27	26.90	3190	4187	  0.76	158	3	--  	      16000.00	
="603399"	新华龙	2.54	11.29	0.28	11.28	11.29	65448	38	-0.08	          5.23	11.05	11.47	11.02	11.01	    87.71	73875936	  0.77	小金属	辽宁	4.09	11.29	32205	33242	  0.97	135	216	--  	      12525.79	
="000605"	渤海股份	2.17	18.38	0.39	18.37	18.38	19370	611	0.43	          2.19	18.01	18.39	17.30	17.99	    91.39	34703360	  0.84	水务	北京	6.06	17.92	9114	10256	  0.89	10	501	--  	       8842.98	
="600875"	东方电气	2.16	17.97	0.38	18.01	18.02	286732	19	0.33	          1.72	17.70	18.18	17.70	17.59	    24.79	514244288	  0.46	电气设备	四川	2.73	17.93	152722	134010	  1.14	121	449	--  	     166386.00	
="600486"	扬农化工	2.15	27.56	0.58	27.55	27.56	39812	15	0.14	          1.54	27.06	28.00	27.06	26.98	    16.83	109921672	  0.64	农药化肥	江苏	3.48	27.61	17184	22628	  0.76	8	100	--  	      25824.91	
="002220"	天宝股份	2.14	9.55	0.20	9.54	9.55	68224	1966	0.52	          1.75	9.35	9.56	9.21	9.35	    25.77	63913372	  0.64	食品	辽宁	3.74	9.37	32574	35649	  0.91	356	376	--  	      38948.12	
="600196"	复星医药	2.08	22.12	0.45	22.11	22.12	280604	21	0.31	          1.47	21.62	22.14	21.55	21.67	    24.36	613662720	  0.55	化学制药	上海	2.72	21.87	131694	148910	  0.88	68	82	--  	     190439.23	
="000789"	万年青	2.05	12.94	0.26	12.94	12.95	155621	899	0.00	          3.81	12.72	13.08	12.62	12.68	    10.58	199167328	  0.65	水泥	江西	3.63	12.80	71452	84169	  0.85	225	643	--  	      40888.75	
="000401"	冀东水泥	1.84	11.62	0.21	11.61	11.62	191416	2028	0.00	          1.58	11.53	11.80	11.38	11.41	   566.21	221628032	  0.46	水泥	河北	3.68	11.58	83479	107936	  0.77	143	415	--  	     121233.36	
="000581"	威孚高科	1.78	29.22	0.51	29.22	29.23	141336	1981	0.06	          2.08	28.70	29.35	28.60	28.71	    18.04	410792032	  0.64	汽车配件	江苏	2.61	29.07	61260	80075	  0.77	111	214	--  	      67848.32	
="002160"	*ST常铝	1.75	6.40	0.11	6.40	6.41	60395	1414	0.15	          1.86	6.27	6.42	6.23	6.29	   108.67	38425524	  0.71	铝	江苏	3.02	6.36	28001	32394	  0.86	468	634	--  	      32469.63	
="601958"	金钼股份	1.75	9.90	0.17	9.91	9.92	265380	20	0.10	          0.82	9.78	10.17	9.75	9.73	   137.21	265136912	  0.73	小金属	陕西	4.32	9.99	114023	151356	  0.75	9	752	--  	     322660.44	
="601899"	紫金矿业	1.55	3.27	0.05	3.26	3.27	3773341	300	0.30	          2.39	3.22	3.33	3.21	3.22	    26.96	1235406848	  0.66	黄金	福建	3.73	3.27	1630031	2143309	  0.76	17253	39237	--  	    1580380.38	
="600648"	外高桥	1.47	33.11	0.48	33.12	33.13	122957	12	-0.06	          1.52	32.35	33.48	32.35	32.63	    51.70	406109824	  0.70	园区开发	上海	3.46	33.03	54572	68384	  0.80	44	139	--  	      81022.34	
="000795"	太原刚玉	1.42	12.18	0.17	12.18	12.19	318667	1580	0.08	         11.51	13.13	13.13	12.15	12.01	--  	399754080	  5.31	矿物制品	山西	8.16	12.54	164608	154058	  1.07	983	179	--  	      27679.44	
="600197"	伊力特	1.41	12.22	0.17	12.21	12.22	105594	2	0.16	          2.39	12.06	12.24	12.04	12.05	    14.88	128362472	  0.69	白酒	新疆	1.66	12.16	45245	60348	  0.75	231	585	--  	      44100.00	
="002221"	东华能源	1.40	15.90	0.22	15.89	15.90	59773	1128	0.00	          1.34	15.89	15.93	15.39	15.68	   180.94	93690048	  0.56	石油贸易	江苏	3.44	15.67	27556	32216	  0.86	354	811	--  	      44718.82	
="600335"	国机汽车	1.38	19.88	0.27	19.86	19.87	50799	8	-0.10	          0.91	19.60	20.00	19.49	19.61	    14.96	100257312	  0.61	汽车配件	天津	2.60	19.74	20343	30456	  0.67	9	1	--  	      56000.46	
="601898"	中煤能源	1.34	6.05	0.08	6.05	6.06	569048	1447	0.33	          0.62	5.99	6.11	5.94	5.97	    91.26	342855360	  0.53	煤炭开采	北京	2.85	6.03	253336	315711	  0.80	50	4953	--  	     915200.06	
="600284"	浦东建设	1.34	11.37	0.15	11.37	11.38	258199	118	0.35	          3.91	11.19	11.38	11.15	11.22	    24.88	290391488	  0.72	建筑施工	上海	2.05	11.25	133991	124208	  1.08	8	2488	--  	      66104.00	
="000831"	五矿稀土	1.31	26.32	0.34	26.32	26.33	224048	2287	-0.41	          3.01	26.78	27.46	26.29	25.98	--  	600840192	  0.68	小金属	山西	4.50	26.82	96502	127545	  0.76	118	46	--  	      74449.32	
="600549"	厦门钨业	1.29	33.69	0.43	33.70	33.73	118770	10	-0.02	          1.74	33.90	34.95	33.30	33.26	    81.24	404468544	  0.72	小金属	福建	4.96	34.05	60710	58060	  1.05	64	200	--  	      68198.00	
="000729"	燕京啤酒	1.28	7.94	0.10	7.87	7.94	236557	8844	1.14	          0.95	7.84	7.94	7.67	7.84	    18.26	184472192	  0.85	啤酒	北京	3.44	7.80	145604	90953	  1.60	33	3415	--  	     249943.92	
="600497"	驰宏锌锗	1.23	12.35	0.15	12.35	12.36	310407	23	0.08	          1.86	12.21	12.55	12.20	12.20	   101.02	384834272	  0.62	铅锌	云南	2.87	12.40	138243	172163	  0.80	10	1123	--  	     166756.09	
="600846"	同济科技	1.21	10.02	0.12	10.01	10.02	305943	120	0.00	          4.90	9.88	10.15	9.83	9.90	    59.64	305600480	  0.64	综合类	上海	3.23	9.99	159561	146381	  1.09	129	318	--  	      62476.14	
="601233"	桐昆股份	1.21	8.38	0.10	8.38	8.39	180701	69	0.00	          1.88	8.34	8.71	8.33	8.28	   355.05	153435952	  1.01	化纤	浙江	4.59	8.49	92086	88614	  1.04	88	502	--  	      95927.07	
="002378"	章源钨业	1.13	24.99	0.28	24.98	24.99	45353	406	0.12	          1.06	24.91	25.70	24.70	24.71	   144.02	114591192	  0.47	小金属	江西	4.05	25.27	23968	21384	  1.12	49	20	--  	      42821.35	
="600259"	广晟有色	1.09	51.86	0.56	51.87	51.93	94653	20	-0.09	          3.80	52.66	54.66	51.75	51.30	  1135.65	500086208	  0.79	小金属	海南	5.67	52.83	48197	46456	  1.04	489	83	--  	      24940.00	
="600521"	华海药业	1.09	15.80	0.17	15.81	15.82	109479	14	0.95	          1.40	15.51	16.02	15.49	15.63	    46.00	172720608	  0.57	化学制药	浙江	3.39	15.78	56731	52747	  1.08	343	208	--  	      78087.79	
="002646"	青青稞酒	1.02	19.73	0.20	19.73	19.74	65102	734	-0.05	          4.13	19.68	19.97	19.51	19.53	    24.62	128791712	  0.68	白酒	青海	2.36	19.78	29206	35895	  0.81	3	1289	--  	      15750.00	
="002237"	恒邦股份	0.98	17.49	0.17	17.48	17.49	110201	950	0.05	          2.75	17.26	17.65	17.22	17.32	    25.43	192480864	  0.71	黄金	山东	2.48	17.47	55573	54627	  1.02	294	1200	--  	      40015.00	
="600449"	宁夏建材	0.95	11.69	0.11	11.70	11.71	172904	6	0.00	          6.89	11.70	11.86	11.50	11.58	    15.07	201423968	  0.62	水泥	宁夏	3.11	11.65	88600	84303	  1.05	961	180	--  	      25076.77	
="600740"	山西焦化	0.89	6.78	0.06	6.78	6.79	155848	150	0.00	          2.37	6.72	6.80	6.69	6.72	   188.75	105373256	  0.58	焦炭加工	山西	1.64	6.76	81803	74045	  1.10	242	544	--  	      65683.27	
="600864"	哈投股份	0.89	11.35	0.10	11.33	11.34	173114	2	0.00	          3.17	11.18	11.65	11.17	11.25	   142.80	197469536	  0.47	火力发电	黑龙江	4.27	11.41	80682	92432	  0.87	371	8	--  	      54637.82	
="600739"	辽宁成大	0.81	21.09	0.17	21.09	21.10	772128	20	0.04	          5.66	20.86	21.80	20.86	20.92	    32.93	1643438720	  0.40	商贸代理	辽宁	4.49	21.28	371132	400995	  0.93	38	12	--  	     136470.98	
="600362"	江西铜业	0.79	17.75	0.14	17.75	17.76	389951	41	0.16	          1.88	17.60	18.00	17.60	17.61	    19.83	694400704	  0.43	铜	江西	2.27	17.81	190714	199236	  0.96	60	527	--  	     207524.73	
="601388"	怡球资源	0.78	10.32	0.08	10.32	10.33	105345	20	0.00	          4.73	10.28	10.50	10.22	10.24	   149.94	108976440	  0.57	铝	江苏	2.73	10.34	58405	46939	  1.24	228	274	--  	      22254.05	
="600143"	金发科技	0.74	6.77	0.05	6.76	6.77	652365	152	0.14	          2.55	6.82	6.91	6.66	6.72	    28.47	440458080	  0.72	塑料	广东	3.72	6.75	346337	306027	  1.13	784	170	--  	     256000.00	
="600830"	香溢融通	0.73	11.05	0.08	11.05	11.06	185893	120	0.00	          4.09	10.91	11.32	10.91	10.97	    55.66	206754688	  0.39	多元金融	浙江	3.74	11.12	92906	92987	  1.00	665	190	--  	      45432.26	
="601777"	力帆股份	0.69	10.16	0.07	10.14	10.15	132862	280	-0.09	          1.37	10.09	10.19	9.98	10.09	    23.96	133979648	  0.54	摩托车	重庆	2.08	10.08	58982	73880	  0.80	96	74	--  	      97137.89	
="600978"	宜华木业	0.68	5.95	0.04	5.95	5.96	369614	363	0.33	          2.49	5.92	5.98	5.86	5.91	    14.73	218828064	  0.70	家居用品	广东	2.03	5.92	175887	193727	  0.91	2300	7687	--  	     148287.00	
="600050"	中国联通	0.68	4.47	0.03	4.46	4.47	2398194	5048	0.44	          1.13	4.44	4.53	4.40	4.44	    20.30	1070665024	  0.37	电信运营	上海	2.93	4.46	1220344	1177849	  1.04	17990	11831	--  	    2119659.75	
="002162"	斯米克	0.67	8.96	0.06	8.95	8.96	48156	1229	0.22	          1.15	8.81	8.99	8.81	8.90	   386.34	42846152	  0.42	陶瓷	上海	2.02	8.90	23005	25150	  0.91	323	754	--  	      41800.00	
="601857"	中国石油	0.65	9.35	0.06	9.35	9.36	1450556	33	0.21	          0.09	9.27	9.45	9.20	9.29	    13.36	1354719232	  0.39	石油开采	北京	2.69	9.34	695787	754769	  0.92	1290	5549	--  	   16192208.00	
="600058"	五矿发展	0.59	15.37	0.09	15.36	15.37	214685	133	-0.12	          2.00	15.45	15.86	15.26	15.28	    69.94	333309184	  0.69	商贸代理	北京	3.93	15.53	106271	108414	  0.98	79	833	--  	     107191.07	
="600581"	八一钢铁	0.55	5.52	0.03	5.52	5.53	666884	100	0.36	          8.70	5.66	5.71	5.35	5.49	--  	369845408	  1.54	普钢	新疆	6.56	5.55	282467	384416	  0.73	88	10	--  	      76644.89	
="000758"	中色股份	0.51	13.89	0.07	13.88	13.89	338240	2769	0.00	          3.75	14.05	14.35	13.83	13.82	   145.68	475918528	  0.65	铅锌	北京	3.76	14.07	161172	177067	  0.91	836	1386	--  	      90156.15	
="002527"	新时达	0.47	19.05	0.09	19.05	19.06	45903	374	0.00	          2.09	19.00	19.14	18.80	18.96	    37.73	87151736	  0.51	电器仪表	上海	1.79	18.99	24773	21129	  1.17	226	132	--  	      21946.88	
="000877"	天山股份	0.42	9.50	0.04	9.49	9.50	508107	5194	-0.10	          5.77	9.61	9.76	9.29	9.46	    20.41	481932768	  0.57	水泥	新疆	4.97	9.48	262122	245985	  1.07	953	875	--  	      88001.99	
="000876"	新 希 望	0.41	14.85	0.06	14.85	14.86	277362	1338	0.00	          1.60	14.88	15.07	14.70	14.79	    14.76	412424096	  0.52	饲料	四川	2.50	14.87	128410	148952	  0.86	1806	837	--  	     172830.80	
="000568"	泸州老窖	0.40	20.27	0.08	20.27	20.28	273150	1947	0.00	          1.95	20.20	20.57	20.11	20.19	    17.10	555658240	  0.48	白酒	四川	2.28	20.34	130204	142946	  0.91	417	1320	--  	     140022.59	
="000525"	红 太 阳	0.37	16.43	0.06	16.42	16.43	48108	782	0.12	          0.95	16.48	16.51	16.30	16.37	    15.71	78796872	  0.46	农药化肥	江苏	1.28	16.38	27310	20798	  1.31	285	240	--  	      50698.30	
="300094"	国联水产	0.36	11.06	0.04	11.05	11.06	70437	167	0.09	          2.01	11.09	11.20	10.86	11.02	    98.40	77737200	  0.61	渔业	广东	3.09	11.04	30362	40074	  0.76	195	384	--  	      35072.21	
="000926"	福星股份	0.30	9.93	0.03	9.93	9.94	233476	2115	0.00	          4.42	9.90	10.08	9.81	9.90	     9.15	232324576	  0.51	区域地产	湖北	2.73	9.95	127545	105930	  1.20	2060	1474	--  	      52853.94	
="600970"	中材国际	0.26	11.46	0.03	11.45	11.46	473035	104	0.08	          4.33	11.70	11.70	11.15	11.43	    19.03	541313216	  0.69	建筑施工	江苏	4.81	11.44	241096	231938	  1.04	284	133	--  	     109329.72	
="300068"	南都电源	0.26	11.66	0.03	11.66	11.67	227010	1615	0.17	          5.59	11.50	11.79	11.39	11.63	    47.31	262586096	  0.78	电气设备	浙江	3.44	11.57	112215	114795	  0.98	528	714	--  	      40610.39	
="002302"	西部建设	0.25	16.00	0.04	16.00	16.01	108255	1997	-0.18	          4.00	16.35	16.60	15.85	15.96	    36.32	174300528	  0.68	水泥	新疆	4.70	16.10	55990	52265	  1.07	669	174	--  	      27091.33	
="601398"	工商银行	0.24	4.21	0.01	4.20	4.21	3137928	2424	0.00	          0.12	4.22	4.30	4.18	4.20	     5.03	1327654272	  0.39	银行	北京	2.86	4.23	1440067	1697860	  0.85	14654	620	--  	   26471778.00	
="600720"	祁连山	0.20	9.88	0.02	9.88	9.89	502542	215	0.10	          6.47	9.90	10.08	9.68	9.86	     9.06	494434560	  0.63	水泥	甘肃	4.06	9.84	262912	239630	  1.10	310	1142	--  	      77616.27	
="600639"	浦东金桥	0.18	16.93	0.03	16.92	16.93	164210	59	0.05	          2.50	17.02	17.09	16.58	16.90	    36.96	276223936	  0.67	园区开发	上海	3.02	16.82	93371	70838	  1.32	999	5	--  	      65664.88	
="600764"	中电广通	0.18	11.42	0.02	11.41	11.42	37672	10	0.17	          1.14	11.53	11.57	11.34	11.40	   611.52	43071736	  0.50	通信设备	北京	2.02	11.43	22218	15454	  1.44	22	27	--  	      32972.69	
="601117"	中国化学	0.12	8.10	0.01	8.10	8.11	1154980	55	0.24	          2.34	8.15	8.25	7.93	8.09	    11.65	929491200	  0.56	建筑施工	北京	3.96	8.05	591866	563113	  1.05	1756	2386	--  	     493300.00	
="002155"	辰州矿业	0.10	10.18	0.01	10.18	10.19	286047	2258	0.00	          2.87	10.10	10.33	10.01	10.17	    73.83	291468800	  0.68	黄金	湖南	3.15	10.19	155434	130612	  1.19	810	1187	--  	      99608.52	
="000032"	深桑达Ａ	0.08	11.97	0.01	11.97	12.00	45363	707	-0.41	          1.95	11.97	12.28	11.90	11.96	--  	54773056	  0.65	元器件	深圳	3.18	12.07	23268	22095	  1.05	324	503	--  	      23282.71	
="002561"	徐家汇	0.08	13.20	0.01	13.20	13.21	54634	1191	0.07	          1.44	13.18	13.25	13.04	13.19	    22.72	71817600	  0.61	百货	上海	1.59	13.15	29725	24908	  1.19	153	353	--  	      37991.03	
="601988"	中国银行	0.00	3.34	0.00	3.33	3.34	6592838	577	0.30	          0.34	3.34	3.40	3.30	3.34	     6.10	2205144320	  0.35	银行	北京	2.99	3.34	2904075	3688762	  0.79	43205	33827	--  	   19591296.00	
="601928"	凤凰传媒	0.00	12.40	0.00	12.39	12.40	743520	192	0.16	         10.49	12.69	12.70	12.18	12.40	    32.23	925421952	  1.05	出版业	江苏	4.19	12.45	363366	380153	  0.96	517	867	--  	      70878.35	
="601600"	中国铝业	0.00	5.16	0.00	5.17	5.18	1495119	116	0.38	          1.56	5.16	5.29	5.07	5.16	--  	770498304	  0.56	铝	北京	4.26	5.15	751041	744078	  1.01	10125	814	--  	     958052.19	
="600986"	科达股份	0.00	7.05	0.00	--  	--  	0	0	0.00	          0.00	--  	--  	--  	7.05	    36.88	0	  0.00	建筑施工	山东	0.00	7.05	0	0	--  	0	0	--  	      33526.96	
="600981"	汇鸿股份	0.00	4.21	0.00	--  	--  	0	0	0.00	          0.00	--  	--  	--  	4.21	    92.48	0	  0.00	商贸代理	江苏	0.00	4.21	0	0	--  	0	0	--  	      51610.64	
="600876"	洛阳玻璃	0.00	7.24	0.00	--  	--  	0	0	0.00	          0.00	--  	--  	--  	7.24	   374.48	0	  0.00	玻璃	河南	0.00	7.24	0	0	--  	0	0	--  	      25001.82	
="600749"	西藏旅游	0.00	12.18	0.00	--  	--  	0	0	0.00	          0.00	--  	--  	--  	12.18	  1161.76	0	  0.00	旅游景点	西藏	0.00	12.18	0	0	--  	0	0	--  	      18913.78	
="600642"	申能股份	0.00	6.00	0.00	5.99	6.00	535911	23	0.16	          1.18	6.04	6.09	5.91	6.00	    14.40	320568480	  0.46	火力发电	上海	3.00	5.98	256365	279546	  0.92	1126	5411	--  	     455203.84	
="600578"	京能电力	0.00	5.37	0.00	5.36	5.37	840300	15	0.18	          3.72	5.43	5.43	5.20	5.37	     8.67	446104896	  0.70	火力发电	北京	4.28	5.31	454434	385865	  1.18	617	1598	--  	     225731.70	
="600575"	皖江物流	0.00	4.11	0.00	--  	--  	0	0	0.00	          0.00	--  	--  	--  	4.11	--  	0	  0.00	港口	安徽	0.00	4.11	0	0	--  	0	0	--  	     142320.00	
="600569"	安阳钢铁	0.00	2.32	0.00	--  	--  	0	0	0.00	          0.00	--  	--  	--  	2.32	    78.40	0	  0.00	普钢	河南	0.00	2.32	0	0	--  	0	0	--  	     239368.45	
="600517"	置信电气	0.00	12.45	0.00	--  	--  	0	0	0.00	          0.00	--  	--  	--  	12.45	    84.39	0	  0.00	电气设备	上海	0.00	12.45	0	0	--  	0	0	--  	     111366.89	
="600365"	通葡股份	0.00	11.38	0.00	--  	--  	0	0	0.00	          0.00	--  	--  	--  	11.38	  5686.21	0	  0.00	红黄药酒	吉林	0.00	11.38	0	0	--  	0	0	--  	      14000.00	
="600318"	巢东股份	0.00	11.20	0.00	--  	--  	0	0	0.00	          0.00	--  	--  	--  	11.20	    17.93	0	  0.00	水泥	安徽	0.00	11.20	0	0	--  	0	0	--  	      24200.00	
="600241"	时代万恒	0.00	8.28	0.00	--  	--  	0	0	0.00	          0.00	--  	--  	--  	8.28	--  	0	  0.00	商贸代理	辽宁	0.00	8.28	0	0	--  	0	0	--  	      18020.00	
="600105"	永鼎股份	0.00	9.86	0.00	--  	--  	0	0	0.00	          0.00	--  	--  	--  	9.86	    22.23	0	  0.00	通信设备	江苏	0.00	9.86	0	0	--  	0	0	--  	      38095.46	
="600103"	青山纸业	0.00	3.66	0.00	--  	--  	0	0	0.00	          0.00	--  	--  	--  	3.66	   601.14	0	  0.00	造纸	福建	0.00	3.66	0	0	--  	0	0	--  	     106184.15	
="600091"	ST明科	0.00	7.02	0.00	--  	--  	0	0	0.00	          0.00	--  	--  	--  	7.02	--  	0	  0.00	化工原料	内蒙	0.00	7.02	0	0	--  	0	0	--  	      33652.60	
="600090"	啤酒花	0.00	8.13	0.00	--  	--  	0	0	0.00	          0.00	--  	--  	--  	8.13	    36.46	0	  0.00	啤酒	新疆	0.00	8.13	0	0	--  	0	0	--  	      36791.66	
="600028"	中国石化	0.00	5.76	0.00	5.75	5.76	3585466	2550	0.00	          0.39	5.75	5.84	5.72	5.76	     9.86	2069465984	  0.37	石油加工	北京	2.08	5.77	1629491	1955974	  0.83	8243	2973	--  	    9128216.00	
="600018"	上港集团	0.00	6.35	0.00	6.35	6.36	1172811	50	0.31	          0.52	6.50	6.66	6.26	6.35	    23.16	750511104	  0.52	港口	上海	6.30	6.40	588077	584734	  1.01	106	5518	--  	    2275518.00	
="300342"	天银机电	--  	17.85	--  	--  	--  	0	0	--  	          0.00	--  	--  	--  	17.85	    39.14	0	  0.00	元器件	江苏	0.00	17.85	0	0	--  	0	0	--  	       6650.00	
="300332"	天壕节能	--  	14.06	--  	--  	--  	0	0	--  	          0.00	--  	--  	--  	14.06	    40.57	0	  0.00	环境保护	北京	0.00	14.06	0	0	--  	0	0	--  	      22666.75	
="300313"	天山生物	--  	23.69	--  	--  	--  	0	0	--  	          0.00	--  	--  	--  	23.69	   258.62	0	  0.00	农业综合	新疆	0.00	23.69	0	0	--  	0	0	--  	       4177.81	
="002700"	新疆浩源	--  	25.29	--  	--  	--  	0	0	--  	          0.00	--  	--  	--  	25.29	    56.88	0	  0.00	供气供热	新疆	0.00	25.29	0	0	--  	0	0	--  	       9564.16	
="002608"	舜天船舶	--  	12.79	--  	--  	--  	0	0	--  	          0.00	--  	--  	--  	12.79	    86.27	0	  0.00	船舶	江苏	0.00	12.79	0	0	--  	0	0	--  	      32855.16	
="002558"	世纪游轮	--  	31.65	--  	--  	--  	0	0	--  	          0.00	--  	--  	--  	31.65	   271.60	0	  0.00	旅游服务	重庆	0.00	31.65	0	0	--  	0	0	--  	       3244.39	
="002529"	海源机械	--  	15.03	--  	--  	--  	0	0	--  	          0.00	--  	--  	--  	15.03	--  	0	  0.00	专用机械	福建	0.00	15.03	0	0	--  	0	0	--  	      15608.25	
="002509"	天广消防	--  	12.27	--  	--  	--  	0	0	--  	          0.00	--  	--  	--  	12.27	    51.77	0	  0.00	专用机械	福建	0.00	12.27	0	0	--  	0	0	--  	      23109.89	
="002426"	胜利精密	--  	11.26	--  	--  	--  	0	0	--  	          0.00	--  	--  	--  	11.26	    68.41	0	  0.00	元器件	江苏	0.00	11.26	0	0	--  	0	0	--  	      35306.58	
="002324"	普利特	--  	19.90	--  	--  	--  	0	0	--  	          0.00	--  	--  	--  	19.90	    26.33	0	  0.00	塑料	上海	0.00	19.90	0	0	--  	0	0	--  	      15582.66	
="002323"	中联电气	--  	21.95	--  	--  	--  	0	0	--  	          0.00	--  	--  	--  	21.95	   130.92	0	  0.00	电气设备	江苏	0.00	21.95	0	0	--  	0	0	--  	       8350.16	
="002168"	深圳惠程	--  	10.13	--  	--  	--  	0	0	--  	          0.00	--  	--  	--  	10.13	--  	0	  0.00	电气设备	深圳	0.00	10.13	0	0	--  	0	0	--  	      56803.58	
="002044"	江苏三友	--  	10.04	--  	--  	--  	0	0	--  	          0.00	--  	--  	--  	10.04	    43.13	0	  0.00	服饰	江苏	0.00	10.04	0	0	--  	0	0	--  	      22410.00	
="002032"	苏 泊 尔	0.00	17.30	0.00	17.30	17.37	16437	157	-0.57	          0.48	17.23	17.66	17.10	17.30	    16.18	28473632	  0.76	家用电器	浙江	3.24	17.32	7607	8830	  0.86	45	28	--  	      33906.17	
="002009"	天奇股份	--  	16.30	--  	--  	--  	0	0	--  	          0.00	--  	--  	--  	16.30	    47.89	0	  0.00	工程机械	江苏	0.00	16.30	0	0	--  	0	0	--  	      25991.22	
="002006"	*ST精功	--  	8.75	--  	--  	--  	0	0	--  	          0.00	--  	--  	--  	8.75	--  	0	  0.00	工程机械	浙江	0.00	8.75	0	0	--  	0	0	--  	      43677.89	
="000796"	易食股份	--  	7.23	--  	--  	--  	0	0	--  	          0.00	--  	--  	--  	7.23	    95.94	0	  0.00	食品	陕西	0.00	7.23	0	0	--  	0	0	--  	      24652.30	
="000710"	天兴仪表	--  	13.60	--  	--  	--  	0	0	--  	          0.00	--  	--  	--  	13.60	--  	0	  0.00	汽车配件	四川	0.00	13.60	0	0	--  	0	0	--  	      15120.00	
="000627"	天茂集团	--  	4.10	--  	--  	--  	0	0	--  	          0.00	--  	--  	--  	4.10	    28.37	0	  0.00	化工原料	湖北	0.00	4.10	0	0	--  	0	0	--  	     135358.98	
="000533"	万 家 乐	--  	5.97	--  	--  	--  	0	0	--  	          0.00	--  	--  	--  	5.97	    35.25	0	  0.00	家用电器	广东	0.00	5.97	0	0	--  	0	0	--  	      68487.71	
="000514"	渝 开 发	--  	7.08	--  	--  	--  	0	0	--  	          0.00	--  	--  	--  	7.08	    36.98	0	  0.00	区域地产	重庆	0.00	7.08	0	0	--  	0	0	--  	      84377.09	
="000498"	山东路桥	--  	4.64	--  	--  	--  	0	0	--  	          0.00	--  	--  	--  	4.64	    27.67	0	  0.00	建筑施工	山东	0.00	4.64	0	0	--  	0	0	--  	      35417.01	
="000333"	美的集团	--  	24.70	--  	--  	--  	0	0	--  	          0.00	--  	--  	--  	24.70	     8.72	0	  0.00	家用电器	广东	0.00	24.70	0	0	--  	0	0	--  	     223971.95	
="600085"	同仁堂	-0.05	22.11	-0.01	22.13	22.14	148952	78	-0.22	          1.14	22.11	22.27	21.83	22.12	    37.52	327934304	  0.56	中成药	北京	1.99	22.02	88470	60481	  1.46	751	595	--  	     131114.31	
="300345"	红宇新材	-0.05	21.70	-0.01	21.69	21.70	12409	53	0.00	          2.01	21.43	22.10	21.22	21.71	   885.66	26937076	  0.44	钢加工	湖南	4.05	21.71	5716	6693	  0.85	11	168	--  	       6180.70	
="601088"	中国神华	-0.06	17.61	-0.01	17.61	17.62	553211	27	0.11	          0.34	17.71	17.86	17.51	17.62	     8.87	976865344	  0.45	煤炭开采	北京	1.99	17.66	281476	271735	  1.04	7	6	--  	    1649103.75	
="300027"	华谊兄弟	-0.10	30.13	-0.03	30.13	30.14	452020	5656	-0.16	          5.28	29.93	30.49	29.65	30.16	    61.48	1358287104	  0.52	影视音像	浙江	2.79	30.05	219353	232666	  0.94	2379	148	--  	      85552.46	
="000937"	冀中能源	-0.12	8.44	-0.01	8.44	8.45	272185	2043	0.00	          1.23	8.46	8.63	8.35	8.45	   421.85	230305968	  0.42	煤炭开采	河北	3.31	8.46	146487	125698	  1.17	1220	312	--  	     220706.56	
="300088"	长信科技	-0.27	18.20	-0.05	18.19	18.20	102762	874	-0.10	          2.10	18.26	18.42	17.90	18.25	    41.75	186191856	  0.54	元器件	安徽	2.85	18.12	57166	45596	  1.25	85	252	--  	      48943.12	
="000993"	闽东电力	-0.28	10.64	-0.03	10.64	10.65	80088	767	0.00	          2.15	10.60	10.78	10.29	10.67	    33.76	84126184	  0.84	水力发电	福建	4.59	10.50	41725	38363	  1.09	310	628	--  	      37300.00	
="000725"	京东方Ａ	-0.32	3.10	-0.01	3.10	3.11	3584643	30995	0.00	          3.12	3.10	3.15	3.07	3.11	    44.24	1114463232	  0.43	元器件	北京	2.57	3.11	1684335	1900307	  0.89	3946	72923	--  	    1150574.38	
="601288"	农业银行	-0.33	3.04	-0.01	3.04	3.05	5374037	146	0.00	          0.19	3.05	3.10	3.03	3.05	     4.86	1644183296	  0.38	银行	北京	2.30	3.06	2283752	3090285	  0.74	1032	32815	--  	   28416352.00	
="601699"	潞安环能	-0.36	11.14	-0.04	11.14	11.15	425585	265	0.00	          1.85	11.17	11.34	11.01	11.18	    30.28	476053664	  0.54	煤炭开采	山西	2.95	11.19	207245	218339	  0.95	251	80	--  	     230108.41	
="601939"	建设银行	-0.37	5.44	-0.02	5.43	5.44	3007855	737	-0.18	          3.14	5.45	5.58	5.39	5.46	     5.36	1646927872	  0.38	银行	北京	3.48	5.48	1442404	1565451	  0.92	8486	1503	--  	     959365.75	
="601877"	正泰电器	-0.40	32.13	-0.13	32.01	32.14	31664	34	0.09	          0.31	31.81	32.45	31.00	32.26	    18.43	100333128	  0.62	电气设备	浙江	4.49	31.69	18034	13629	  1.32	10	2	--  	     100825.57	
="600621"	华鑫股份	-0.52	7.71	-0.04	7.71	7.72	93335	14	-0.25	          1.78	7.74	7.79	7.62	7.75	    32.10	71925832	  0.55	全国地产	上海	2.19	7.71	52048	41287	  1.26	8	178	--  	      52408.23	
="600000"	浦发银行	-0.54	12.98	-0.07	13.00	13.01	3105588	289	-0.07	          2.08	13.05	13.38	12.78	13.05	     5.22	4067040256	  0.44	银行	上海	4.60	13.10	1502566	1603021	  0.94	81	1778	--  	    1492277.75	
="600805"	悦达投资	-0.65	12.19	-0.08	12.17	12.18	299477	20	0.24	          3.53	12.30	12.48	12.04	12.27	    10.36	364988608	  0.54	综合类	江苏	3.59	12.19	166313	133163	  1.25	285	2279	--  	      84920.21	
="600489"	中金黄金	-0.67	10.44	-0.07	10.44	10.45	707965	136	0.48	          2.41	10.52	10.70	10.25	10.51	    58.63	742877184	  0.54	黄金	北京	4.28	10.49	351562	356403	  0.99	994	2501	--  	     294322.88	
="000539"	粤电力Ａ	-0.68	7.34	-0.05	7.34	7.35	277215	3175	0.13	          1.30	7.39	7.47	7.12	7.39	     9.54	201209520	  0.50	火力发电	广东	4.74	7.26	151280	125935	  1.20	1663	1476	--  	     212769.03	
="601998"	中信银行	-0.79	6.27	-0.05	6.27	6.28	1285123	100	0.15	          0.40	6.34	6.44	6.20	6.32	     6.82	810432896	  0.41	银行	北京	3.80	6.31	677013	608110	  1.11	1023	2367	--  	    3190516.50	
="002461"	珠江啤酒	-0.81	17.20	-0.14	17.20	17.21	53140	216	0.00	          0.78	17.26	17.46	17.01	17.34	   146.22	91476048	  0.72	啤酒	广东	2.60	17.21	24159	28980	  0.83	222	30	--  	      68016.17	
="600015"	华夏银行	-0.91	10.90	-0.10	10.90	10.91	1161556	30	0.09	          1.79	11.05	11.23	10.78	11.00	     5.52	1279516544	  0.40	银行	北京	4.09	11.02	601668	559887	  1.07	25	574	--  	     648768.69	
="600426"	华鲁恒升	-0.96	10.30	-0.10	10.29	10.30	290707	13	0.09	          3.05	10.30	10.43	10.12	10.40	    11.85	298263552	  0.58	农药化肥	山东	2.98	10.26	170646	120060	  1.42	543	30	--  	      95362.50	
="000338"	潍柴动力	-1.04	25.66	-0.27	25.66	25.67	284625	1807	-0.07	          2.72	25.99	26.26	25.44	25.93	     8.66	731073344	  0.43	汽车配件	山东	3.16	25.69	145443	139182	  1.04	853	500	--  	     104608.49	
="601166"	兴业银行	-1.06	13.11	-0.14	13.11	13.13	3514605	500	0.22	          2.17	13.20	13.54	13.00	13.25	     4.89	4655982080	  0.51	银行	福建	4.08	13.25	1704659	1809945	  0.94	3673	1107	--  	    1617961.63	
="600483"	福能股份	-1.15	10.28	-0.12	10.27	10.28	44450	17	0.19	          1.54	10.42	10.49	10.12	10.40	    18.03	45682628	  0.63	火力发电	福建	3.56	10.28	29600	14849	  1.99	145	457	--  	      28848.36	
="000726"	鲁  泰Ａ	-1.15	11.13	-0.13	11.12	11.13	119167	821	-0.17	          2.12	11.30	11.45	11.05	11.26	    11.23	133232200	  0.62	纺织	山东	3.55	11.18	77969	41198	  1.89	87	1406	--  	      56110.69	
="600676"	交运股份	-1.24	8.79	-0.11	8.78	8.79	138008	124	-0.22	          1.76	8.91	8.95	8.71	8.90	    23.83	121425176	  0.64	汽车配件	上海	2.70	8.80	78001	60006	  1.30	606	129	--  	      78214.10	
="000157"	中联重科	-1.29	6.13	-0.08	6.13	6.14	1789889	10280	0.16	          2.86	6.21	6.27	6.06	6.21	    35.42	1099255040	  0.46	工程机械	湖南	3.38	6.14	924145	865744	  1.07	3347	3910	--  	     626117.19	
="600690"	青岛海尔	-1.31	18.84	-0.25	18.81	18.82	459184	33	-0.10	          1.68	19.10	19.39	18.60	19.09	    10.21	869020736	  0.57	家用电器	山东	4.14	18.93	244360	214823	  1.14	1055	9	--  	     273684.13	
="601633"	长城汽车	-1.32	40.28	-0.54	40.30	40.35	55232	1	-0.83	          0.27	40.85	41.67	39.89	40.82	    16.45	224170736	  0.49	汽车整车	河北	4.36	40.59	31632	23599	  1.34	4	15	--  	     200924.30	
="000069"	华侨城Ａ	-1.56	6.96	-0.11	6.95	6.96	927574	7467	0.00	          2.98	7.12	7.23	6.80	7.07	    13.49	647498688	  0.43	旅游景点	深圳	6.08	6.98	531836	395737	  1.34	3640	187	--  	     311246.41	
="000011"	深物业A	-1.58	9.94	-0.16	9.94	9.95	126016	704	0.00	          7.17	10.15	10.25	9.78	10.10	    13.75	124922176	  0.65	区域地产	深圳	4.65	9.91	74560	51456	  1.45	307	312	--  	      17586.25	
="600873"	梅花生物	-1.62	6.70	-0.11	6.70	6.71	746238	42	-0.14	          2.40	6.80	6.89	6.54	6.81	    57.58	501072576	  1.31	食品	西藏	5.14	6.71	380639	365598	  1.04	133	1405	--  	     310822.66	
="601991"	大唐发电	-1.68	5.27	-0.09	5.28	5.29	566110	20	-0.18	          0.57	5.38	5.44	5.24	5.36	    14.36	300446368	  0.62	火力发电	北京	3.73	5.31	354016	212093	  1.67	4320	732	--  	     999436.00	
="000778"	新兴铸管	-1.69	5.80	-0.10	5.80	5.81	1426753	11940	-0.17	          3.92	5.98	6.07	5.75	5.90	    23.63	837220032	  0.60	钢加工	河北	5.42	5.87	693318	733434	  0.95	2598	3252	--  	     364209.41	
="600225"	天津松江	-1.82	8.63	-0.16	8.63	8.64	143563	2	0.11	          2.32	8.80	8.80	8.50	8.79	--  	123455416	  0.40	区域地产	天津	3.41	8.60	85910	57653	  1.49	56	504	--  	      61814.21	
="600795"	国电电力	-1.96	3.51	-0.07	3.51	3.52	4211110	310	0.00	          2.74	3.58	3.59	3.46	3.58	     8.87	1481772800	  0.53	火力发电	辽宁	3.63	3.52	2061892	2149217	  0.96	1439	9441	--  	    1539514.88	
="000655"	金岭矿业	-2.07	9.45	-0.20	9.45	9.46	148360	1156	0.10	          2.49	9.54	9.66	9.30	9.65	    28.84	140471424	  0.81	普钢	山东	3.73	9.47	83304	65055	  1.28	228	228	--  	      59534.01	
="600016"	民生银行	-2.21	8.42	-0.19	8.43	8.44	5980164	1048	-0.11	          2.21	8.55	8.75	8.31	8.61	     5.84	5103561216	  0.48	银行	北京	5.11	8.53	2892316	3087847	  0.94	258	3231	--  	    2710607.50	
="600067"	冠城大通	-2.23	7.44	-0.17	7.43	7.45	297220	92	-0.13	          2.50	7.55	7.66	7.20	7.61	    19.49	220747984	  0.57	全国地产	福建	6.04	7.43	173341	123879	  1.40	453	1010	--  	     119055.79	
="600823"	世茂股份	-2.29	12.78	-0.30	12.78	12.79	206177	82	-0.15	          1.76	13.15	13.16	12.60	13.08	    14.56	265134304	  0.68	全国地产	上海	4.28	12.86	127010	79166	  1.60	1241	857	--  	     117059.53	
="600036"	招商银行	-2.32	13.91	-0.33	13.91	13.92	3769473	127	0.07	          1.83	14.04	14.44	13.62	14.24	     5.74	5295825408	  0.58	银行	深圳	5.76	14.05	1770393	1999080	  0.89	1224	254	--  	    2062894.50	
="600162"	香江控股	-2.39	6.93	-0.17	6.92	6.94	331237	370	0.43	          4.31	7.05	7.14	6.79	7.10	    16.23	228964160	  0.88	全国地产	深圳	4.93	6.91	196860	134377	  1.46	383	973	--  	      76781.27	
="000532"	力合股份	-2.47	18.95	-0.48	18.94	18.95	103530	1408	-0.10	          3.02	19.37	19.37	18.61	19.43	   237.46	195379440	  0.58	元器件	广东	3.91	18.87	52201	51328	  1.02	233	362	--  	      34279.58	
="600009"	上海机场	-2.60	19.83	-0.53	19.82	19.83	295229	154	0.10	          2.70	20.20	20.50	19.61	20.36	    18.15	585457216	  0.64	机场	上海	4.37	19.83	141334	153895	  0.92	130	15	--  	     109347.64	
="600007"	中国国贸	-2.69	15.21	-0.42	15.21	15.23	72593	590	-0.71	          0.72	15.54	15.55	15.05	15.63	    26.78	110651320	  0.74	园区开发	北京	3.20	15.24	38272	34320	  1.12	1091	3	--  	     100728.25	
="600005"	武钢股份	-2.92	3.33	-0.10	3.33	3.34	2870764	394	-0.59	          2.84	3.42	3.45	3.28	3.43	    32.72	961929408	  0.95	普钢	湖北	4.96	3.35	1394116	1476647	  0.94	2177	6793	--  	    1009378.00	
="002075"	沙钢股份	-3.98	5.31	-0.22	5.30	5.31	359124	2107	0.18	          2.28	5.58	5.60	5.28	5.53	   119.96	193055952	  1.04	特钢	江苏	5.79	5.38	199437	159687	  1.25	10927	2173	--  	     157626.48	
数据来源:通达信
