代码	名称	涨幅%%	现价	涨跌	买价	卖价	总量	现量	涨速%%	换手%%	今开	最高	最低	昨收	市盈(动)	总金额	量比	细分行业	地区	振幅%%	均价	内盘	外盘	内外比	买量	卖量	未匹配量	流通股本	
="600896"	中海海盛	10.06	5.14	0.47	5.14	--  	327406	50	          0.00	          5.63	4.71	5.14	4.68	4.67	--  	165269472	  2.22	水运	海南	 9.85	5.05	222878	104528	  2.13	112847	0	--  	      58131.57	
="600221"	海南航空	10.04	2.52	0.23	2.52	--  	9664073	843	          0.00	          8.18	2.30	2.52	2.28	2.29	    12.20	2390730496	  2.22	空运	海南	10.48	2.47	5620685	4043388	  1.39	216626	0	--  	    1181206.38	
="000563"	陕国投Ａ	10.02	9.00	0.82	9.00	--  	155952	121	          0.00	          2.07	8.98	9.00	8.75	8.18	    33.58	140141424	  0.72	多元金融	陕西	 3.06	8.99	83172	72780	  1.14	103387	0	--  	      75266.72	
="600320"	振华重工	10.02	4.94	0.45	4.94	--  	792039	27	          0.00	          2.86	4.58	4.94	4.58	4.49	   201.95	381455776	  3.01	工程机械	上海	 8.02	4.82	506706	285333	  1.78	770876	0	--  	     276833.13	
="600483"	福建南纺	10.01	9.67	0.88	9.67	--  	127373	10	          0.00	          4.42	9.24	9.67	9.24	8.79	    16.96	122645600	  1.90	纺织	福建	 4.89	9.63	93233	34140	  2.73	107814	0	--  	      28848.36	
="601919"	中国远洋	9.98	4.52	0.41	4.52	--  	2372119	94	          0.00	          3.11	4.12	4.52	4.12	4.11	--  	1049896832	  3.73	水运	天津	 9.73	4.43	1235538	1136581	  1.09	77144	0	--  	     763567.44	
="601018"	宁波港	9.97	3.86	0.35	3.86	--  	3137364	197	          0.00	          2.45	3.54	3.86	3.54	3.51	    15.59	1167051392	  2.03	港口	浙江	 9.12	3.72	1778241	1359123	  1.31	549744	0	--  	    1280000.00	
="002650"	加加食品	9.96	13.91	1.26	13.90	13.91	196367	1944	         -0.07	          8.75	12.55	13.92	12.54	12.65	    42.32	262255456	  2.01	食品	湖南	10.91	13.36	77871	118496	  0.66	178	602	--  	      22439.23	
="000717"	韶钢松山	9.88	2.67	0.24	2.67	--  	755794	909	          0.00	          6.70	2.41	2.67	2.40	2.43	--  	196789712	  1.77	钢加工	广东	11.11	2.60	531222	224572	  2.37	255318	0	--  	     112803.64	
="600120"	浙江东方	9.69	17.78	1.57	17.74	17.76	574232	556	         -0.28	         11.36	16.36	17.83	16.10	16.21	    16.61	973125056	  1.96	商贸代理	浙江	10.67	16.95	282923	291309	  0.97	102	40	--  	      50547.33	
="601800"	中国交建	9.65	5.57	0.49	5.55	5.56	2810096	11659	          0.00	         20.82	5.11	5.59	5.11	5.08	     6.92	1548909056	  2.83	建筑施工	北京	 9.45	5.51	1499247	1310849	  1.14	1929	110	--  	     134973.55	
="000877"	天山股份	8.86	7.86	0.64	7.86	7.87	1132672	7467	         -0.12	         12.87	7.31	7.94	7.25	7.22	    16.89	879553792	  3.47	水泥	新疆	 9.56	7.77	474389	658283	  0.72	1221	1602	--  	      88001.99	
="000936"	华西股份	8.74	5.35	0.43	5.34	5.35	315229	5658	         -0.37	          4.22	4.91	5.40	4.90	4.92	   101.90	163434656	  1.50	化纤	江苏	10.16	5.18	107082	208147	  0.51	92	1690	--  	      74768.59	
="601313"	江南嘉捷	8.47	11.27	0.88	11.26	11.28	137050	514	          0.26	          5.10	10.33	11.33	10.33	10.39	    20.75	149337072	  2.42	运输设备	江苏	 9.62	10.90	41542	95508	  0.43	51	36	--  	      26852.53	
="002616"	长青集团	8.15	25.88	1.95	25.87	25.88	42995	674	         -0.15	          5.28	23.80	25.96	23.73	23.93	    51.26	108067408	  2.27	环境保护	广东	 9.32	25.13	16110	26885	  0.60	2	318	--  	       8140.00	
="600798"	宁波海运	8.06	5.23	0.39	5.23	5.24	542319	360	          0.00	          6.23	4.84	5.32	4.84	4.84	--  	277565440	  2.58	水运	浙江	 9.92	5.12	229869	312450	  0.74	503	3928	--  	      87117.45	
="600215"	长春经开	8.00	5.94	0.44	5.94	5.95	277843	749	         -0.16	          5.97	5.51	6.05	5.44	5.50	--  	160839712	  4.32	园区开发	吉林	11.09	5.79	129916	147927	  0.88	10	116	--  	      46503.28	
="002302"	西部建设	7.64	15.50	1.10	15.50	15.51	292762	2179	          1.24	         10.81	14.40	15.70	14.28	14.40	    35.18	440918912	  2.11	水泥	新疆	 9.86	15.06	128181	164581	  0.78	273	193	--  	      27091.33	
="002109"	兴化股份	7.31	6.46	0.44	6.46	6.47	195998	4902	          0.78	          5.47	6.02	6.47	6.01	6.02	--  	122768032	  3.43	化工原料	陕西	 7.64	6.26	76259	119739	  0.64	1456	1998	--  	      35840.00	
="600676"	交运股份	6.66	8.33	0.52	8.32	8.33	868627	799	         -0.47	         11.11	7.74	8.59	7.67	7.81	    22.58	715044352	  3.42	汽车配件	上海	11.78	8.23	440204	428423	  1.03	192	24	--  	      78214.10	
="600029"	南方航空	6.65	3.37	0.21	3.37	3.38	2339098	3443	          0.29	          3.33	3.16	3.45	3.14	3.16	    19.76	779778176	  2.23	空运	广东	 9.81	3.33	1031784	1307314	  0.79	1533	8947	--  	     702265.00	
="600693"	东百集团	6.59	9.06	0.56	9.06	9.07	184977	159	          0.11	          5.41	8.67	9.34	8.67	8.50	    13.61	166716736	  5.35	百货	福建	 7.88	9.01	79609	105368	  0.76	95	838	--  	      34216.55	
="600115"	东方航空	6.47	3.95	0.24	3.95	3.96	1343595	669	          0.00	          1.73	3.66	4.08	3.66	3.71	    18.24	525514720	  1.18	空运	上海	11.32	3.91	593636	749959	  0.79	1510	1033	--  	     778221.38	
="600469"	风神股份	6.44	13.55	0.82	13.54	13.55	102806	152	          0.07	          2.74	12.72	13.61	12.72	12.73	    12.44	135648352	  1.69	汽车配件	河南	 6.99	13.19	41099	61707	  0.67	220	3	--  	      37494.21	
="601518"	吉林高速	6.29	3.21	0.19	3.20	3.21	503251	2361	          0.31	          4.15	3.03	3.32	3.03	3.02	    15.85	160534464	  3.12	路桥	吉林	 9.60	3.19	206496	296755	  0.70	1277	216	--  	     121320.00	
="000089"	深圳机场	6.05	5.08	0.29	5.07	5.08	417216	1932	          0.39	          2.47	4.80	5.15	4.80	4.79	    33.60	209845472	  2.20	机场	深圳	 7.31	5.03	203574	213642	  0.95	623	1433	--  	     169169.27	
="002637"	赞宇科技	5.82	19.45	1.07	19.44	19.45	63686	1279	         -0.05	          6.60	18.38	19.54	18.32	18.38	    60.99	120656456	  2.43	日用化工	浙江	 6.64	18.95	22867	40819	  0.56	10	427	--  	       9650.91	
="002444"	巨星科技	5.46	13.91	0.72	13.90	13.91	164566	3087	          0.21	          1.88	13.16	13.91	13.08	13.19	    25.40	225120000	  2.38	轻工机械	浙江	 6.29	13.68	59973	104593	  0.57	451	163	--  	      87460.32	
="300103"	达刚路机	5.45	19.14	0.99	19.13	19.14	48144	895	         -0.20	          3.10	18.10	19.30	18.10	18.15	    69.89	90448368	  1.29	工程机械	陕西	 6.61	18.79	18738	29406	  0.64	14	8	--  	      15510.50	
="600496"	精工钢构	5.41	10.13	0.52	10.13	10.14	102931	25	         -0.19	          1.75	9.69	10.27	9.52	9.61	    24.53	101525936	  1.10	钢加工	安徽	 7.80	9.86	39607	63324	  0.63	366	788	--  	      58656.60	
="000016"	深康佳Ａ	5.41	5.85	0.30	5.85	5.86	293173	1920	          0.17	          4.89	5.55	6.00	5.55	5.55	   111.02	169829168	  1.69	家用电器	深圳	 8.11	5.79	144428	148745	  0.97	3578	1860	--  	      59991.50	
="600033"	福建高速	5.40	3.32	0.17	3.31	3.32	2314357	2240	          0.30	          8.43	3.28	3.42	3.20	3.15	    13.69	764429632	  1.98	路桥	福建	 6.98	3.30	891956	1422401	  0.63	5761	2564	--  	     274440.00	
="600710"	常林股份	5.39	4.50	0.23	4.50	4.51	258664	222	          0.22	          4.04	4.27	4.68	4.24	4.27	--  	114934424	  3.11	工程机械	江苏	10.30	4.44	101676	156988	  0.65	594	1418	--  	      64028.39	
="300203"	聚光科技	5.09	22.09	1.07	22.09	22.10	64393	2268	          0.40	          1.45	20.93	22.15	20.91	21.02	    67.04	137352592	  0.79	电器仪表	浙江	 5.90	21.33	26249	38144	  0.69	299	244	--  	      44500.00	
="002224"	三 力 士	4.98	9.27	0.44	9.27	9.28	307762	2579	          0.00	          6.98	8.87	9.28	8.86	8.83	    33.89	280554912	  1.46	橡胶	浙江	 4.76	9.12	123099	184663	  0.67	743	3235	--  	      44120.33	
="600020"	中原高速	4.92	3.20	0.15	3.20	3.21	428599	656	          0.31	          1.91	3.05	3.25	3.05	3.05	    10.13	134646512	  1.64	路桥	河南	 6.56	3.14	184297	244302	  0.75	2538	3203	--  	     224737.19	
="600573"	惠泉啤酒	4.91	9.82	0.46	9.82	9.83	66832	62	         -0.20	          2.67	9.36	9.89	9.36	9.36	    44.74	64594744	  2.55	啤酒	福建	 5.66	9.67	19555	47277	  0.41	39	63	--  	      25000.00	
="002547"	春兴精工	4.85	16.22	0.75	16.22	16.23	120218	1882	          0.12	          8.36	15.47	16.30	15.47	15.47	    45.13	192487840	  2.16	通信设备	江苏	 5.37	16.01	52360	67858	  0.77	496	99	--  	      14378.58	
="000785"	武汉中商	4.78	8.99	0.41	8.99	9.00	85412	1254	         -0.22	          3.40	8.55	9.08	8.55	8.58	    67.62	75510480	  1.98	百货	湖北	 6.18	8.84	33321	52091	  0.64	1317	782	--  	      25109.36	
="601111"	中国国航	4.75	4.63	0.21	4.63	4.64	1467102	811	          0.65	          1.76	4.42	4.80	4.41	4.42	    14.39	677584832	  1.70	空运	北京	 8.82	4.62	713842	753260	  0.95	666	1126	--  	     832927.13	
="000100"	TCL 集团	4.72	3.33	0.15	3.33	3.34	5954819	27732	          0.00	          7.32	3.23	3.46	3.21	3.18	    10.64	1971841664	  1.83	家用电器	广东	 7.86	3.31	2663016	3291803	  0.81	36290	57265	--  	     813618.25	
="002073"	软控股份	4.71	14.00	0.63	14.00	14.01	522070	5262	          0.35	          8.44	13.40	14.21	13.30	13.37	    64.56	724841216	  1.07	软件服务	山东	 6.81	13.88	251677	270393	  0.93	486	230	--  	      61879.48	
="600512"	腾达建设	4.67	3.81	0.17	3.81	3.82	369761	361	          0.79	          5.02	3.64	3.83	3.62	3.64	    75.88	138245888	  2.74	建筑施工	浙江	 5.77	3.74	190238	179523	  1.06	74	5255	--  	      73694.06	
="300180"	华峰超纤	4.65	22.95	1.02	22.93	22.95	35689	401	          0.04	          3.09	21.93	23.00	21.88	21.93	    32.99	80668320	  1.67	化纤	上海	 5.11	22.60	13455	22234	  0.61	156	99	--  	      11531.30	
="000989"	九 芝 堂	4.49	16.07	0.69	16.07	16.08	144907	1880	          0.12	          4.87	15.41	16.07	15.38	15.38	    30.79	228092480	  1.73	中成药	湖南	 4.49	15.74	53696	91211	  0.59	779	588	--  	      29760.52	
="600650"	锦江投资	4.38	12.88	0.54	12.88	12.89	143123	51	         -0.15	          3.66	12.32	13.36	12.24	12.34	    31.64	182316624	  0.97	公共交通	上海	 9.08	12.74	64261	78862	  0.81	5	77	--  	      39056.01	
="002667"	鞍重股份	4.31	34.16	1.41	34.16	34.17	31926	1357	          0.38	         11.41	32.30	34.16	31.78	32.75	    50.61	105491720	  0.84	工程机械	辽宁	 7.27	33.04	15364	16562	  0.93	77	3	--  	       2798.00	
="002059"	云南旅游	4.27	11.23	0.46	11.23	11.24	78766	728	          0.00	          3.66	11.70	11.70	11.00	10.77	   225.49	88432416	  6.19	旅游景点	云南	 6.50	11.23	37335	41431	  0.90	298	1046	--  	      21500.00	
="600567"	山鹰纸业	4.25	2.70	0.11	2.69	2.70	1038904	383	          0.37	          6.55	2.59	2.73	2.59	2.59	    44.10	277206816	  2.16	造纸	安徽	 5.41	2.67	391175	647729	  0.60	5870	16343	--  	     158601.70	
="600683"	京投银泰	4.11	6.58	0.26	6.56	6.57	126019	188	          1.07	          1.70	6.32	6.60	6.23	6.32	--  	81316256	  1.51	区域地产	浙江	 5.85	6.45	56617	69402	  0.82	748	305	--  	      74077.75	
="600220"	江苏阳光	4.01	4.15	0.16	4.14	4.15	743642	2299	          0.24	          4.17	3.98	4.20	3.97	3.99	   113.49	302637440	  2.29	纺织	江苏	 5.76	4.07	356808	386834	  0.92	1552	5204	--  	     178334.03	
="002676"	顺威股份	3.95	17.62	0.67	17.62	17.63	28071	624	          0.22	          6.57	17.06	17.78	17.05	16.95	    53.68	49173748	  1.67	塑料	广东	 4.31	17.52	13945	14126	  0.99	7	89	--  	       4275.22	
="002524"	光正集团	3.93	7.40	0.28	7.39	7.40	401985	5605	          0.27	          8.18	7.10	7.42	7.05	7.12	--  	292948928	  3.15	钢加工	新疆	 5.20	7.29	171005	230980	  0.74	705	5609	--  	      49120.46	
="002293"	罗莱家纺	3.90	25.84	0.97	25.84	25.85	53985	181	         -0.07	          1.92	25.00	26.50	25.00	24.87	    19.66	139929200	  1.69	服饰	江苏	 6.03	25.92	24363	29622	  0.82	189	16	--  	      28072.61	
="600321"	国栋建设	3.90	3.20	0.12	3.19	3.20	671903	738	          0.62	          5.69	3.07	3.23	3.04	3.08	   323.12	212142528	  1.84	其他建材	四川	 6.17	3.16	254144	417759	  0.61	5388	2584	--  	     118088.00	
="000088"	盐 田 港	3.88	7.77	0.29	7.76	7.77	759864	5356	          0.12	          3.91	7.60	7.96	7.51	7.48	    32.80	589544896	  0.76	港口	深圳	 6.02	7.76	382040	377824	  1.01	3764	6649	--  	     194212.78	
="002595"	豪迈科技	3.87	28.96	1.08	28.95	28.96	49942	1482	          1.40	          2.22	27.93	29.00	27.71	27.88	    22.76	141844864	  1.76	专用机械	山东	 4.63	28.40	16238	33704	  0.48	150	34	--  	      22461.53	
="600806"	昆明机床	3.82	5.98	0.22	5.98	5.99	127134	116	          0.16	          3.26	5.81	6.02	5.75	5.76	--  	74698320	  1.66	机床制造	云南	 4.69	5.88	59412	67722	  0.88	239	1130	--  	      39018.62	
="300305"	裕兴股份	3.81	23.73	0.87	23.73	23.74	13365	66	          0.12	          3.71	22.89	23.90	22.89	22.86	    48.53	31460510	  1.59	塑料	江苏	 4.42	23.54	4175	9190	  0.45	50	52	--  	       3600.00	
="600179"	黑化股份	3.79	7.67	0.28	7.66	7.67	149119	289	          0.52	          3.82	7.37	7.69	7.23	7.39	--  	110603080	  1.22	焦炭加工	黑龙江	 6.22	7.42	68174	80945	  0.84	687	271	--  	      39000.00	
="002035"	华帝股份	3.76	13.52	0.49	13.52	13.53	103876	207	          0.00	          3.50	13.03	13.68	13.02	13.03	    18.02	139761376	  1.48	家用电器	广东	 5.07	13.45	33727	70149	  0.48	3	120	--  	      29677.21	
="002350"	北京科锐	3.64	13.96	0.49	13.95	13.96	45869	240	          0.43	          2.10	13.50	14.19	13.43	13.47	    55.06	63811488	  1.23	电气设备	北京	 5.64	13.91	20264	25605	  0.79	31	76	--  	      21821.63	
="000601"	韶能股份	3.59	6.06	0.21	6.06	6.07	569162	3503	          0.16	          5.73	5.85	6.18	5.76	5.85	    18.49	341777216	  1.14	火力发电	广东	 7.18	6.00	244188	324974	  0.75	2908	589	--  	      99398.67	
="002511"	中顺洁柔	3.59	11.26	0.39	11.26	11.27	82134	1586	          0.08	          2.03	10.83	11.27	10.73	10.87	    67.22	91110448	  0.87	造纸	广东	 4.97	11.09	36927	45207	  0.82	152	582	--  	      40451.92	
="600269"	赣粤高速	3.58	3.76	0.13	3.75	3.76	737399	4210	          0.00	          3.16	3.66	3.81	3.62	3.63	    10.78	275636384	  1.56	路桥	江西	 5.23	3.74	348160	389239	  0.89	1826	200	--  	     233540.70	
="002208"	合肥城建	3.56	9.03	0.31	9.02	9.03	57118	299	          0.00	          1.80	8.76	9.06	8.75	8.72	    38.87	51262668	  1.65	区域地产	安徽	 3.56	8.97	21858	35260	  0.62	686	239	--  	      31671.60	
="600062"	华润双鹤	3.50	22.45	0.76	22.44	22.46	213427	27	          0.22	          3.73	21.83	22.68	21.61	21.69	    22.41	474698688	  1.43	化学制药	北京	 4.93	22.24	107060	106367	  1.01	156	128	--  	      57169.58	
="000623"	吉林敖东	3.49	22.21	0.75	22.21	22.22	332565	1800	          0.04	          4.21	21.54	22.56	21.51	21.46	    16.30	737122752	  1.30	中成药	吉林	 4.89	22.16	147952	184613	  0.80	826	1318	--  	      78904.07	
="601618"	中国中冶	3.45	2.70	0.09	2.70	2.71	2849203	3703	          0.37	          1.75	2.62	2.72	2.60	2.61	    15.53	762347904	  1.47	建筑施工	北京	 4.60	2.68	1173581	1675622	  0.70	11	53567	--  	    1623900.00	
="000900"	现代投资	3.44	6.32	0.21	6.32	6.33	441601	3407	          0.00	          4.37	6.14	6.41	6.13	6.11	    16.44	277811360	  0.85	路桥	湖南	 4.58	6.29	196454	245147	  0.80	529	3256	--  	     101128.75	
="000159"	国际实业	3.41	9.39	0.31	9.39	9.40	305747	1856	         -0.10	          6.35	9.07	9.58	9.04	9.08	    52.23	286784864	  2.29	石油贸易	新疆	 5.95	9.38	131015	174732	  0.75	384	1369	--  	      48113.92	
="600005"	武钢股份	3.41	2.73	0.09	2.72	2.73	2546700	3300	          0.36	          2.52	2.59	2.74	2.57	2.64	    26.83	680125120	  1.93	普钢	湖北	 6.44	2.67	1153751	1392949	  0.83	10207	8590	--  	    1009378.00	
="002075"	沙钢股份	3.39	4.57	0.15	4.57	4.58	285950	3251	          0.00	          1.81	4.42	4.63	4.41	4.42	   103.24	129886848	  2.17	特钢	江苏	 4.98	4.54	123686	162264	  0.76	371	4771	--  	     157626.48	
="600300"	维维股份	3.36	5.84	0.19	5.84	5.85	427400	5292	          0.51	          2.56	5.70	5.87	5.63	5.65	    86.60	246584192	  1.27	软饮料	江苏	 4.25	5.77	218153	209247	  1.04	459	3816	--  	     167200.00	
="002093"	国脉科技	3.33	7.14	0.23	7.13	7.14	204945	3535	          0.00	          2.40	6.96	7.18	6.96	6.91	   127.05	145620640	  1.42	电信运营	福建	 3.18	7.11	99059	105886	  0.94	1191	68	--  	      85291.22	
="000886"	海南高速	3.30	4.70	0.15	4.69	4.70	367755	6202	          0.21	          3.82	4.55	4.75	4.55	4.55	    51.34	171381600	  1.84	路桥	海南	 4.40	4.66	149907	217848	  0.69	1103	1335	--  	      96284.88	
="002691"	石中装备	3.29	15.38	0.49	15.37	15.38	38917	1241	          0.52	          5.90	14.94	15.38	14.84	14.89	    88.93	59045112	  0.97	专用机械	河北	 3.63	15.17	15297	23620	  0.65	270	850	--  	       6596.93	
="600865"	百大集团	3.20	8.72	0.27	8.71	8.72	89488	128	          0.22	          2.38	8.43	8.73	8.41	8.45	    19.33	77044832	  1.98	百货	浙江	 3.79	8.61	35026	54462	  0.64	242	171	--  	      37624.03	
="600380"	健康元	3.19	7.11	0.22	7.10	7.11	182920	135	          0.14	          1.18	6.89	7.14	6.88	6.89	    27.19	128935376	  1.18	化学制药	深圳	 3.77	7.05	81874	101046	  0.81	3046	417	--  	     154583.59	
="000429"	粤高速Ａ	3.17	4.23	0.13	4.22	4.23	173853	1470	          0.47	          3.72	4.12	4.28	4.10	4.10	    13.25	72851232	  1.68	路桥	广东	 4.39	4.19	69305	104548	  0.66	6172	853	--  	      46788.23	
="300193"	佳士科技	3.16	17.30	0.53	17.29	17.30	50094	1296	          0.23	          3.29	16.70	17.30	16.70	16.77	    48.30	85501848	  1.44	专用机械	深圳	 3.58	17.07	22003	28091	  0.78	376	2044	--  	      15209.28	
="600308"	华泰股份	3.12	3.97	0.12	3.97	3.98	285471	1463	          0.76	          2.45	3.86	3.98	3.85	3.85	    51.79	112089904	  1.95	造纸	山东	 3.38	3.93	130245	155226	  0.84	450	3003	--  	     116756.14	
="600491"	龙元建设	3.09	4.34	0.13	4.33	4.34	262240	193	          0.23	          2.77	4.22	4.35	4.16	4.21	    19.72	111791808	  2.34	建筑施工	浙江	 4.51	4.26	101779	160461	  0.63	1249	2375	--  	      94760.00	
="601107"	四川成渝	3.05	3.72	0.11	3.72	3.73	327006	68	          0.26	          1.51	3.62	3.78	3.61	3.61	    10.02	120693544	  1.91	路桥	四川	 4.71	3.69	133161	193845	  0.69	470	1990	--  	     216274.00	
="002110"	三钢闽光	2.87	6.45	0.18	6.45	6.46	120051	4556	          0.15	          2.25	6.30	6.47	6.28	6.27	--  	76627872	  1.28	普钢	福建	 3.03	6.38	53581	66470	  0.81	1414	730	--  	      53470.00	
="002501"	利源精制	2.86	18.72	0.52	18.72	18.73	191879	1840	          0.53	          5.72	18.23	18.85	18.23	18.20	    22.50	356498464	  1.31	铝	吉林	 3.41	18.58	83402	108477	  0.77	337	146	--  	      33565.53	
="300138"	晨光生物	2.82	12.41	0.34	12.41	12.42	53092	463	          0.16	          4.21	12.12	12.45	12.01	12.07	   130.54	65129404	  0.59	食品	河北	 3.65	12.27	24317	28775	  0.85	731	62	--  	      12608.41	
="002448"	中原内配	2.81	18.32	0.50	18.31	18.32	159852	1187	          0.00	          8.91	17.88	18.64	17.71	17.82	    22.16	292505344	  1.14	运输设备	河南	 5.22	18.30	50573	109279	  0.46	2129	1307	--  	      17946.90	
="601616"	广电电气	2.81	5.13	0.14	5.12	5.13	167176	306	          0.58	          1.79	5.00	5.13	4.98	4.99	    89.47	84661584	  1.44	电气设备	上海	 3.01	5.06	76180	90996	  0.84	5347	1149	--  	      93258.00	
="600218"	全柴动力	2.76	13.80	0.37	13.81	13.82	72143	171	          0.21	          2.55	13.50	13.82	13.33	13.43	    86.12	97943496	  1.13	农用机械	安徽	 3.65	13.58	33701	38442	  0.88	59	41	--  	      28340.00	
="300240"	飞力达	2.75	14.94	0.40	14.93	14.94	30939	371	          0.20	          1.90	14.64	14.97	14.57	14.54	    56.41	45919556	  1.39	仓储物流	江苏	 2.75	14.84	14526	16413	  0.89	147	145	--  	      16245.00	
="300308"	中际装备	2.74	9.74	0.26	9.73	9.74	45902	1732	          0.30	          4.08	9.45	9.74	9.44	9.48	   459.97	44343048	  1.28	工程机械	山东	 3.16	9.66	19749	26153	  0.76	200	45	--  	      11263.04	
="002370"	亚太药业	2.74	18.02	0.48	18.02	18.03	56123	196	          0.16	          3.89	17.54	18.12	17.50	17.54	    98.54	100773464	  1.90	化学制药	浙江	 3.53	17.96	28233	27890	  1.01	56	337	--  	      14417.91	
="600853"	龙建股份	2.72	4.15	0.11	4.14	4.15	129937	341	         -0.24	          2.42	4.03	4.16	4.03	4.04	   123.73	53341024	  1.27	建筑施工	黑龙江	 3.22	4.11	46595	83342	  0.56	178	5	--  	      53680.76	
="002420"	毅昌股份	2.68	7.27	0.19	7.26	7.27	82515	774	         -0.13	          2.18	7.10	7.33	7.08	7.08	   206.55	59542684	  1.33	塑料	广东	 3.53	7.22	36941	45574	  0.81	474	315	--  	      37782.35	
="600655"	豫园商城	2.66	10.03	0.26	10.02	10.03	275818	216	          0.19	          1.92	9.80	10.24	9.80	9.77	    18.52	276930368	  1.24	百货	上海	 4.50	10.04	125652	150166	  0.84	154	266	--  	     143732.20	
="601555"	东吴证券	2.65	12.38	0.32	12.37	12.38	873226	1457	          0.16	          7.15	12.05	12.63	11.83	12.06	    32.44	1077738752	  0.94	证券	江苏	 6.63	12.34	347722	525504	  0.66	83	5	--  	     122138.00	
="600463"	空港股份	2.60	10.66	0.27	10.65	10.66	48229	90	          0.47	          1.91	10.39	10.73	10.30	10.39	    56.95	50939880	  1.12	园区开发	北京	 4.14	10.56	23435	24794	  0.95	14	155	--  	      25200.00	
="000701"	厦门信达	2.58	12.70	0.32	12.70	12.71	189948	4487	          0.39	          7.91	12.68	13.15	12.54	12.38	    44.73	242208208	  1.59	综合类	福建	 4.93	12.75	92697	97251	  0.95	305	847	--  	      24024.32	
="600356"	恒丰纸业	2.53	8.12	0.20	8.12	8.13	46853	27	         -0.24	          1.86	7.93	8.15	7.89	7.92	    33.19	37667040	  1.84	造纸	黑龙江	 3.28	8.04	14374	32479	  0.44	73	241	--  	      25233.92	
="600068"	葛洲坝	2.52	4.88	0.12	4.88	4.89	964617	562	          0.20	          2.77	4.78	4.93	4.77	4.76	     9.67	467329792	  2.00	建筑施工	湖北	 3.36	4.84	465829	498788	  0.93	571	14394	--  	     348745.91	
="000680"	山推股份	2.44	4.19	0.10	4.18	4.19	502364	2672	          0.00	          5.26	4.11	4.29	4.10	4.09	   102.39	210620800	  2.46	工程机械	山东	 4.65	4.19	244027	258337	  0.94	3152	1290	--  	      95481.35	
="002042"	华孚色纺	2.41	5.09	0.12	5.09	5.10	167882	976	          0.00	          2.02	4.97	5.10	4.97	4.97	    16.00	85009656	  2.32	纺织	安徽	 2.62	5.06	65824	102058	  0.64	307	8185	--  	      82998.72	
="600125"	铁龙物流	2.41	7.64	0.18	7.63	7.64	350438	527	          0.39	          2.68	7.48	7.82	7.40	7.46	    28.18	267577168	  0.69	铁路	辽宁	 5.63	7.64	146695	203743	  0.72	1451	513	--  	     130552.18	
="601727"	上海电气	2.40	5.97	0.14	5.97	5.98	773373	560	          0.33	          0.79	5.96	6.19	5.85	5.83	    32.10	463967424	  1.01	电气设备	上海	 5.83	6.00	397664	375709	  1.06	1428	1597	--  	     985071.44	
="300042"	朗科科技	2.37	17.72	0.41	17.72	17.73	27544	303	          0.51	          3.76	17.31	17.72	17.28	17.31	    86.42	48282856	  0.93	电脑设备	深圳	 2.54	17.53	12163	15381	  0.79	366	28	--  	       7327.91	
="000528"	柳    工	2.34	7.43	0.17	7.42	7.43	440899	4378	          0.26	          3.92	7.26	7.49	7.23	7.26	    34.95	325341504	  2.03	工程机械	广西	 3.58	7.38	192924	247975	  0.78	1345	319	--  	     112508.84	
="300195"	长荣股份	2.33	32.91	0.75	32.91	32.92	20377	173	         -0.12	          3.16	32.21	32.96	31.83	32.16	    35.78	66038508	  1.15	轻工机械	天津	 3.51	32.41	8796	11581	  0.76	83	9	--  	       6444.72	
="601113"	华鼎股份	2.31	5.75	0.13	5.75	5.76	76936	30	          0.34	          1.20	5.61	5.76	5.60	5.62	  1474.36	43627828	  0.99	化纤	浙江	 2.85	5.67	31119	45817	  0.68	338	968	--  	      64000.00	
="601996"	丰林集团	2.30	8.91	0.20	8.92	8.93	105766	12	          0.11	          2.26	8.70	8.98	8.67	8.71	    44.60	93925488	  1.14	林业	广西	 3.56	8.88	48754	57012	  0.86	110	663	--  	      46891.19	
="002172"	澳洋科技	2.23	7.33	0.16	7.33	7.34	97071	667	          0.13	          1.81	7.16	7.36	7.12	7.17	--  	70341176	  1.14	化纤	江苏	 3.35	7.25	44475	52596	  0.85	759	682	--  	      53754.96	
="002031"	巨轮股份	2.22	12.90	0.28	12.89	12.90	101725	400	          0.00	          2.48	12.60	13.01	12.58	12.62	    37.70	130932552	  0.68	汽车配件	广东	 3.41	12.87	50311	51414	  0.98	17	752	--  	      40972.19	
="600293"	三峡新材	2.21	7.41	0.16	7.40	7.41	144854	10	         -0.13	          4.20	7.25	7.45	7.24	7.25	   226.93	106653152	  2.20	玻璃	湖北	 2.90	7.36	55535	89319	  0.62	1689	124	--  	      34450.26	
="000668"	荣丰控股	2.19	13.56	0.29	13.56	13.57	32349	391	          0.29	          2.21	13.21	13.56	13.21	13.27	--  	43509832	  0.63	区域地产	上海	 2.64	13.45	13320	19029	  0.70	40	137	--  	      14668.41	
="600731"	湖南海利	2.16	8.99	0.19	8.97	8.98	52966	789	          0.33	          2.07	8.80	9.00	8.75	8.80	   560.51	46948704	  0.72	农药化肥	湖南	 2.84	8.86	24460	28506	  0.86	868	9	--  	      25557.66	
="300022"	吉峰农机	2.15	8.07	0.17	8.06	8.07	110863	771	          0.00	          3.51	7.88	8.14	7.85	7.90	--  	88907096	  1.09	其他连锁	四川	 3.67	8.02	55033	55830	  0.99	195	127	--  	      31565.72	
="600012"	皖通高速	2.12	5.30	0.11	5.29	5.30	214457	58	         -0.18	          1.84	5.18	5.50	5.18	5.19	     9.83	114080272	  2.23	路桥	安徽	 6.17	5.32	101780	112677	  0.90	1357	155	--  	     116560.00	
="603077"	和邦股份	2.09	10.27	0.21	10.26	10.27	130326	108	          0.29	          4.34	10.16	10.27	10.06	10.06	    11.24	132678736	  1.28	化工原料	四川	 2.09	10.18	57165	73161	  0.78	86	971	--  	      30000.00	
="600035"	楚天高速	2.05	3.49	0.07	3.48	3.49	414490	247	          0.00	          3.42	3.45	3.52	3.32	3.42	    11.81	142159280	  1.44	路桥	湖北	 5.85	3.43	231420	183070	  1.26	879	823	--  	     121114.82	
="002220"	天宝股份	2.03	8.06	0.16	8.05	8.06	96484	950	          0.37	          2.48	7.85	8.06	7.81	7.90	    21.75	76586848	  1.27	食品	辽宁	 3.16	7.94	43938	52546	  0.84	1841	87	--  	      38948.12	
="000897"	津滨发展	2.02	6.55	0.13	6.54	6.55	782739	5416	          0.30	          4.84	6.46	6.64	6.40	6.42	   349.94	512918528	  0.72	区域地产	天津	 3.74	6.55	354659	428080	  0.83	6865	6132	--  	     161708.06	
="600738"	兰州民百	2.01	7.10	0.14	7.09	7.10	89619	178	          0.14	          3.42	6.95	7.17	6.95	6.96	    22.52	63542996	  1.53	百货	甘肃	 3.16	7.09	31455	58164	  0.54	1545	26	--  	      26210.72	
="600086"	东方金钰	2.01	24.35	0.48	24.34	24.35	41056	6	          0.28	          1.17	23.72	24.36	23.72	23.87	    75.31	98883536	  1.35	服饰	湖北	 2.68	24.08	16331	24725	  0.66	4	80	--  	      35228.17	
="000507"	珠海港	1.95	6.79	0.13	6.78	6.79	823023	5664	          0.14	         10.66	6.77	6.92	6.67	6.66	--  	561482048	  1.00	港口	广东	 3.75	6.82	400127	422896	  0.95	6795	3174	--  	      77214.38	
="002599"	盛通股份	1.94	17.84	0.34	17.61	17.84	28452	304	          1.30	          3.25	17.64	19.00	17.40	17.50	   133.38	50719692	  2.47	广告包装	北京	 9.14	17.83	13586	14866	  0.91	12	104	--  	       8756.25	
="300099"	尤洛卡	1.94	14.75	0.28	14.74	14.75	60158	494	         -0.20	          5.55	14.50	14.88	14.19	14.47	   185.82	87219880	  1.65	电器仪表	山东	 4.77	14.50	26044	34114	  0.76	5	438	--  	      10838.75	
="000860"	顺鑫农业	1.86	17.55	0.32	17.54	17.55	68881	1950	          0.40	          1.57	17.26	17.55	17.00	17.23	    26.59	118626616	  1.04	农业综合	北京	 3.19	17.22	38152	30729	  1.24	230	318	--  	      43852.50	
="600828"	成商集团	1.85	6.05	0.11	6.05	6.06	112270	107	          0.49	          1.97	5.95	6.06	5.91	5.94	    14.66	66970632	  1.74	百货	四川	 2.53	5.97	63416	48854	  1.30	224	560	--  	      56981.73	
="002264"	新 华 都	1.84	9.39	0.17	9.39	9.40	318979	3291	         -0.10	          6.30	9.50	9.60	9.23	9.22	    79.90	299489024	  1.10	超市连锁	福建	 4.01	9.39	168448	150531	  1.12	634	1131	--  	      50638.42	
="300117"	嘉寓股份	1.80	7.34	0.13	7.34	7.35	52183	287	          0.27	          1.60	7.26	7.48	7.20	7.21	    40.91	38312948	  1.38	装修装饰	北京	 3.88	7.34	21500	30683	  0.70	119	296	--  	      32580.00	
="002496"	辉丰股份	1.79	18.19	0.32	18.18	18.19	52752	743	         -0.05	          2.86	17.94	18.21	17.67	17.87	    27.77	94606936	  0.89	农药化肥	江苏	 3.02	17.93	26408	26344	  1.00	148	111	--  	      18456.77	
="002606"	大连电瓷	1.77	16.14	0.28	16.13	16.14	64358	1084	          0.68	          5.34	15.81	16.18	15.81	15.86	   146.41	103114008	  0.85	电气设备	辽宁	 2.33	16.02	31350	33008	  0.95	57	331	--  	      12050.00	
="600004"	白云机场	1.74	9.33	0.16	9.33	9.34	204920	78	          0.10	          1.78	9.25	9.67	9.25	9.17	    10.80	193409376	  1.51	机场	广东	 4.58	9.44	100566	104354	  0.96	71	158	--  	     115000.00	
="000752"	西藏发展	1.74	14.00	0.24	13.99	14.00	113547	1182	          0.14	          4.31	13.72	14.20	13.61	13.76	   204.13	157484736	  0.76	啤酒	西藏	 4.29	13.87	49168	64379	  0.76	790	5310	--  	      26375.01	
="002494"	华斯股份	1.74	16.36	0.28	16.35	16.36	31400	140	          0.00	          3.23	16.08	16.44	16.07	16.08	    31.45	51181756	  1.12	服饰	河北	 2.30	16.30	13712	17688	  0.78	111	152	--  	       9726.16	
="002003"	伟星股份	1.74	9.96	0.17	9.96	9.97	68134	537	          0.10	          2.32	9.81	10.03	9.81	9.79	    13.13	67524848	  1.46	服饰	浙江	 2.25	9.91	31849	36285	  0.88	13	536	--  	      29320.38	
="600609"	金杯汽车	1.72	4.14	0.07	4.13	4.14	182481	94	          0.24	          1.67	4.06	4.17	4.06	4.07	--  	75195160	  0.90	汽车整车	辽宁	 2.70	4.12	94204	88277	  1.07	1065	11388	--  	     109266.71	
="600138"	中青旅	1.72	16.59	0.28	16.57	16.59	153081	46	          0.06	          2.46	16.32	16.78	16.26	16.31	    29.91	253584816	  0.87	旅游服务	北京	 3.19	16.57	83627	69454	  1.20	96	36	--  	      62302.50	
="600337"	美克家居	1.69	9.01	0.15	9.01	9.02	76453	53	          0.11	          1.20	8.81	9.20	8.81	8.86	    29.34	68997984	  0.97	家居用品	新疆	 4.40	9.02	39601	36852	  1.07	27	115	--  	      63833.23	
="600153"	建发股份	1.69	7.83	0.13	7.83	7.84	1706279	520	          0.12	          6.02	8.00	8.30	7.76	7.70	    10.58	1357039360	  1.89	商贸代理	福建	 7.01	7.95	762096	944183	  0.81	794	55	--  	     283520.06	
="600843"	上工申贝	1.68	13.88	0.23	13.88	13.89	88308	42	          0.57	          4.31	13.65	14.10	13.55	13.65	    92.44	122289016	  0.65	纺织机械	上海	 4.03	13.85	46698	41610	  1.12	1	3	--  	      20494.30	
="600795"	国电电力	1.68	3.02	0.05	3.02	3.03	7256654	4365	          0.33	          4.71	2.91	3.07	2.90	2.97	     7.63	2163988992	  1.78	火力发电	辽宁	 5.72	2.98	3586975	3669679	  0.98	3316	87558	--  	    1539514.88	
="000620"	新华联	1.63	6.84	0.11	6.83	6.84	171034	628	          0.00	          1.07	6.75	6.92	6.75	6.73	    36.35	116889576	  1.27	区域地产	北京	 2.53	6.83	86430	84604	  1.02	222	1407	--  	     159797.06	
="300204"	舒泰神	1.60	29.88	0.47	29.88	29.89	12369	236	          0.23	          0.52	29.41	29.88	29.00	29.41	    43.54	36385968	  0.56	生物制药	北京	 2.99	29.42	5423	6946	  0.78	41	33	--  	      23575.42	
="600868"	梅雁吉祥	1.59	3.19	0.05	3.18	3.19	464249	354	          0.31	          2.45	3.14	3.22	3.12	3.14	   337.40	147654480	  0.97	水力发电	广东	 3.18	3.18	221681	242568	  0.91	4170	6123	--  	     189814.88	
="000863"	三湘股份	1.59	7.04	0.11	7.04	7.05	73475	575	         -0.14	          4.21	6.96	7.07	6.91	6.93	   119.28	51407944	  1.31	区域地产	上海	 2.31	7.00	39105	34370	  1.14	1795	591	--  	      17462.02	
="600354"	敦煌种业	1.59	7.68	0.12	7.68	7.69	108814	98	          0.26	          2.43	7.59	7.74	7.51	7.56	--  	82749808	  0.95	种植业	甘肃	 3.04	7.60	55472	53342	  1.04	170	1819	--  	      44780.21	
="600159"	大龙地产	1.51	4.03	0.06	4.03	4.04	215145	380	          0.24	          2.59	4.00	4.06	3.97	3.97	    27.28	86449768	  1.15	区域地产	北京	 2.27	4.02	101904	113241	  0.90	1713	3395	--  	      83000.32	
="002687"	乔治白	1.51	12.11	0.18	12.10	12.11	28610	788	          0.16	          4.11	11.99	12.15	11.84	11.93	    43.10	34281372	  0.71	服饰	浙江	 2.60	11.98	12778	15832	  0.81	65	613	--  	       6961.27	
="601199"	江南水务	1.49	17.73	0.26	17.72	17.73	21964	1	          0.11	          0.94	17.53	17.81	17.41	17.47	    26.46	38721824	  1.12	水务	江苏	 2.29	17.63	11664	10300	  1.13	38	59	--  	      23380.00	
="000543"	皖能电力	1.47	8.27	0.12	8.27	8.28	322130	1311	          0.24	          3.14	8.16	8.57	8.16	8.15	     9.20	270357760	  1.57	火力发电	安徽	 5.03	8.39	156950	165180	  0.95	518	703	--  	     102515.75	
="000056"	深国商	1.47	17.29	0.25	17.29	17.30	96177	626	          0.00	          6.72	17.01	17.48	17.01	17.04	--  	165963360	  1.86	房产服务	深圳	 2.76	17.26	35719	60458	  0.59	324	553	--  	      14305.55	
="002087"	新野纺织	1.43	4.95	0.07	4.94	4.95	94468	1679	          0.00	          1.82	4.87	4.96	4.87	4.88	    36.58	46542192	  1.10	纺织	河南	 1.84	4.93	44367	50101	  0.89	1031	1423	--  	      51961.51	
="600415"	小商品城	1.43	7.10	0.10	7.10	7.11	320560	219	          0.00	          1.18	7.16	7.34	7.06	7.00	    45.15	230609840	  2.02	商品城	浙江	 4.00	7.19	157971	162589	  0.97	145	507	--  	     272160.72	
="002534"	杭锅股份	1.42	19.26	0.27	19.23	19.26	20162	290	          0.00	          0.51	18.69	19.39	18.69	18.99	    59.19	38340968	  0.59	专用机械	浙江	 3.69	19.02	9743	10419	  0.94	10	13	--  	      39168.26	
="000667"	美好集团	1.42	2.86	0.04	2.85	2.86	760713	8039	          0.35	          2.97	2.80	2.88	2.80	2.82	   195.26	216628224	  0.86	全国地产	云南	 2.84	2.85	354581	406132	  0.87	13323	25305	--  	     255959.23	
="600791"	京能置业	1.41	6.49	0.09	6.47	6.48	129171	9	          0.15	          2.86	6.42	6.56	6.42	6.40	    32.38	83942688	  0.99	全国地产	北京	 2.19	6.50	62501	66670	  0.94	877	203	--  	      45231.37	
="002560"	通达股份	1.40	20.26	0.28	20.26	20.27	41018	317	          0.04	          8.98	20.11	20.73	19.92	19.98	    80.07	83212984	  2.80	电气设备	河南	 4.05	20.29	20706	20312	  1.02	224	21	--  	       4567.37	
="600985"	雷鸣科化	1.36	16.39	0.22	16.38	16.41	15936	112	          0.36	          1.23	16.29	16.41	16.13	16.17	    23.65	25850704	  0.83	化工原料	安徽	 1.73	16.22	6990	8946	  0.78	58	4913	--  	      12960.00	
="000677"	恒天海龙	1.34	4.55	0.06	4.54	4.55	139146	1605	          0.22	          1.61	4.50	4.62	4.50	4.49	--  	63582256	  0.98	化纤	山东	 2.67	4.57	63625	75521	  0.84	1342	1807	--  	      86394.82	
="600336"	澳柯玛	1.33	6.11	0.08	6.10	6.11	158732	83	          0.16	          2.33	6.05	6.17	6.03	6.03	    34.02	96651264	  0.91	家用电器	山东	 2.32	6.09	78874	79858	  0.99	208	3216	--  	      68007.20	
="002238"	天威视讯	1.31	15.43	0.20	15.43	15.44	45472	443	          0.12	          1.42	15.22	15.48	15.14	15.23	    32.36	69637984	  1.06	影视音像	深圳	 2.23	15.31	21187	24285	  0.87	527	466	--  	      32040.00	
="600481"	双良节能	1.29	10.98	0.14	10.98	10.99	134953	510	          0.09	          1.67	10.89	11.06	10.86	10.84	    27.95	148200208	  1.02	化工原料	江苏	 1.85	10.98	64037	70916	  0.90	4	687	--  	      81010.45	
="601137"	博威合金	1.29	18.84	0.24	18.84	18.85	12196	9	          0.15	          0.57	18.70	19.08	18.70	18.60	    59.87	23075396	  0.94	铜	浙江	 2.04	18.92	6392	5804	  1.10	22	63	--  	      21500.00	
="600663"	陆家嘴	1.27	21.55	0.27	21.56	21.57	223061	145	         -0.46	          1.64	21.26	22.40	21.08	21.28	    30.59	484255904	  1.03	园区开发	上海	 6.20	21.71	109161	113900	  0.96	10	188	--  	     135808.41	
="601116"	三江购物	1.26	8.82	0.11	8.83	8.84	68646	587	          0.34	          1.71	8.71	8.86	8.68	8.71	    28.74	60287280	  1.88	超市连锁	浙江	 2.07	8.78	32720	35926	  0.91	413	333	--  	      40189.30	
="000589"	黔轮胎Ａ	1.26	6.45	0.08	6.44	6.45	80961	858	          0.15	          1.66	6.38	6.49	6.37	6.37	    28.91	52111044	  0.98	汽车配件	贵州	 1.88	6.44	42995	37966	  1.13	607	609	--  	      48884.73	
="600613"	神奇制药	1.25	19.40	0.24	19.39	19.40	26506	5	          0.10	          1.79	19.16	19.41	19.15	19.16	    48.01	51101468	  1.24	中成药	上海	 1.36	19.28	12020	14486	  0.83	93	43	--  	      14769.17	
="600302"	标准股份	1.25	6.49	0.08	6.48	6.49	32849	35	          0.15	          0.95	6.41	6.54	6.41	6.41	--  	21249068	  0.62	纺织机械	陕西	 2.03	6.47	18379	14470	  1.27	208	319	--  	      34600.98	
="601177"	杭齿前进	1.24	8.95	0.11	8.93	8.94	74540	14	          0.56	          1.86	8.86	8.97	8.80	8.84	   127.79	66135668	  0.63	机械基件	浙江	 1.92	8.87	43914	30626	  1.43	183	132	--  	      40006.00	
="000301"	东方市场	1.23	4.13	0.05	4.13	4.14	181734	2276	          0.00	          1.49	4.09	4.15	4.08	4.08	    24.18	74744416	  0.86	综合类	江苏	 1.72	4.11	86296	95438	  0.90	594	6427	--  	     121823.64	
="600708"	海博股份	1.21	9.19	0.11	9.18	9.19	174195	50	          0.32	          3.43	9.10	9.26	9.04	9.08	    33.05	159499296	  1.01	公共交通	上海	 2.42	9.16	80101	94094	  0.85	964	193	--  	      50838.26	
="002168"	深圳惠程	1.21	10.03	0.12	10.03	10.05	274409	8254	         -1.37	          4.83	9.83	10.30	9.70	9.91	--  	272297504	  0.83	电气设备	深圳	 6.05	9.92	134732	139677	  0.96	223	5	--  	      56803.58	
="000035"	中国天楹	1.21	13.38	0.16	13.38	13.39	46044	858	          0.07	          2.44	13.26	13.48	13.16	13.22	    62.58	61390452	  1.00	通信设备	深圳	 2.42	13.33	20821	25223	  0.83	65	219	--  	      18895.36	
="002658"	雪迪龙	1.21	27.68	0.33	27.68	27.69	32519	480	          0.18	          4.34	27.39	27.68	27.19	27.35	    46.66	89116824	  0.58	电器仪表	北京	 1.79	27.40	16605	15914	  1.04	49	63	--  	       7494.56	
="000828"	东莞控股	1.20	6.73	0.08	6.73	6.74	194689	1805	          0.00	          1.87	6.70	6.88	6.52	6.65	    12.32	130873616	  1.31	路桥	广东	 5.41	6.72	89167	105522	  0.85	839	2019	--  	     103951.70	
="002457"	青龙管业	1.19	10.20	0.12	10.19	10.20	97076	3159	          0.00	          3.83	10.10	10.23	10.09	10.08	    40.93	98737512	  1.33	塑料	宁夏	 1.39	10.17	46099	50977	  0.90	323	119	--  	      25365.41	
="600774"	汉商集团	1.18	11.98	0.14	11.97	11.99	21904	125	          0.16	          1.27	11.79	12.00	11.75	11.84	   801.35	26079286	  1.57	百货	湖北	 2.11	11.91	10763	11141	  0.97	12	88	--  	      17289.15	
="600810"	神马股份	1.18	7.71	0.09	7.69	7.70	69465	3	          0.39	          1.57	7.63	7.73	7.53	7.62	    39.17	53097460	  0.88	化纤	河南	 2.62	7.64	41010	28455	  1.44	355	15	--  	      44228.00	
="600657"	信达地产	1.18	4.29	0.05	4.28	4.29	213107	100	          0.46	          1.40	4.25	4.37	4.25	4.24	    19.55	91677456	  1.36	全国地产	北京	 2.83	4.30	91236	121871	  0.75	1600	427	--  	     152426.05	
="002117"	东港股份	1.17	19.07	0.22	19.06	19.07	21341	224	          0.36	          0.59	18.95	19.14	18.81	18.85	    43.51	40467060	  0.51	广告包装	山东	 1.75	18.96	11537	9804	  1.18	13	507	--  	      36067.89	
="600727"	鲁北化工	1.15	6.18	0.07	6.17	6.18	80094	384	          0.00	          2.28	6.16	6.21	6.08	6.11	   199.30	49271696	  0.60	农药化肥	山东	 2.13	6.15	38163	41931	  0.91	288	727	--  	      35092.66	
="600287"	江苏舜天	1.09	9.30	0.10	9.28	9.30	88573	300	          0.97	          2.03	9.20	9.33	9.09	9.20	    51.96	81527008	  0.64	商贸代理	江苏	 2.61	9.20	44087	44486	  0.99	19	10	--  	      43679.60	
="000893"	东凌粮油	1.09	13.97	0.15	13.96	13.97	63151	800	         -0.14	          1.63	13.84	14.08	13.73	13.82	--  	88032752	  1.01	食品	广东	 2.53	13.94	30412	32739	  0.93	109	95	--  	      38782.60	
="600897"	厦门空港	1.08	21.52	0.23	21.52	21.53	172806	13	         -0.69	          5.80	22.20	22.89	21.31	21.29	    13.30	379452640	  1.86	机场	福建	 7.42	21.96	93155	79651	  1.17	30	7	--  	      29781.00	
="000078"	海王生物	1.06	10.50	0.11	10.50	10.51	297066	3884	          0.19	          4.07	10.35	10.54	10.20	10.39	   106.47	306322656	  0.94	生物制药	深圳	 3.27	10.31	153164	143902	  1.06	394	3094	--  	      73076.79	
="002536"	西泵股份	1.05	28.85	0.30	28.85	29.00	42742	481	         -0.31	          9.63	28.78	29.99	28.55	28.55	    60.18	125083264	  1.56	汽车配件	河南	 5.04	29.26	21306	21436	  0.99	29	1	--  	       4438.20	
="600082"	海泰发展	1.04	6.80	0.07	6.80	6.81	410781	552	         -0.29	          6.52	6.73	6.94	6.68	6.73	    60.15	280796384	  0.83	园区开发	天津	 3.86	6.84	213946	196835	  1.09	113	1051	--  	      62998.89	
="002162"	斯米克	1.03	8.82	0.09	8.82	8.83	407370	2384	          0.22	          9.75	8.90	9.36	8.72	8.73	   380.30	367253344	  1.88	陶瓷	上海	 7.33	9.02	204834	202536	  1.01	250	220	--  	      41800.00	
="601311"	骆驼股份	1.01	14.96	0.15	14.94	14.95	80488	103	          0.47	          0.95	14.79	15.02	14.75	14.81	    20.44	119893856	  0.61	电气设备	湖北	 1.82	14.90	33677	46811	  0.72	59	12	--  	      84461.57	
="000902"	新洋丰	1.01	14.05	0.14	14.05	14.06	76888	529	          0.14	          2.98	13.93	14.17	13.85	13.91	    14.74	107724056	  1.00	农药化肥	湖北	 2.30	14.01	38006	38882	  0.98	522	172	--  	      25800.00	
="600533"	栖霞建设	0.99	4.08	0.04	4.07	4.08	150255	50	          0.24	          1.43	4.05	4.10	4.00	4.04	    41.51	60961096	  0.87	区域地产	江苏	 2.48	4.06	73919	76336	  0.97	420	2290	--  	     105000.00	
="601700"	风范股份	0.97	16.62	0.16	16.60	16.61	45697	24	          0.06	          1.94	16.45	16.66	16.30	16.46	    33.65	75527952	  1.34	电气设备	江苏	 2.19	16.53	21489	24208	  0.89	27	249	--  	      23576.84	
="002513"	蓝丰生化	0.96	12.62	0.12	12.61	12.62	29975	137	         -0.07	          1.41	12.50	12.69	12.36	12.50	--  	37683920	  0.86	农药化肥	江苏	 2.64	12.57	15576	14399	  1.08	150	212	--  	      21312.00	
="601007"	金陵饭店	0.94	11.81	0.11	11.80	11.82	94840	35	          0.16	          3.16	11.71	12.09	11.65	11.70	   135.11	112226464	  1.31	酒店餐饮	江苏	 3.76	11.83	48198	46642	  1.03	14	42	--  	      30000.00	
="600207"	安彩高科	0.94	5.39	0.05	5.38	5.39	103951	81	          0.37	          2.36	5.35	5.44	5.30	5.34	--  	55832668	  1.14	元器件	河南	 2.62	5.37	58086	45865	  1.27	181	1054	--  	      44000.00	
="002333"	罗普斯金	0.93	14.13	0.13	14.12	14.13	35030	317	          0.14	          1.44	13.92	14.20	13.75	14.00	    58.07	48985924	  0.92	铝	江苏	 3.21	13.98	14717	20313	  0.72	6	159	--  	      24248.49	
="300091"	金通灵	0.91	23.20	0.21	23.15	23.20	5212	114	          0.08	          0.41	23.06	23.38	22.81	22.99	   403.84	12012885	  0.43	机械基件	江苏	 2.48	23.05	2495	2717	  0.92	8	231	--  	      12639.70	
="002275"	桂林三金	0.90	20.07	0.18	20.06	20.07	65377	471	          0.09	          1.25	19.89	20.15	19.58	19.89	    27.22	129711744	  2.35	中成药	广西	 2.87	19.84	20737	44640	  0.46	10	147	--  	      52434.82	
="000652"	泰达股份	0.90	5.63	0.05	5.63	5.64	199851	1225	          0.17	          1.36	5.65	5.72	5.59	5.58	--  	112925928	  0.69	综合类	天津	 2.33	5.65	102161	97690	  1.05	792	1315	--  	     146567.00	
="600615"	丰华股份	0.89	13.62	0.12	13.61	13.62	54970	40	          0.22	          2.93	13.46	13.89	13.39	13.50	   175.66	75116936	  1.09	区域地产	上海	 3.70	13.67	29597	25373	  1.17	138	31	--  	      18762.44	
="600565"	迪马股份	0.88	4.57	0.04	4.56	4.57	117521	62	          0.66	          1.63	4.53	4.59	4.50	4.53	    51.23	53461040	  0.89	全国地产	重庆	 1.99	4.55	62826	54695	  1.15	1139	248	--  	      72000.00	
="600372"	中航电子	0.87	27.78	0.24	27.79	27.80	112116	164	          0.10	          0.64	27.57	28.10	27.45	27.54	    98.10	312220224	  0.81	航空航天	江西	 2.36	27.85	56551	55565	  1.02	171	10	--  	     175916.30	
="002622"	永大集团	0.85	17.87	0.15	17.86	17.87	17847	106	          0.22	          1.85	17.80	18.17	17.73	17.72	    76.96	32046636	  1.02	电气设备	吉林	 2.48	17.96	9957	7890	  1.26	5	0	--  	       9653.75	
="600540"	新赛股份	0.84	8.42	0.07	8.43	8.44	66255	145	          0.11	          2.19	8.31	8.54	8.20	8.35	   633.59	55654924	  1.04	种植业	新疆	 4.07	8.40	36365	29890	  1.22	2	133	--  	      30270.84	
="600114"	东睦股份	0.83	15.75	0.13	15.75	15.76	51102	6	          0.00	          3.08	15.58	15.97	15.50	15.62	    45.00	80493624	  0.98	机械基件	浙江	 3.01	15.75	25864	25238	  1.02	72	81	--  	      16601.69	
="002398"	建研集团	0.82	17.26	0.14	17.26	17.27	63398	933	          0.11	          3.32	17.27	17.35	17.00	17.12	    20.25	108724496	  0.95	建筑施工	福建	 2.04	17.15	33422	29976	  1.11	155	329	--  	      19113.78	
="002086"	东方海洋	0.81	11.18	0.09	11.18	11.19	89003	1242	          0.35	          3.74	11.03	11.25	10.82	11.09	    54.63	97899216	  1.12	渔业	山东	 3.88	11.00	42510	46493	  0.91	635	44	--  	      23780.85	
="002083"	孚日股份	0.78	5.19	0.04	5.19	5.20	174081	1015	          0.00	          2.11	5.12	5.23	5.10	5.15	    22.57	90132840	  1.23	纺织	山东	 2.52	5.18	77976	96105	  0.81	2128	1876	--  	      82370.27	
="600409"	三友化工	0.77	6.52	0.05	6.50	6.52	255262	406	          0.61	          1.53	6.45	6.65	6.43	6.47	    24.34	167029456	  0.75	化工原料	河北	 3.40	6.54	138609	116653	  1.19	149	2496	--  	     166971.91	
="600375"	华菱星马	0.76	13.33	0.10	13.34	13.35	228985	158	          0.75	          4.60	13.18	13.46	13.05	13.23	    52.79	304119456	  0.92	汽车整车	安徽	 3.10	13.28	125420	103565	  1.21	6	250	--  	      49788.89	
="002703"	浙江世宝	0.74	25.72	0.19	25.71	25.72	7031	102	         -0.03	          4.69	25.57	25.82	25.32	25.53	   145.28	18014354	  0.79	汽车配件	浙江	 1.96	25.62	3264	3767	  0.87	43	23	--  	       1500.00	
="002291"	星期六	0.74	8.22	0.06	8.21	8.22	34515	306	          0.24	          0.95	8.16	8.25	8.12	8.16	    77.73	28274638	  0.73	服饰	广东	 1.59	8.19	16081	18434	  0.87	126	1169	--  	      36335.00	
="002232"	启明信息	0.72	12.55	0.09	12.54	12.55	90370	924	          0.07	          2.27	12.48	12.60	12.33	12.46	  1111.53	112696616	  0.37	软件服务	吉林	 2.17	12.47	50865	39505	  1.29	357	623	--  	      39797.07	
="002269"	美邦服饰	0.70	11.59	0.08	11.59	11.60	336644	2429	          0.00	          3.35	11.61	11.90	11.57	11.51	    38.89	394674656	  1.50	服饰	上海	 2.87	11.72	170341	166303	  1.02	2247	889	--  	     100500.00	
="300275"	梅安森	0.66	21.30	0.14	21.30	21.34	23646	617	          0.51	          2.25	21.16	21.30	20.70	21.16	    76.05	49614100	  0.71	软件服务	重庆	 2.84	20.98	10243	13403	  0.76	253	28	--  	      10505.59	
="601158"	重庆水务	0.66	6.09	0.04	6.09	6.10	145830	640	          0.16	          0.30	6.08	6.13	6.04	6.05	    15.30	88803792	  0.94	水务	重庆	 1.49	6.09	69789	76041	  0.92	555	1809	--  	     480000.00	
="600439"	瑞贝卡	0.65	4.65	0.03	4.64	4.65	173252	70	          0.21	          1.84	4.63	4.67	4.60	4.62	    25.31	80347448	  1.15	服饰	河南	 1.52	4.64	92824	80428	  1.15	849	1443	--  	      94332.11	
="600593"	大连圣亚	0.64	20.59	0.13	20.55	20.59	26051	21	         -0.04	          2.83	20.47	20.64	20.30	20.46	    23.77	53327504	  1.23	旅游景点	辽宁	 1.66	20.47	11370	14681	  0.77	34	2	--  	       9200.00	
="600167"	联美控股	0.63	14.31	0.09	14.29	14.30	18753	20	          0.13	          0.89	14.21	14.49	14.15	14.22	    19.12	26783412	  0.80	供气供热	辽宁	 2.39	14.28	9298	9455	  0.98	19	20	--  	      21100.00	
="002661"	克明面业	0.58	43.03	0.25	43.03	43.05	11299	179	          0.18	          5.29	43.18	43.43	42.51	42.78	    43.30	48427228	  0.61	食品	湖南	 2.15	42.86	6397	4902	  1.30	98	52	--  	       2135.75	
="300196"	长海股份	0.58	20.91	0.12	20.91	20.92	32777	460	          0.77	          3.00	20.98	21.48	20.51	20.79	    28.21	68432336	  1.03	玻璃	江苏	 4.67	20.88	13327	19450	  0.69	399	179	--  	      10918.94	
="002406"	远东传动	0.58	12.20	0.07	12.19	12.20	56738	988	          0.00	          3.21	12.19	12.30	12.11	12.13	    25.31	69177808	  0.99	汽车配件	河南	 1.57	12.19	32203	24535	  1.31	88	679	--  	      17661.66	
="300030"	阳普医疗	0.56	14.29	0.08	14.28	14.29	59829	457	          0.00	          2.48	14.20	14.34	14.15	14.21	    77.97	85360784	  0.73	医疗保健	广东	 1.34	14.27	30988	28841	  1.07	569	250	--  	      24106.39	
="002400"	省广股份	0.55	25.39	0.14	25.38	25.39	52651	280	          0.03	          1.02	25.23	25.77	25.02	25.25	    43.59	134007424	  0.62	广告包装	广东	 2.97	25.45	25916	26735	  0.97	67	52	--  	      51663.73	
="002615"	哈尔斯	0.53	30.24	0.16	30.23	30.24	25871	536	          0.19	          5.07	30.20	30.45	29.53	30.08	    36.50	77418800	  1.18	家居用品	浙江	 3.06	29.92	13924	11947	  1.17	73	35	--  	       5106.25	
="600329"	中新药业	0.53	15.23	0.08	15.21	15.24	62629	20	         -0.06	          1.17	15.18	15.24	14.98	15.15	    32.88	94494064	  1.29	中成药	天津	 1.72	15.09	34456	28173	  1.22	68	215	--  	      53343.37	
="000598"	兴蓉投资	0.53	5.73	0.03	5.72	5.73	647076	11634	          0.35	          3.74	5.71	5.75	5.67	5.70	    19.07	369671392	  1.14	环境保护	四川	 1.40	5.71	333117	313959	  1.06	3148	8644	--  	     173051.20	
="300270"	中威电子	0.52	23.04	0.12	23.03	23.04	12191	312	         -0.13	          1.92	22.96	23.15	22.81	22.92	    89.47	27982088	  0.56	通信设备	浙江	 1.48	22.95	5765	6426	  0.90	26	4	--  	       6343.12	
="600098"	广州发展	0.52	5.78	0.03	5.77	5.78	252877	173	          0.17	          1.04	5.79	5.86	5.73	5.75	    11.72	146023712	  1.57	火力发电	广东	 2.26	5.77	115212	137665	  0.84	166	2355	--  	     243737.45	
="600127"	金健米业	0.52	5.83	0.03	5.82	5.83	97853	210	          0.34	          1.80	5.76	5.84	5.76	5.80	--  	56824672	  0.86	农业综合	湖南	 1.38	5.81	55741	42112	  1.32	679	1536	--  	      54445.96	
="600260"	凯乐科技	0.51	9.95	0.05	9.94	9.95	138085	94	          0.20	          2.62	9.92	9.98	9.86	9.90	    43.32	136899504	  0.74	白酒	湖北	 1.21	9.91	82040	56045	  1.46	186	233	--  	      52764.00	
="002680"	黄海机械	0.50	34.41	0.17	34.41	34.42	6072	47	          0.43	          2.53	34.18	34.99	34.00	34.24	   149.20	20991602	  0.60	工程机械	江苏	 2.89	34.57	3204	2868	  1.12	100	43	--  	       2399.22	
="600665"	天地源	0.48	4.16	0.02	4.15	4.16	140813	266	          0.72	          1.63	4.14	4.22	4.09	4.14	    24.13	58407732	  1.37	全国地产	上海	 3.14	4.15	80231	60582	  1.32	186	21	--  	      86412.25	
="000929"	兰州黄河	0.48	10.50	0.05	10.49	10.50	35730	297	          0.00	          1.93	10.44	10.55	10.40	10.45	    32.44	37395012	  1.49	啤酒	甘肃	 1.44	10.47	19958	15772	  1.27	3	1470	--  	      18558.80	
="002563"	森马服饰	0.48	35.85	0.17	35.85	35.86	9326	242	          0.36	          1.33	35.80	35.85	35.02	35.68	    26.83	32989948	  0.45	服饰	浙江	 2.33	35.37	5168	4158	  1.24	19	105	--  	       7000.00	
="000875"	吉电股份	0.47	4.26	0.02	4.26	4.27	345738	3417	          0.23	          5.24	4.18	4.34	4.14	4.24	   459.70	146930176	  0.99	火力发电	吉林	 4.72	4.25	173359	172379	  1.01	1272	1799	--  	      66003.21	
="600589"	广东榕泰	0.47	6.43	0.03	6.43	6.44	89081	8	          0.15	          1.48	6.39	6.47	6.38	6.40	    64.51	57177080	  0.57	塑料	广东	 1.41	6.42	52189	36892	  1.41	693	827	--  	      60173.00	
="000816"	江淮动力	0.46	6.50	0.03	6.50	6.51	196211	1291	         -0.15	          1.80	6.41	6.66	6.41	6.47	   164.18	128112360	  0.55	机械基件	江苏	 3.86	6.53	105271	90940	  1.16	1048	854	--  	     108877.75	
="300055"	万邦达	0.46	37.17	0.17	37.16	37.17	20438	284	         -0.02	          1.19	37.57	37.93	36.63	37.00	    61.35	76223688	  0.97	环境保护	北京	 3.51	37.29	10845	9593	  1.13	38	255	--  	      17184.46	
="001896"	豫能控股	0.46	8.83	0.04	8.83	8.85	35493	571	         -0.11	          0.83	8.76	8.97	8.74	8.79	    13.58	31486274	  0.69	火力发电	河南	 2.62	8.87	17573	17920	  0.98	40	159	--  	      42999.25	
="002187"	广百股份	0.43	11.68	0.05	11.68	11.69	42747	314	          0.25	          1.27	11.60	11.86	11.50	11.63	    18.24	49953760	  0.80	百货	广东	 3.10	11.69	26303	16444	  1.60	672	141	--  	      33572.48	
="000606"	青海明胶	0.41	7.31	0.03	7.31	7.32	137119	943	          0.13	          3.38	7.28	7.34	7.21	7.28	--  	99948472	  1.33	化学制药	青海	 1.79	7.29	68751	68368	  1.01	384	1179	--  	      40596.35	
="002036"	宜科科技	0.40	9.96	0.04	9.96	9.97	49086	442	          0.50	          2.48	9.85	10.12	9.83	9.92	   137.93	48694740	  0.47	服饰	浙江	 2.92	9.92	31704	17382	  1.82	105	274	--  	      19791.78	
="600800"	天津磁卡	0.39	7.64	0.03	7.64	7.65	200314	89	          0.26	          3.28	7.61	7.73	7.55	7.61	--  	152713088	  0.56	综合类	天津	 2.37	7.62	104172	96142	  1.08	1013	668	--  	      61031.10	
="600478"	科力远	0.39	25.50	0.10	25.49	25.50	50001	281	          0.35	          1.06	25.33	25.58	25.00	25.40	--  	126345936	  0.80	元器件	湖南	 2.28	25.27	29775	20226	  1.47	5	19	--  	      47223.51	
="000725"	京东方Ａ	0.38	2.65	0.01	2.65	2.66	5281932	44808	          0.00	          4.59	2.66	2.72	2.63	2.64	    37.82	1412140160	  2.10	元器件	北京	 3.41	2.67	2379803	2902129	  0.82	52542	54567	--  	    1150574.38	
="600867"	通化东宝	0.36	16.59	0.06	16.56	16.57	159941	409	          0.18	          1.56	16.48	16.62	16.17	16.53	    58.44	261393584	  0.62	生物制药	吉林	 2.72	16.34	80350	79591	  1.01	311	3	--  	     102460.04	
="600078"	澄星股份	0.33	9.16	0.03	9.15	9.16	94164	179	          0.21	          1.42	9.12	9.17	9.04	9.13	   169.04	85643408	  0.35	化工原料	江苏	 1.42	9.10	54146	40018	  1.35	21	326	--  	      66257.28	
="600812"	华北制药	0.29	6.99	0.02	6.99	7.00	120275	57	          0.28	          1.17	6.88	7.02	6.88	6.97	   379.83	83653008	  0.83	化学制药	河北	 2.01	6.96	64084	56191	  1.14	311	2754	--  	     102857.75	
="000501"	鄂武商Ａ	0.29	14.02	0.04	14.02	14.03	77727	764	          0.14	          1.53	13.96	14.24	13.94	13.98	    11.00	109590032	  0.85	百货	湖北	 2.15	14.10	43585	34142	  1.28	132	407	--  	      50718.42	
="002169"	智光电气	0.27	10.95	0.03	10.95	10.96	173876	882	         -0.09	          7.07	10.92	11.09	10.80	10.92	    98.66	189959008	  0.83	电气设备	广东	 2.66	10.92	54121	119755	  0.45	325	815	--  	      24588.78	
="600505"	西昌电力	0.27	11.17	0.03	11.16	11.17	22686	46	          0.17	          0.62	11.04	11.19	11.04	11.14	    61.02	25265542	  0.78	水力发电	四川	 1.35	11.14	11196	11490	  0.97	87	52	--  	      36456.75	
="600083"	博信股份	0.26	11.46	0.03	11.44	11.45	46412	52	          1.77	          2.05	11.34	11.57	11.17	11.43	   623.59	52608072	  1.11	元器件	广东	 3.50	11.34	25826	20586	  1.25	3	4	--  	      22598.08	
="600796"	钱江生化	0.26	7.70	0.02	7.69	7.70	39528	30	          0.00	          1.31	7.65	7.74	7.64	7.68	    63.55	30402576	  0.85	农药化肥	浙江	 1.30	7.69	21720	17808	  1.22	41	910	--  	      30140.21	
="600622"	嘉宝集团	0.26	7.76	0.02	7.76	7.77	138213	136	          0.12	          2.69	7.73	7.87	7.69	7.74	    10.37	107354528	  1.13	综合类	上海	 2.33	7.77	76374	61839	  1.24	219	620	--  	      51430.37	
="002478"	常宝股份	0.24	12.62	0.03	12.62	12.63	26220	153	          0.15	          1.00	12.55	12.75	12.48	12.59	    20.19	33053670	  0.74	普钢	江苏	 2.14	12.61	16242	9978	  1.63	40	42	--  	      26154.86	
="002381"	双箭股份	0.22	13.73	0.03	13.73	13.74	25738	387	          0.07	          1.78	13.70	13.90	13.70	13.70	    25.19	35413636	  0.54	橡胶	浙江	 1.46	13.76	14575	11163	  1.31	492	17	--  	      14441.16	
="600864"	哈投股份	0.22	9.20	0.02	9.21	9.23	70427	20	          0.21	          1.29	9.19	9.28	9.13	9.18	   115.75	64885144	  1.21	火力发电	黑龙江	 1.63	9.21	39028	31399	  1.24	34	251	--  	      54637.82	
="002700"	新疆浩源	0.21	23.55	0.05	23.55	23.57	46070	744	         -0.08	          4.82	23.49	23.89	23.41	23.50	    52.96	109105784	  0.87	供气供热	新疆	 2.04	23.68	22351	23719	  0.94	48	24	--  	       9564.16	
="002253"	川大智胜	0.21	33.75	0.07	33.74	33.75	37671	335	          0.02	          2.99	33.49	34.81	33.40	33.68	   191.52	128351144	  0.74	软件服务	四川	 4.19	34.07	13502	24169	  0.56	592	59	--  	      12585.73	
="002339"	积成电子	0.18	10.96	0.02	10.95	10.96	83544	848	          0.27	          2.94	10.96	11.02	10.82	10.94	    49.43	91282328	  0.85	软件服务	山东	 1.83	10.93	43868	39676	  1.11	1632	57	--  	      28414.25	
="600675"	中华企业	0.18	5.66	0.01	5.65	5.66	429207	114	          0.17	          2.30	5.67	5.75	5.61	5.65	    51.52	243478432	  0.91	区域地产	上海	 2.48	5.67	216772	212435	  1.02	1844	1781	--  	     186705.94	
="002085"	万丰奥威	0.18	28.45	0.05	28.41	28.45	15058	140	          0.03	          0.41	28.40	28.54	27.85	28.40	    27.50	42495268	  0.75	汽车配件	浙江	 2.43	28.22	10337	4721	  2.19	33	264	--  	      36813.28	
="600811"	东方集团	0.14	7.10	0.01	7.08	7.09	323990	137	          0.14	          1.94	7.12	7.15	7.05	7.09	     7.87	229913200	  1.04	综合类	黑龙江	 1.41	7.10	180886	143104	  1.26	1264	887	--  	     166680.53	
="000836"	鑫茂科技	0.14	7.38	0.01	7.37	7.38	59979	303	         -0.13	          2.05	7.41	7.41	7.28	7.37	--  	44062732	  0.80	软件服务	天津	 1.76	7.35	32837	27142	  1.21	1131	161	--  	      29248.98	
="600038"	哈飞股份	0.13	38.94	0.05	38.93	38.97	48321	133	          0.02	          1.43	38.86	39.53	38.56	38.89	    71.15	188808784	  0.60	航空航天	黑龙江	 2.49	39.07	24026	24295	  0.99	163	66	--  	      33735.00	
="002230"	科大讯飞	0.10	29.75	0.03	29.74	29.75	114000	1314	          0.30	          1.97	29.42	30.14	29.41	29.72	    90.28	338255328	  0.83	软件服务	安徽	 2.46	29.67	62339	51661	  1.21	14	90	--  	      57848.67	
="600238"	海南椰岛	0.10	10.04	0.01	10.03	10.04	128083	97	          0.09	          2.90	9.97	10.16	9.82	10.03	    80.47	127594344	  0.72	红黄药酒	海南	 3.39	9.96	68001	60082	  1.13	194	64	--  	      44203.16	
="002316"	键桥通讯	0.09	11.63	0.01	11.63	11.64	75666	620	          0.25	          1.93	11.65	11.69	11.41	11.62	   765.19	87267560	  1.07	软件服务	深圳	 2.41	11.53	45155	30511	  1.48	162	566	--  	      39267.76	
="300346"	南大光电	0.08	38.35	0.03	38.34	38.35	15098	86	         -0.07	          4.21	38.05	38.56	37.92	38.32	    81.08	57569776	  0.76	半导体	江苏	 1.67	38.13	9061	6037	  1.50	2	36	--  	       3584.05	
="601566"	九牧王	0.08	12.88	0.01	12.87	12.88	48749	7	          0.15	          0.85	12.93	13.10	12.76	12.87	    18.11	63088520	  1.43	服饰	福建	 2.64	12.94	27626	21123	  1.31	151	128	--  	      57463.71	
="000605"	渤海股份	0.06	17.42	0.01	17.41	17.42	12599	60	          0.00	          1.42	17.47	17.66	17.29	17.41	    86.62	21996082	  0.70	水务	北京	 2.13	17.46	6678	5921	  1.13	129	69	--  	       8842.98	
="601928"	凤凰传媒	0.00	10.71	0.00	--  	--  	0	0	          0.00	          0.00	--  	--  	--  	10.71	    27.84	0	  0.00	出版业	江苏	 0.00	10.71	0	0	--  	0	0	--  	      65788.35	
="601607"	上海医药	0.00	14.69	0.00	14.69	14.71	240066	376	          0.34	          1.25	14.71	14.84	14.58	14.69	    15.49	353056960	  1.14	医药连锁	上海	 1.77	14.71	134593	105473	  1.28	42	565	--  	     192293.50	
="601179"	中国西电	0.00	5.02	0.00	5.02	5.03	492054	324	          0.19	          1.13	5.02	5.11	4.95	5.02	    29.93	247418640	  0.79	电气设备	陕西	 3.19	5.03	263311	228743	  1.15	895	6912	--  	     435700.00	
="600986"	科达股份	0.00	7.05	0.00	--  	--  	0	0	          0.00	          0.00	--  	--  	--  	7.05	    36.88	0	  0.00	建筑施工	山东	 0.00	7.05	0	0	--  	0	0	--  	      33526.96	
="600981"	汇鸿股份	0.00	4.21	0.00	--  	--  	0	0	          0.00	          0.00	--  	--  	--  	4.21	    92.48	0	  0.00	商贸代理	江苏	 0.00	4.21	0	0	--  	0	0	--  	      51610.64	
="600876"	洛阳玻璃	0.00	7.24	0.00	--  	--  	0	0	          0.00	          0.00	--  	--  	--  	7.24	   374.48	0	  0.00	玻璃	河南	 0.00	7.24	0	0	--  	0	0	--  	      25001.82	
="600847"	万里股份	0.00	18.19	0.00	--  	--  	0	0	          0.00	          0.00	--  	--  	--  	18.19	   349.43	0	  0.00	电气设备	重庆	 0.00	18.19	0	0	--  	0	0	--  	      13316.49	
="600792"	云煤能源	0.00	6.26	0.00	--  	--  	0	0	          0.00	          0.00	--  	--  	--  	6.26	   868.05	0	  0.00	焦炭加工	云南	 0.00	6.26	0	0	--  	0	0	--  	      80045.00	
="600749"	西藏旅游	0.00	12.18	0.00	--  	--  	0	0	          0.00	          0.00	--  	--  	--  	12.18	  1161.76	0	  0.00	旅游景点	西藏	 0.00	12.18	0	0	--  	0	0	--  	      18913.78	
="600575"	皖江物流	0.00	4.11	0.00	--  	--  	0	0	          0.00	          0.00	--  	--  	--  	4.11	--  	0	  0.00	港口	安徽	 0.00	4.11	0	0	--  	0	0	--  	     142320.00	
="600569"	安阳钢铁	0.00	2.32	0.00	--  	--  	0	0	          0.00	          0.00	--  	--  	--  	2.32	    78.40	0	  0.00	普钢	河南	 0.00	2.32	0	0	--  	0	0	--  	     239368.45	
="600517"	置信电气	0.00	12.45	0.00	--  	--  	0	0	          0.00	          0.00	--  	--  	--  	12.45	    84.39	0	  0.00	电气设备	上海	 0.00	12.45	0	0	--  	0	0	--  	     111366.89	
="600497"	驰宏锌锗	0.00	10.39	0.00	--  	--  	0	0	          0.00	          0.00	--  	--  	--  	10.39	    84.98	0	  0.00	铅锌	云南	 0.00	10.39	0	0	--  	0	0	--  	     166756.09	
="600466"	迪康药业	0.00	6.74	0.00	6.74	6.75	123042	85	          0.14	          2.80	6.78	6.79	6.67	6.74	   166.43	82600384	  0.93	中成药	四川	 1.78	6.71	72557	50485	  1.44	262	2063	--  	      43900.58	
="600400"	红豆股份	0.00	5.69	0.00	--  	--  	0	0	          0.00	          0.00	--  	--  	--  	5.69	   103.21	0	  0.00	服饰	江苏	 0.00	5.69	0	0	--  	0	0	--  	      56039.96	
="600369"	西南证券	0.00	10.54	0.00	--  	--  	0	0	          0.00	          0.00	--  	--  	--  	10.54	    25.05	0	  0.00	证券	重庆	 0.00	10.54	0	0	--  	0	0	--  	     232255.45	
="600365"	通葡股份	0.00	11.38	0.00	--  	--  	0	0	          0.00	          0.00	--  	--  	--  	11.38	  5686.21	0	  0.00	红黄药酒	吉林	 0.00	11.38	0	0	--  	0	0	--  	      14000.00	
="600318"	巢东股份	0.00	11.20	0.00	--  	--  	0	0	          0.00	          0.00	--  	--  	--  	11.20	    17.93	0	  0.00	水泥	安徽	 0.00	11.20	0	0	--  	0	0	--  	      24200.00	
="600241"	时代万恒	0.00	8.28	0.00	--  	--  	0	0	          0.00	          0.00	--  	--  	--  	8.28	--  	0	  0.00	商贸代理	辽宁	 0.00	8.28	0	0	--  	0	0	--  	      18020.00	
="600162"	香江控股	0.00	6.07	0.00	--  	--  	0	0	          0.00	          0.00	--  	--  	--  	6.07	    14.22	0	  0.00	全国地产	深圳	 0.00	6.07	0	0	--  	0	0	--  	      76781.27	
="600105"	永鼎股份	0.00	9.86	0.00	--  	--  	0	0	          0.00	          0.00	--  	--  	--  	9.86	    22.23	0	  0.00	通信设备	江苏	 0.00	9.86	0	0	--  	0	0	--  	      38095.46	
="600103"	青山纸业	0.00	3.66	0.00	--  	--  	0	0	          0.00	          0.00	--  	--  	--  	3.66	   601.14	0	  0.00	造纸	福建	 0.00	3.66	0	0	--  	0	0	--  	     106184.15	
="600091"	ST明科	0.00	7.02	0.00	--  	--  	0	0	          0.00	          0.00	--  	--  	--  	7.02	--  	0	  0.00	化工原料	内蒙	 0.00	7.02	0	0	--  	0	0	--  	      33652.60	
="600090"	啤酒花	0.00	8.13	0.00	--  	--  	0	0	          0.00	          0.00	--  	--  	--  	8.13	    36.46	0	  0.00	啤酒	新疆	 0.00	8.13	0	0	--  	0	0	--  	      36791.66	
="300332"	天壕节能	--  	0.00	--  	--  	--  	0	0	--  	          0.00	--  	--  	--  	14.06	    40.57	0	  0.00	环境保护	北京	 0.00	14.06	0	0	--  	0	0	--  	      22666.75	
="300313"	天山生物	--  	0.00	--  	--  	--  	0	0	--  	          0.00	--  	--  	--  	23.69	   258.62	0	  0.00	农业综合	新疆	 0.00	23.69	0	0	--  	0	0	--  	       4177.81	
="300259"	新天科技	0.00	14.95	0.00	14.90	14.95	17918	96	          0.00	          1.26	14.81	15.10	14.80	14.95	    44.18	26686722	  0.50	电器仪表	河南	 2.01	14.89	10674	7244	  1.47	671	16	--  	      14223.29	
="300230"	永利带业	--  	0.00	--  	--  	--  	0	0	--  	          0.00	--  	--  	--  	9.63	    29.42	0	  0.00	塑料	上海	 0.00	9.63	0	0	--  	0	0	--  	      10127.07	
="300194"	福安药业	--  	0.00	--  	--  	--  	0	0	--  	          0.00	--  	--  	--  	21.58	   106.56	0	  0.00	化学制药	重庆	 0.00	21.58	0	0	--  	0	0	--  	      12880.26	
="300189"	神农大丰	--  	0.00	--  	--  	--  	0	0	--  	          0.00	--  	--  	--  	7.86	--  	0	  0.00	种植业	海南	 0.00	7.86	0	0	--  	0	0	--  	      33498.87	
="300072"	三聚环保	--  	0.00	--  	--  	--  	0	0	--  	          0.00	--  	--  	--  	27.13	    36.92	0	  0.00	化工原料	北京	 0.00	27.13	0	0	--  	0	0	--  	      45855.16	
="300013"	新宁物流	--  	0.00	--  	--  	--  	0	0	--  	          0.00	--  	--  	--  	9.26	   131.57	0	  0.00	仓储物流	江苏	 0.00	9.26	0	0	--  	0	0	--  	      18000.00	
="002632"	道明光学	--  	0.00	--  	--  	--  	0	0	--  	          0.00	--  	--  	--  	20.42	    94.89	0	  0.00	化工原料	浙江	 0.00	20.42	0	0	--  	0	0	--  	       5040.75	
="002608"	舜天船舶	--  	0.00	--  	--  	--  	0	0	--  	          0.00	--  	--  	--  	12.79	    86.27	0	  0.00	船舶	江苏	 0.00	12.79	0	0	--  	0	0	--  	      32855.16	
="002558"	世纪游轮	--  	0.00	--  	--  	--  	0	0	--  	          0.00	--  	--  	--  	31.65	   271.60	0	  0.00	旅游服务	重庆	 0.00	31.65	0	0	--  	0	0	--  	       3244.39	
="002529"	海源机械	--  	0.00	--  	--  	--  	0	0	--  	          0.00	--  	--  	--  	15.03	--  	0	  0.00	专用机械	福建	 0.00	15.03	0	0	--  	0	0	--  	      15608.25	
="002509"	天广消防	--  	0.00	--  	--  	--  	0	0	--  	          0.00	--  	--  	--  	12.27	    51.77	0	  0.00	专用机械	福建	 0.00	12.27	0	0	--  	0	0	--  	      23109.89	
="002485"	希努尔	--  	0.00	--  	--  	--  	0	0	--  	          0.00	--  	--  	--  	10.13	--  	0	  0.00	服饰	山东	 0.00	10.13	0	0	--  	0	0	--  	      32000.00	
="002483"	润邦股份	--  	0.00	--  	--  	--  	0	0	--  	          0.00	--  	--  	--  	12.22	    36.85	0	  0.00	工程机械	江苏	 0.00	12.22	0	0	--  	0	0	--  	      29250.00	
="002450"	康得新	--  	0.00	--  	--  	--  	0	0	--  	          0.00	--  	--  	--  	32.67	    33.05	0	  0.00	化工原料	江苏	 0.00	32.67	0	0	--  	0	0	--  	      94531.45	
="002426"	胜利精密	--  	0.00	--  	--  	--  	0	0	--  	          0.00	--  	--  	--  	11.26	    68.41	0	  0.00	元器件	江苏	 0.00	11.26	0	0	--  	0	0	--  	      35306.58	
="002361"	神剑股份	0.00	8.78	0.00	8.76	8.78	41345	1487	          0.57	          2.34	8.76	8.86	8.64	8.78	    33.06	36135888	  0.83	化工原料	安徽	 2.51	8.74	27054	14291	  1.89	24	240	--  	      17698.19	
="002324"	普利特	--  	0.00	--  	--  	--  	0	0	--  	          0.00	--  	--  	--  	19.90	    26.33	0	  0.00	塑料	上海	 0.00	19.90	0	0	--  	0	0	--  	      15582.66	
="002323"	中联电气	--  	0.00	--  	--  	--  	0	0	--  	          0.00	--  	--  	--  	21.95	   130.92	0	  0.00	电气设备	江苏	 0.00	21.95	0	0	--  	0	0	--  	       8350.16	
="002251"	步 步 高	0.00	17.18	0.00	17.16	17.18	76761	1975	          0.05	          1.41	17.05	17.30	16.91	17.18	    22.92	131113120	  0.48	超市连锁	湖南	 2.27	17.08	47055	29706	  1.58	181	194	--  	      54401.89	
="002103"	广博股份	--  	0.00	--  	--  	--  	0	0	--  	          0.00	--  	--  	--  	10.18	   172.72	0	  0.00	文教休闲	浙江	 0.00	10.18	0	0	--  	0	0	--  	      17095.44	
="002084"	海鸥卫浴	--  	0.00	--  	--  	--  	0	0	--  	          0.00	--  	--  	--  	7.60	    89.04	0	  0.00	家居用品	广东	 0.00	7.60	0	0	--  	0	0	--  	      40605.57	
="002044"	江苏三友	--  	0.00	--  	--  	--  	0	0	--  	          0.00	--  	--  	--  	10.04	    43.13	0	  0.00	服饰	江苏	 0.00	10.04	0	0	--  	0	0	--  	      22410.00	
="002026"	山东威达	0.00	10.88	0.00	10.86	10.88	52642	328	          0.09	          2.31	10.83	11.00	10.75	10.88	    34.74	57198824	  0.85	机械基件	山东	 2.30	10.87	32122	20520	  1.57	17	86	--  	      22815.00	
="002013"	中航机电	--  	0.00	--  	--  	--  	0	0	--  	          0.00	--  	--  	--  	22.15	    51.08	0	  0.00	汽车配件	湖北	 0.00	22.15	0	0	--  	0	0	--  	      29285.81	
="002009"	天奇股份	--  	0.00	--  	--  	--  	0	0	--  	          0.00	--  	--  	--  	16.30	    47.89	0	  0.00	工程机械	江苏	 0.00	16.30	0	0	--  	0	0	--  	      25991.22	
="002006"	*ST精功	--  	0.00	--  	--  	--  	0	0	--  	          0.00	--  	--  	--  	8.75	--  	0	  0.00	工程机械	浙江	 0.00	8.75	0	0	--  	0	0	--  	      43677.89	
="000920"	南方汇通	--  	0.00	--  	--  	--  	0	0	--  	          0.00	--  	--  	--  	13.23	    31.50	0	  0.00	运输设备	贵州	 0.00	13.23	0	0	--  	0	0	--  	      42200.00	
="000796"	易食股份	--  	0.00	--  	--  	--  	0	0	--  	          0.00	--  	--  	--  	7.23	    95.94	0	  0.00	食品	陕西	 0.00	7.23	0	0	--  	0	0	--  	      24652.30	
="000795"	太原刚玉	--  	0.00	--  	--  	--  	0	0	--  	          0.00	--  	--  	--  	10.92	--  	0	  0.00	矿物制品	山西	 0.00	10.92	0	0	--  	0	0	--  	      27679.44	
="000710"	天兴仪表	--  	0.00	--  	--  	--  	0	0	--  	          0.00	--  	--  	--  	13.60	--  	0	  0.00	汽车配件	四川	 0.00	13.60	0	0	--  	0	0	--  	      15120.00	
="000627"	天茂集团	--  	0.00	--  	--  	--  	0	0	--  	          0.00	--  	--  	--  	4.10	    28.37	0	  0.00	化工原料	湖北	 0.00	4.10	0	0	--  	0	0	--  	     135358.98	
="000545"	金浦钛业	0.00	13.85	0.00	13.84	13.85	59434	641	          0.00	          3.80	13.92	13.96	13.68	13.85	    93.04	82187448	  0.68	化工原料	吉林	 2.02	13.83	32450	26984	  1.20	9	1102	--  	      15637.36	
="000533"	万 家 乐	--  	0.00	--  	--  	--  	0	0	--  	          0.00	--  	--  	--  	5.97	    35.25	0	  0.00	家用电器	广东	 0.00	5.97	0	0	--  	0	0	--  	      68487.71	
="000498"	山东路桥	--  	0.00	--  	--  	--  	0	0	--  	          0.00	--  	--  	--  	4.64	    27.67	0	  0.00	建筑施工	山东	 0.00	4.64	0	0	--  	0	0	--  	      35417.01	
="000415"	渤海租赁	--  	0.00	--  	--  	--  	0	0	--  	          0.00	--  	--  	--  	10.28	    19.57	0	  0.00	多元金融	新疆	 0.00	10.28	0	0	--  	0	0	--  	     126917.42	
="000090"	天健集团	--  	0.00	--  	--  	--  	0	0	--  	          0.00	--  	--  	--  	8.44	    25.79	0	  0.00	建筑施工	深圳	 0.00	8.44	0	0	--  	0	0	--  	      55253.07	
="002690"	美亚光电	-0.02	46.22	-0.01	46.20	46.22	13236	51	         -0.06	          1.19	46.25	47.60	45.85	46.23	    60.56	61895280	  0.88	专用机械	安徽	 3.79	46.76	8159	5077	  1.61	5	1	--  	      11095.95	
="600419"	天润乳业	-0.04	22.34	-0.01	22.33	22.34	11600	13	          0.04	          1.45	22.49	22.78	22.00	22.35	   105.09	26103936	  0.97	乳制品	新疆	 3.49	22.50	6669	4931	  1.35	20	10	--  	       8016.00	
="002537"	海立美达	-0.05	18.18	-0.01	18.17	18.18	15037	150	          0.11	          1.00	18.07	18.39	18.07	18.19	    84.34	27384778	  0.74	机械基件	山东	 1.76	18.21	8516	6521	  1.31	71	29	--  	      15000.00	
="600728"	佳都科技	-0.06	15.47	-0.01	15.48	15.49	118806	114	          0.32	          3.27	15.50	15.65	15.16	15.48	   497.69	182426768	  0.85	软件服务	广东	 3.17	15.35	78610	40196	  1.96	194	173	--  	      36280.03	
="600532"	宏达矿业	-0.09	10.61	-0.01	10.61	10.62	119022	37	          0.28	          7.21	10.60	10.90	10.42	10.62	    26.95	127389608	  1.22	普钢	山东	 4.52	10.70	57811	61211	  0.94	59	106	--  	      16510.25	
="300306"	远方光电	-0.12	32.33	-0.04	32.33	32.34	9577	169	         -0.03	          2.58	32.12	32.69	32.01	32.37	    47.73	30813524	  1.29	电器仪表	浙江	 2.10	32.17	5641	3936	  1.43	55	10	--  	       3707.95	
="002177"	御银股份	-0.14	7.27	-0.01	7.27	7.28	396872	3971	          0.13	          7.30	7.31	7.44	7.21	7.28	    34.86	288907168	  0.77	电脑设备	广东	 3.16	7.28	215146	181726	  1.18	1650	2858	--  	      54339.60	
="002696"	百洋股份	-0.15	13.62	-0.02	13.61	13.62	40216	378	          0.07	          5.03	13.63	13.68	13.42	13.64	    49.38	54542428	  1.16	渔业	广西	 1.91	13.56	22862	17354	  1.32	217	509	--  	       7990.91	
="600160"	巨化股份	-0.15	6.45	-0.01	6.44	6.45	311055	436	          0.31	          1.72	6.47	6.53	6.38	6.46	    75.27	200563680	  0.96	化工原料	浙江	 2.32	6.45	173568	137487	  1.26	2005	364	--  	     181091.59	
="000786"	北新建材	-0.16	18.89	-0.03	18.89	18.90	40267	480	          0.15	          0.70	18.88	18.99	18.77	18.92	    14.05	75898616	  0.76	其他建材	北京	 1.16	18.85	25046	15221	  1.65	544	427	--  	      57509.30	
="000928"	中钢国际	-0.18	11.18	-0.02	11.17	11.18	50578	721	          0.17	          1.79	11.16	11.23	11.03	11.20	    59.59	56419636	  1.10	建筑施工	吉林	 1.79	11.15	22055	28523	  0.77	516	169	--  	      28289.90	
="600744"	华银电力	-0.21	4.86	-0.01	4.86	4.87	969913	3057	         -0.40	         20.45	4.98	5.08	4.73	4.87	--  	472728704	  3.74	火力发电	湖南	 7.19	4.87	436068	533845	  0.82	1107	10295	--  	      47438.44	
="600097"	开创国际	-0.22	13.77	-0.03	13.73	13.80	30003	81	          0.58	          2.60	13.83	13.98	13.65	13.80	    27.29	41404524	  1.24	渔业	上海	 2.39	13.80	20297	9706	  2.09	2	13	--  	      11544.99	
="300211"	亿通科技	-0.26	23.10	-0.06	23.10	23.13	15029	128	         -0.17	          3.17	23.06	23.25	22.81	23.16	    96.96	34619932	  0.98	通信设备	江苏	 1.90	23.03	8459	6570	  1.29	41	65	--  	       4739.52	
="002620"	瑞和股份	-0.27	18.40	-0.05	18.39	18.40	15332	165	          0.05	          1.68	18.51	18.59	18.32	18.45	    36.78	28315448	  0.76	装修装饰	深圳	 1.46	18.47	7907	7425	  1.06	29	131	--  	       9100.98	
="000837"	秦川机床	-0.27	11.02	-0.03	11.02	11.03	103518	284	          0.27	          4.05	11.11	11.19	10.91	11.05	  2346.63	114084192	  0.89	机床制造	陕西	 2.53	11.02	61221	42297	  1.45	41	257	--  	      25558.96	
="002259"	升达林业	-0.28	7.09	-0.02	7.09	7.10	246425	1978	          0.28	          4.06	7.10	7.16	6.98	7.11	   358.03	173660400	  0.84	家居用品	四川	 2.53	7.05	151300	95125	  1.59	946	1607	--  	      60716.10	
="601369"	陕鼓动力	-0.29	6.89	-0.02	6.89	6.90	132846	104	          0.00	          0.81	6.94	6.98	6.84	6.91	    28.77	91725008	  1.11	机械基件	陕西	 2.03	6.90	74375	58471	  1.27	257	493	--  	     163877.02	
="002318"	久立特材	-0.30	26.86	-0.08	26.85	26.86	41028	341	          0.11	          1.38	26.96	27.17	26.62	26.94	    38.38	109923536	  0.68	特钢	浙江	 2.04	26.79	24640	16388	  1.50	7	179	--  	      29783.93	
="002701"	奥瑞金	-0.30	23.08	-0.07	23.08	23.09	95322	235	          0.30	          2.94	23.25	23.49	22.99	23.15	    15.89	220859872	  0.97	广告包装	北京	 2.16	23.17	53452	41870	  1.28	358	50	--  	      32411.50	
="002161"	远 望 谷	-0.34	8.76	-0.03	8.76	8.77	219213	4442	          0.11	          3.16	8.78	8.88	8.71	8.79	   462.52	192572288	  0.78	通信设备	深圳	 1.93	8.78	118768	100445	  1.18	2658	2179	--  	      69472.39	
="601908"	京运通	-0.35	11.49	-0.04	11.48	11.49	100615	51	          0.34	          3.54	11.65	11.87	11.27	11.53	    58.62	116753304	  0.50	半导体	北京	 5.20	11.60	57428	43187	  1.33	12	93	--  	      28451.52	
="002470"	金正大	-0.37	26.70	-0.10	26.70	26.71	37848	392	          0.00	          0.64	26.65	26.90	26.46	26.80	    17.20	100831296	  0.66	农药化肥	山东	 1.64	26.64	23273	14575	  1.60	124	36	--  	      59254.00	
="002046"	轴研科技	-0.38	10.55	-0.04	10.55	10.56	119882	1114	          0.18	          3.52	10.59	10.75	10.40	10.59	   242.29	126454144	  0.62	机械基件	河南	 3.30	10.55	76206	43676	  1.74	193	225	--  	      34056.60	
="002692"	远程电缆	-0.39	10.15	-0.04	10.15	10.16	37830	442	          0.09	          3.51	10.26	10.43	10.11	10.19	    30.53	38744756	  0.58	电气设备	江苏	 3.14	10.24	22296	15534	  1.44	150	143	--  	      10792.58	
="000650"	仁和药业	-0.40	7.41	-0.03	7.41	7.42	138876	2166	          0.13	          1.40	7.44	7.48	7.35	7.44	    27.50	103160616	  0.82	中成药	江西	 1.75	7.43	74909	63967	  1.17	316	1138	--  	      99040.99	
="600543"	莫高股份	-0.42	9.39	-0.04	9.41	9.42	58263	6	         -0.10	          1.81	9.43	9.57	9.36	9.43	    93.72	55001536	  0.96	红黄药酒	甘肃	 2.23	9.44	35492	22771	  1.56	4	31	--  	      32112.00	
="002002"	鸿达兴业	-0.44	11.23	-0.05	11.23	11.24	24684	728	          0.26	          1.06	11.19	11.35	11.13	11.28	    28.35	27653302	  0.74	塑料	广东	 1.95	11.20	15089	9595	  1.57	32	344	--  	      23365.13	
="002243"	通产丽星	-0.46	8.70	-0.04	8.69	8.70	43462	106	          0.11	          1.40	8.68	8.90	8.63	8.74	--  	37942500	  0.88	塑料	深圳	 3.09	8.73	26512	16950	  1.56	617	174	--  	      30990.90	
="002202"	金风科技	-0.49	12.17	-0.06	12.17	12.18	318293	2356	          0.08	          1.49	12.25	12.36	12.10	12.23	    20.58	388906592	  0.71	电气设备	新疆	 2.13	12.22	164018	154275	  1.06	2889	1376	--  	     213853.45	
="601258"	庞大集团	-0.50	6.00	-0.03	5.99	6.00	222278	762	          0.00	          0.85	6.03	6.07	5.96	6.03	   125.82	133582520	  0.96	汽车服务	河北	 1.82	6.01	143369	78909	  1.82	483	68	--  	     262150.00	
="600306"	*ST商城	-0.53	11.20	-0.06	11.18	11.20	18694	50	          0.35	          1.05	11.25	11.36	11.11	11.26	--  	20953250	  1.18	百货	辽宁	 2.22	11.21	11287	7407	  1.52	46	290	--  	      17727.78	
="600707"	彩虹股份	-0.55	10.88	-0.06	10.88	10.89	198603	7	          0.46	          2.70	10.80	11.13	10.64	10.94	--  	214758800	  0.76	元器件	陕西	 4.48	10.81	114232	84371	  1.35	8	1195	--  	      73471.77	
="600075"	*ST新业	-0.57	6.96	-0.04	6.96	6.97	31852	10	          0.00	          0.73	7.00	7.04	6.91	7.00	    52.55	22234436	  0.79	化工原料	新疆	 1.86	6.98	17979	13873	  1.30	958	583	--  	      43859.19	
="002369"	卓翼科技	-0.59	11.81	-0.07	11.80	11.81	138423	1492	          0.25	          3.94	11.90	12.06	11.76	11.88	    75.42	164571168	  0.81	通信设备	深圳	 2.53	11.89	84900	53523	  1.59	549	17	--  	      35093.60	
="300231"	银信科技	-0.60	15.00	-0.09	14.99	15.00	109689	529	          0.00	          7.05	15.20	15.20	14.80	15.09	    59.01	163861344	  1.36	软件服务	北京	 2.65	14.94	51104	58585	  0.87	337	1084	--  	      15562.79	
="002007"	华兰生物	-0.60	34.57	-0.21	34.56	34.57	124275	1767	          0.20	          2.15	34.89	34.93	34.00	34.78	    35.66	428125024	  0.73	生物制药	河南	 2.67	34.45	68229	56046	  1.22	96	174	--  	      57686.69	
="600502"	安徽水利	-0.62	9.64	-0.06	9.63	9.64	143511	173	          0.10	          2.86	9.74	9.77	9.57	9.70	    19.68	138295968	  0.64	建筑施工	安徽	 2.06	9.64	80346	63165	  1.27	443	14	--  	      50193.00	
="600587"	新华医疗	-0.62	36.75	-0.23	36.74	36.75	58157	9	          0.08	          1.67	36.72	37.30	36.48	36.98	    45.58	214557920	  0.91	医疗保健	山东	 2.22	36.89	34060	24097	  1.41	48	151	--  	      34810.62	
="601100"	恒立油缸	-0.64	12.40	-0.08	12.40	12.41	32978	10	          0.00	          1.33	12.37	12.79	12.29	12.48	    77.98	41280120	  0.82	工程机械	江苏	 4.01	12.52	18358	14620	  1.26	20	47	--  	      24727.50	
="600276"	恒瑞医药	-0.64	38.70	-0.25	38.70	38.71	42393	69	          0.15	          0.28	38.99	39.11	38.50	38.95	    39.09	163919104	  0.72	化学制药	江苏	 1.57	38.67	25826	16567	  1.56	35	23	--  	     149624.31	
="002521"	齐峰新材	-0.65	12.21	-0.08	12.20	12.21	69187	925	          0.08	          2.25	12.20	12.34	12.12	12.29	    19.39	84480568	  0.61	造纸	山东	 1.79	12.21	40418	28769	  1.40	575	197	--  	      30760.26	
="002294"	信立泰	-0.66	36.05	-0.24	36.04	36.05	40093	460	          0.08	          1.40	36.25	37.40	35.90	36.29	    23.52	147393856	  0.76	化学制药	深圳	 4.13	36.76	22426	17667	  1.27	20	133	--  	      28698.46	
="600895"	张江高科	-0.70	8.48	-0.06	8.48	8.49	218212	70	         -0.11	          1.41	8.57	8.69	8.43	8.54	    67.97	186794032	  0.58	园区开发	上海	 3.04	8.56	114322	103890	  1.10	72	196	--  	     154868.95	
="000981"	银亿股份	-0.79	11.27	-0.09	11.27	11.29	29400	25	         -0.17	          0.34	11.37	11.42	11.20	11.36	    20.65	33133478	  0.82	区域地产	甘肃	 1.94	11.27	18447	10953	  1.68	301	25	--  	      85810.52	
="002479"	富春环保	-0.80	9.90	-0.08	9.89	9.90	117031	1416	          0.10	          1.60	9.98	10.04	9.81	9.98	    40.04	115968272	  0.66	火力发电	浙江	 2.30	9.91	63352	53679	  1.18	334	155	--  	      73141.99	
="000025"	特  力Ａ	-0.81	12.17	-0.10	12.17	12.23	14553	25	          0.00	          0.81	12.27	12.30	12.07	12.27	   483.61	17738204	  1.12	汽车服务	深圳	 1.87	12.19	7495	7058	  1.06	379	30	--  	      17929.46	
="603123"	翠微股份	-0.85	11.64	-0.10	11.63	11.64	89351	225	          0.08	          7.95	11.50	11.79	11.40	11.74	    38.05	103590544	  1.03	百货	北京	 3.32	11.59	50036	39315	  1.27	154	70	--  	      11246.00	
="600713"	南京医药	-0.86	8.11	-0.07	8.10	8.11	200015	88	          0.12	          2.88	8.18	8.25	8.02	8.18	    82.68	162314400	  1.07	医药连锁	江苏	 2.81	8.12	96086	103929	  0.92	536	845	--  	      69358.07	
="002623"	亚玛顿	-0.86	25.40	-0.22	25.39	25.40	29236	509	         -0.07	          1.83	25.62	26.03	25.34	25.62	   129.85	75021056	  1.50	玻璃	江苏	 2.69	25.66	14196	15040	  0.94	25	219	--  	      16000.00	
="600161"	天坛生物	-0.86	28.68	-0.25	28.67	28.68	64895	75	          0.03	          1.26	29.12	29.26	28.30	28.93	    43.19	186062560	  0.60	生物制药	北京	 3.32	28.67	36114	28781	  1.25	3	2	--  	      51546.69	
="002673"	西部证券	-0.89	15.62	-0.14	15.62	15.63	397915	2468	          0.38	          5.79	15.80	16.13	15.50	15.76	    33.41	628846464	  1.02	证券	陕西	 4.00	15.80	209326	188589	  1.11	1154	662	--  	      68761.11	
="002656"	卡奴迪路	-0.98	17.13	-0.17	17.13	17.14	31058	327	          0.00	          5.20	17.35	17.38	17.11	17.30	   207.78	53457428	  0.51	服饰	广东	 1.56	17.21	16791	14267	  1.18	584	159	--  	       5975.00	
="002215"	诺 普 信	-1.09	9.97	-0.11	9.97	9.98	79545	390	         -0.10	          1.54	10.10	10.25	9.93	10.08	    29.55	80379312	  0.99	农药化肥	深圳	 3.17	10.10	41462	38083	  1.09	253	55	--  	      51575.60	
="000403"	*ST生化	-1.17	22.89	-0.27	22.88	22.89	53923	280	          0.00	          2.97	23.18	23.73	22.78	23.16	    39.01	124818592	  1.02	生物制药	江西	 4.10	23.15	27838	26085	  1.07	109	109	--  	      18151.84	
="600643"	爱建股份	-1.18	11.75	-0.14	11.75	11.76	418475	335	          0.25	          5.12	11.89	12.05	11.64	11.89	    26.57	495026336	  1.21	多元金融	上海	 3.45	11.83	227393	191082	  1.19	120	1148	--  	      81798.34	
="000514"	渝 开 发	-1.19	6.64	-0.08	6.64	6.65	173316	1999	          0.15	          2.05	6.69	6.75	6.57	6.72	    34.68	115159264	  0.51	区域地产	重庆	 2.68	6.64	97873	75443	  1.30	207	1901	--  	      84377.09	
="002481"	双塔食品	-1.20	15.66	-0.19	15.65	15.66	42654	218	          0.19	          1.14	15.80	16.00	15.54	15.85	    45.40	67223008	  1.23	食品	山东	 2.90	15.76	25810	16844	  1.53	125	148	--  	      37455.17	
="600076"	青鸟华光	-1.22	7.26	-0.09	7.25	7.26	98096	101	          0.27	          2.68	7.35	7.41	7.14	7.35	--  	71014160	  0.98	通信设备	山东	 3.67	7.24	63358	34738	  1.82	1141	8	--  	      36553.60	
="600635"	大众公用	-1.31	6.01	-0.08	6.01	6.02	366867	734	          0.00	          2.23	6.10	6.14	5.97	6.09	    36.75	221686736	  1.10	供气供热	上海	 2.79	6.04	204657	162210	  1.26	250	2507	--  	     164486.98	
="600386"	北巴传媒	-1.32	11.95	-0.16	11.96	11.97	122346	93	         -0.08	          3.03	12.11	12.33	11.91	12.11	    24.98	147529472	  0.57	公共交通	北京	 3.47	12.06	75615	46731	  1.62	21	275	--  	      40320.00	
="601028"	玉龙股份	-1.45	15.65	-0.23	15.65	15.66	43894	273	         -0.12	          4.51	15.84	15.88	15.62	15.88	    43.53	69003024	  1.17	钢加工	江苏	 1.64	15.72	27088	16806	  1.61	163	105	--  	       9722.50	
="002384"	东山精密	-1.48	14.01	-0.21	14.01	14.02	57641	345	         -0.07	          1.27	14.26	14.28	13.84	14.22	   201.93	80747152	  1.35	通信设备	江苏	 3.09	14.01	36386	21255	  1.71	537	115	--  	      45272.80	
="601588"	北辰实业	-1.52	3.88	-0.06	3.87	3.88	824601	331	          0.51	          3.10	3.95	3.96	3.82	3.94	    30.53	319242240	  1.18	区域地产	北京	 3.55	3.87	483480	341121	  1.42	5083	4018	--  	     266000.00	
="600674"	川投能源	-1.54	17.22	-0.27	17.21	17.22	101661	56	          0.05	          0.46	17.49	17.74	17.16	17.49	     9.87	177131568	  0.59	火力发电	四川	 3.32	17.42	55094	46567	  1.18	92	2106	--  	     220107.03	
="600781"	辅仁药业	-1.57	20.66	-0.33	20.74	20.75	32527	739	          0.09	          1.83	20.98	21.00	20.59	20.99	   167.41	67372064	  0.79	中成药	河南	 1.95	20.71	22928	9599	  2.39	332	510	--  	      17759.28	
="000998"	隆平高科	-1.58	17.48	-0.28	17.47	17.48	161775	916	          0.05	          1.95	17.71	17.72	17.35	17.76	   112.53	282432192	  0.96	种植业	湖南	 2.08	17.46	115630	46145	  2.51	1623	1565	--  	      83123.59	
="300118"	东方日升	-1.59	10.53	-0.17	10.52	10.53	158587	1631	          0.09	          4.18	10.71	10.76	10.43	10.70	   155.42	167397056	  0.88	半导体	浙江	 3.08	10.56	94245	64342	  1.46	1059	100	--  	      37982.94	
="600671"	天目药业	-1.62	17.58	-0.29	17.59	17.60	40306	5	          0.05	          3.31	17.99	17.99	17.31	17.87	   730.67	70664464	  1.26	中成药	浙江	 3.81	17.53	25337	14969	  1.69	89	419	--  	      12172.04	
="000036"	华联控股	-1.68	4.09	-0.07	4.09	4.10	878387	18681	         -0.48	          7.82	4.39	4.39	4.06	4.16	  3828.46	367747712	  3.39	全国地产	深圳	 7.93	4.19	484352	394035	  1.23	6173	1553	--  	     112388.02	
="601558"	*ST锐电	-1.73	3.98	-0.07	3.98	3.99	90863	118	          0.00	          2.16	4.03	4.03	3.96	4.05	--  	36280736	  1.08	电气设备	北京	 1.73	3.99	49774	41089	  1.21	586	1334	--  	      42040.00	
="600165"	新日恒力	-1.78	9.36	-0.17	9.36	9.37	47302	80	         -0.10	          2.44	9.53	9.54	9.29	9.53	--  	44280356	  1.07	钢加工	宁夏	 2.62	9.36	28933	18369	  1.58	88	328	--  	      19395.34	
="600881"	亚泰集团	-1.81	5.44	-0.10	5.43	5.44	360542	134	         -0.18	          1.90	5.54	5.58	5.41	5.54	    48.17	197504640	  0.70	水泥	吉林	 3.07	5.48	211694	148848	  1.42	4927	3336	--  	     189473.20	
="002144"	宏达高科	-1.82	21.03	-0.39	21.03	21.05	77773	1110	         -0.23	          5.69	21.38	21.63	21.00	21.42	    29.32	164465696	  1.19	纺织	浙江	 2.94	21.15	49081	28692	  1.71	537	124	--  	      13679.36	
="600077"	宋都股份	-1.92	5.61	-0.11	5.63	5.64	212801	405	         -0.35	          1.95	5.70	5.72	5.55	5.72	   748.31	119751424	  1.08	全国地产	浙江	 2.97	5.63	140447	72354	  1.94	30	387	--  	     109096.45	
="000912"	泸 天 化	-2.09	6.55	-0.14	6.55	6.56	116401	3173	         -0.15	          4.36	6.65	6.75	6.50	6.69	--  	76969128	  0.91	农药化肥	四川	 3.74	6.61	71090	45311	  1.57	734	199	--  	      26715.00	
="600736"	苏州高新	-2.19	5.36	-0.12	5.36	5.37	1025090	3535	         -0.18	          9.69	5.48	5.48	5.28	5.48	    41.38	549608384	  2.08	园区开发	江苏	 3.65	5.36	493440	531650	  0.93	271	788	--  	     105788.15	
="600993"	马应龙	-2.20	21.31	-0.48	21.29	21.30	88521	3	          0.37	          2.68	21.76	21.78	21.04	21.79	    29.46	189104448	  1.27	中成药	湖北	 3.40	21.36	52374	36147	  1.45	7	29	--  	      33087.71	
="002399"	海普瑞	-2.54	26.85	-0.70	26.82	26.85	51411	379	          0.48	          0.64	27.55	27.57	26.60	27.55	    71.91	138986800	  1.04	化学制药	深圳	 3.52	27.03	28095	23316	  1.20	26	86	--  	      80020.00	
="002572"	索菲亚	-2.79	23.38	-0.67	23.35	23.38	25725	628	          0.00	          1.02	23.90	23.98	23.00	24.05	    39.04	60245720	  0.89	家居用品	广东	 4.07	23.42	16391	9334	  1.76	125	328	--  	      25138.69	
="300347"	泰格医药	-3.95	36.47	-1.50	36.47	36.48	38015	169	          0.13	          3.26	37.97	38.36	36.15	37.97	    68.88	139450016	  1.48	医疗保健	浙江	 5.82	36.68	22671	15344	  1.48	141	31	--  	      11644.07	
="002082"	栋梁新材	-4.05	10.90	-0.46	10.89	10.90	253144	4449	         -0.81	         13.61	11.03	11.29	10.68	11.36	    25.30	277475648	  1.73	铝	浙江	 5.37	10.96	151217	101927	  1.48	20	266	--  	      18605.09	
="002598"	山东章鼓	-4.24	10.38	-0.46	10.38	10.39	320505	2318	         -0.19	         12.18	10.84	11.00	10.38	10.84	    41.02	341597984	  2.56	机械基件	山东	 5.72	10.66	171788	148717	  1.16	3360	1591	--  	      26322.46	
数据来源:通达信
