代码	名称	涨幅%%	现价	涨跌	买价	卖价	总量	现量	涨速%%	换手%%	今开	最高	最低	昨收	市盈(动)	总金额	量比	细分行业	地区	振幅%%	均价	内盘	外盘	内外比	买量	卖量	未匹配量	
="601601"	中国太保	9.98	26.66	2.42	26.66	--  	1371778	12	0.00	          2.18	24.49	26.66	24.05	24.24	    20.22	3507417344	  1.25	保险	上海	10.77	25.57	583009	788768	  0.74	12245	0	--  	
="600016"	民生银行	9.37	8.99	0.77	8.98	8.99	14035647	305	0.11	          5.18	8.30	9.00	8.11	8.22	     6.24	12005710848	  1.15	银行	北京	10.83	8.55	6253835	7781811	  0.80	124	4334	--  	
="601318"	中国平安	9.05	59.99	4.98	60.00	60.04	2434037	114	-0.01	          5.09	55.04	60.24	54.58	55.01	    11.24	13895520256	  1.15	保险	深圳	10.29	57.09	1039031	1395005	  0.74	9087	32	--  	
="600783"	鲁信创投	8.78	25.39	2.05	25.35	25.39	557618	339	-0.85	          7.49	23.85	25.67	23.65	23.34	    44.43	1400416512	  1.53	矿物制品	山东	8.65	25.11	265233	292384	  0.91	2	487	--  	
="600036"	招商银行	7.83	13.64	0.99	13.66	13.67	4876203	376	-0.72	          2.36	12.85	13.88	12.70	12.65	     5.63	6530002432	  1.26	银行	深圳	9.33	13.39	2091296	2784906	  0.75	508	629	--  	
="601166"	兴业银行	7.35	13.29	0.91	13.28	13.29	7263880	174	0.52	          4.49	12.43	13.37	12.28	12.38	     4.96	9324282880	  1.10	银行	福建	8.80	12.84	3287564	3976316	  0.83	1236	1171	--  	
="000001"	平安银行	6.56	13.96	0.86	13.96	13.97	3450181	38018	0.57	          3.51	13.14	13.97	12.90	13.10	     7.62	4674285056	  0.91	银行	深圳	8.17	13.55	1510285	1939895	  0.78	18154	4640	--  	
="600015"	华夏银行	6.34	11.58	0.69	11.59	11.60	3191039	6	0.25	          4.92	10.89	11.60	10.79	10.89	     5.87	3578339584	  0.96	银行	北京	7.44	11.21	1421963	1769076	  0.80	84	8495	--  	
="601328"	交通银行	5.63	6.19	0.33	6.18	6.19	7224883	144	0.65	          2.21	5.84	6.20	5.68	5.86	     6.69	4318143488	  0.89	银行	上海	8.87	5.98	3415816	3809066	  0.90	4739	445	--  	
="600000"	浦发银行	5.48	13.27	0.69	13.27	13.28	7200417	107	-0.07	          4.83	12.58	13.30	12.37	12.58	     5.33	9307945984	  1.13	银行	上海	7.39	12.93	3501345	3699071	  0.95	2845	96	--  	
="600153"	建发股份	5.47	8.68	0.45	8.68	8.70	1216314	400	-0.34	          4.29	8.23	8.78	8.15	8.23	    11.73	1028945728	  1.41	商贸代理	福建	7.65	8.46	522140	694173	  0.75	912	3894	--  	
="601998"	中信银行	5.29	6.77	0.34	6.78	6.79	3232074	17	-0.14	          1.01	6.40	6.85	6.27	6.43	     7.36	2127172992	  0.88	银行	北京	9.02	6.58	1393253	1838821	  0.76	7704	7064	--  	
="000088"	盐 田 港	5.06	8.92	0.43	8.91	8.92	874123	9569	0.11	          4.50	8.55	8.95	8.40	8.49	    37.66	764452736	  2.00	港口	深圳	6.48	8.75	380706	493416	  0.77	1156	329	--  	
="002508"	老板电器	5.01	35.62	1.70	35.62	35.63	60826	283	-0.05	          1.95	34.31	35.98	34.31	33.92	    24.71	214495680	  1.36	家用电器	浙江	4.92	35.26	29100	31725	  0.92	745	79	--  	
="002142"	宁波银行	4.92	14.28	0.67	14.27	14.28	1257660	18224	0.56	          4.38	13.54	14.33	13.40	13.61	     7.59	1749826432	  1.09	银行	浙江	6.83	13.91	570742	686917	  0.83	828	3708	--  	
="000900"	现代投资	4.88	7.09	0.33	7.08	7.09	431856	2539	0.14	          4.27	6.80	7.10	6.75	6.76	    18.45	300817312	  1.64	路桥	湖南	5.18	6.97	178819	253036	  0.71	3281	2815	--  	
="601939"	建设银行	4.86	5.18	0.24	5.18	5.19	3796797	43	0.00	          3.96	4.96	5.20	4.91	4.94	     5.10	1922048896	  0.88	银行	北京	5.87	5.06	1737256	2059541	  0.84	233	14537	--  	
="601668"	中国建筑	4.68	4.70	0.21	4.69	4.70	9550283	2455	0.00	          3.20	4.48	4.75	4.46	4.49	     6.26	4382040064	  1.20	建筑施工	北京	6.46	4.59	4442261	5108022	  0.87	13127	4394	--  	
="601288"	农业银行	4.45	3.05	0.13	3.05	3.06	10797022	336	0.32	          0.38	2.94	3.06	2.90	2.92	     4.87	3216189440	  0.99	银行	北京	5.48	2.98	4870146	5926876	  0.82	22701	158686	--  	
="000039"	中集集团	4.39	19.99	0.84	19.99	20.00	662332	2843	-0.09	          5.37	19.15	20.26	18.90	19.15	    24.63	1302659328	  1.99	轻工机械	深圳	7.10	19.67	293541	368791	  0.80	1074	1243	--  	
="600019"	宝钢股份	4.26	5.87	0.24	5.85	5.86	2063936	73	0.34	          1.26	5.67	5.90	5.56	5.63	    14.47	1189541376	  0.95	普钢	上海	6.04	5.76	957654	1106282	  0.87	6403	1609	--  	
="300144"	宋城演艺	4.23	26.88	1.09	26.87	26.88	63780	461	0.11	          3.26	25.79	26.99	25.66	25.79	    35.55	169580528	  1.20	旅游景点	浙江	5.16	26.59	28260	35519	  0.80	612	241	--  	
="000069"	华侨城Ａ	4.15	6.78	0.27	6.77	6.78	2380239	14683	-0.14	          7.65	6.52	6.86	6.45	6.51	    13.14	1597169280	  1.10	旅游景点	深圳	6.30	6.71	1153957	1226281	  0.94	704	397	--  	
="601398"	工商银行	4.15	4.27	0.17	4.27	4.28	7137844	216	-0.23	          0.27	4.10	4.28	4.08	4.10	     5.11	2985764608	  1.14	银行	北京	4.88	4.18	3437464	3700379	  0.93	6609	27574	--  	
="002146"	荣盛发展	3.97	13.88	0.53	13.88	13.89	504713	2952	0.07	          3.03	13.35	14.00	13.26	13.35	     9.59	685830464	  0.67	全国地产	河北	5.54	13.59	215717	288995	  0.75	544	1303	--  	
="300196"	长海股份	3.94	21.38	0.81	21.37	21.38	32203	452	-0.04	          2.95	20.59	21.50	20.20	20.57	    28.85	66934104	  1.97	玻璃	江苏	6.32	20.79	17387	14816	  1.17	21	212	--  	
="600259"	广晟有色	3.79	55.11	2.01	55.07	55.08	232333	33	0.20	          9.32	53.56	55.97	53.22	53.10	  1206.81	1271482496	  1.97	小金属	海南	5.18	54.73	111854	120478	  0.93	101	86	--  	
="002271"	东方雨虹	3.63	33.40	1.17	33.40	33.41	59407	377	0.45	          2.72	32.19	34.19	31.60	32.23	    24.32	197478080	  0.84	其他建材	北京	8.04	33.24	28613	30793	  0.93	111	2	--  	
="601988"	中国银行	3.52	3.53	0.12	3.52	3.53	18862470	1330	0.28	          0.96	3.40	3.54	3.32	3.41	     6.45	6472786432	  1.59	银行	北京	6.45	3.43	6804615	12057855	  0.56	16110	2389	--  	
="000966"	长源电力	3.45	10.80	0.36	10.80	10.81	209840	5806	0.27	          3.79	10.55	10.84	10.34	10.44	     7.22	223213072	  1.53	火力发电	湖北	4.79	10.64	98452	111387	  0.88	2349	144	--  	
="600801"	华新水泥	3.37	9.20	0.30	9.19	9.20	443254	40	0.00	          4.56	8.95	9.26	8.75	8.90	    12.67	400763040	  1.24	水泥	湖北	5.73	9.04	215928	227325	  0.95	731	69	--  	
="601669"	中国电建	3.26	4.44	0.14	4.44	4.45	2901505	20	0.00	          8.79	4.29	4.47	4.27	4.30	     9.61	1271238784	  1.19	建筑施工	北京	4.65	4.38	1231006	1670498	  0.74	10853	29216	--  	
="000926"	福星股份	3.04	9.84	0.29	9.83	9.84	402403	4945	0.00	          7.61	9.53	9.88	9.47	9.55	     9.07	391223904	  1.05	区域地产	湖北	4.29	9.72	206830	195572	  1.06	2074	831	--  	
="600497"	驰宏锌锗	3.03	12.94	0.38	12.93	12.94	901301	310	0.00	          5.40	12.68	13.10	12.50	12.56	   105.84	1155523968	  1.81	铅锌	云南	4.78	12.82	436551	464750	  0.94	10	214	--  	
="002563"	森马服饰	2.98	39.70	1.15	39.60	39.70	24361	121	0.25	          3.48	38.55	40.40	38.41	38.55	    29.72	96696328	  2.16	服饰	浙江	5.16	39.69	10440	13921	  0.75	33	439	--  	
="002688"	金河生物	2.94	17.48	0.50	17.48	17.49	69797	409	-0.05	          6.43	17.05	17.75	16.98	16.98	    45.98	121684048	  1.23	化学制药	内蒙	4.53	17.43	32984	36812	  0.90	604	71	--  	
="600750"	江中药业	2.87	21.16	0.59	21.16	21.17	90931	7	0.09	          3.03	20.59	21.25	20.59	20.57	    30.67	191127024	  1.32	中成药	江西	3.21	21.02	44199	46731	  0.95	109	102	--  	
="600795"	国电电力	2.87	3.23	0.09	3.22	3.23	5208751	496	0.00	          3.38	3.14	3.26	3.10	3.14	     8.16	1652066432	  1.29	火力发电	辽宁	5.10	3.17	2182872	3025878	  0.72	30567	2843	--  	
="600875"	东方电气	2.86	17.65	0.49	17.65	17.66	541848	39	-0.05	          3.26	17.14	17.88	16.81	17.16	    24.35	940247616	  1.63	电气设备	四川	6.24	17.35	261884	279963	  0.94	321	10	--  	
="000159"	国际实业	2.84	11.24	0.31	11.24	11.25	430998	4572	0.08	          8.96	10.85	11.30	10.71	10.93	    62.52	479374240	  1.84	石油贸易	新疆	5.40	11.12	196596	234401	  0.84	2887	3363	--  	
="000752"	西藏发展	2.54	14.96	0.37	14.96	14.97	175793	1677	0.00	          6.67	14.67	15.07	14.40	14.59	   218.12	261198768	  1.89	啤酒	西藏	4.59	14.86	69740	106052	  0.66	230	392	--  	
="002685"	华东重机	2.45	14.61	0.35	14.61	14.62	77546	832	0.00	          7.79	14.38	14.77	14.21	14.26	   466.67	112664720	  0.62	工程机械	江苏	3.93	14.53	36488	41058	  0.89	152	3	--  	
="600009"	上海机场	2.43	18.13	0.43	18.13	18.14	283085	117	0.22	          2.59	17.60	18.19	17.60	17.70	    16.60	506392352	  0.94	机场	上海	3.33	17.89	118312	164773	  0.72	191	266	--  	
="600033"	福建高速	2.40	3.41	0.08	3.40	3.41	1001734	33	0.29	          3.65	3.33	3.47	3.30	3.33	    14.06	340048480	  1.22	路桥	福建	5.11	3.39	421946	579787	  0.73	2908	14551	--  	
="600005"	武钢股份	2.31	3.10	0.07	3.09	3.10	1972133	70	0.32	          1.95	3.02	3.11	2.99	3.03	    30.46	601731328	  0.91	普钢	湖北	3.96	3.05	964660	1007473	  0.96	2066	29038	--  	
="600802"	福建水泥	2.20	8.81	0.19	8.81	8.82	243474	105	0.11	          6.38	8.60	8.89	8.48	8.62	--  	212697248	  1.44	水泥	福建	4.76	8.74	103295	140178	  0.74	94	661	--  	
="002294"	信立泰	2.20	37.15	0.80	37.14	37.15	69679	366	0.05	          2.43	36.45	37.60	36.45	36.35	    24.24	259100656	  1.23	化学制药	深圳	3.16	37.18	30971	38707	  0.80	47	36	--  	
="601058"	赛轮股份	2.14	18.58	0.39	18.68	18.69	54284	5	0.43	          1.44	18.27	18.90	18.02	18.19	    24.50	100760528	  1.32	汽车配件	山东	4.84	18.56	24484	29800	  0.82	33	233	--  	
="000993"	闽东电力	2.13	10.09	0.21	10.09	10.10	74353	278	0.00	          1.99	9.92	10.30	9.82	9.88	    32.01	75033488	  1.27	水力发电	福建	4.86	10.09	38994	35358	  1.10	196	259	--  	
="000539"	粤电力Ａ	2.10	6.33	0.13	6.32	6.33	349034	8551	0.00	          1.64	6.21	6.38	6.15	6.20	     8.23	218045600	  1.29	火力发电	广东	3.71	6.25	178495	170538	  1.05	1266	276	--  	
="600639"	浦东金桥	2.04	16.97	0.34	16.94	16.96	257504	97	0.47	          3.92	16.50	16.98	16.30	16.63	    37.05	429396000	  1.03	园区开发	上海	4.09	16.68	141132	116371	  1.21	56	98	--  	
="600655"	豫园商城	2.00	12.22	0.24	12.21	12.22	236814	10	0.08	          1.65	11.98	12.24	11.90	11.98	    22.57	285845472	  1.04	百货	上海	2.84	12.07	102700	134113	  0.77	650	399	--  	
="300094"	国联水产	1.95	10.45	0.20	10.43	10.45	121854	1645	-0.66	          3.47	10.25	10.68	10.10	10.25	    92.98	127188160	  1.45	渔业	广东	5.66	10.44	41186	80668	  0.51	2	85	--  	
="601333"	广深铁路	1.94	3.68	0.07	3.67	3.69	1485416	3166	-0.27	          2.63	3.62	3.69	3.58	3.61	    30.09	542375552	  0.97	铁路	深圳	3.05	3.65	683524	801891	  0.85	10590	26082	--  	
="000089"	深圳机场	1.93	5.82	0.11	5.81	5.82	227826	1895	-0.34	          1.35	5.71	5.88	5.64	5.71	    38.49	130993168	  0.79	机场	深圳	4.20	5.75	98672	129154	  0.76	2161	1023	--  	
="601006"	大秦铁路	1.90	9.66	0.18	9.66	9.67	1356208	56	-0.41	          0.91	9.54	9.80	9.38	9.48	     9.65	1296528768	  1.37	铁路	山西	4.43	9.56	569609	786598	  0.72	124	5476	--  	
="000528"	柳    工	1.85	8.83	0.16	8.82	8.83	475074	6737	0.22	          4.22	8.67	8.88	8.61	8.67	    41.53	414064480	  1.08	工程机械	广西	3.11	8.72	230289	244785	  0.94	2978	782	--  	
="600004"	白云机场	1.80	10.18	0.18	10.18	10.19	195633	40	0.29	          1.70	10.00	10.20	9.95	10.00	    11.79	197012320	  1.06	机场	广东	2.50	10.07	86875	108758	  0.80	17	748	--  	
="000333"	美的集团	1.79	25.65	0.45	25.64	25.65	456376	5711	0.19	          2.04	25.57	26.07	24.73	25.20	     9.06	1160537856	  0.86	家用电器	广东	5.32	25.43	209970	246405	  0.85	440	373	--  	
="600720"	祁连山	1.77	9.20	0.16	9.20	9.21	515968	9	0.21	          6.65	9.06	9.24	8.95	9.04	     8.43	469052768	  1.28	水泥	甘肃	3.21	9.09	252320	263648	  0.96	89	1344	--  	
="601179"	中国西电	1.76	5.78	0.10	5.77	5.78	927746	30	0.17	          2.13	5.75	5.83	5.60	5.68	    34.46	528412544	  1.40	电气设备	陕西	4.05	5.70	463653	464092	  1.00	3056	845	--  	
="002160"	*ST常铝	1.56	6.51	0.10	6.51	6.52	140345	1240	-0.15	          4.32	6.55	6.60	6.45	6.41	   110.54	91645232	  1.32	铝	江苏	2.34	6.53	66695	73650	  0.91	1133	977	--  	
="600170"	上海建工	1.53	6.62	0.10	6.61	6.62	927748	217	0.30	          8.44	6.49	6.63	6.41	6.52	    16.97	604836736	  1.01	建筑施工	上海	3.37	6.52	430410	497337	  0.87	1556	4350	--  	
="000877"	天山股份	1.44	8.46	0.12	8.46	8.47	473428	3638	0.11	          5.38	8.35	8.54	8.29	8.34	    18.18	397692608	  1.25	水泥	新疆	3.00	8.40	228200	245228	  0.93	584	359	--  	
="600834"	申通地铁	1.44	10.60	0.15	10.58	10.59	80928	77	0.18	          1.70	10.45	10.60	10.35	10.45	    45.59	84854616	  0.98	公共交通	上海	2.39	10.49	32930	47997	  0.69	300	80	--  	
="002013"	中航机电	1.43	21.98	0.31	21.98	21.99	135150	3974	0.22	          4.61	21.60	22.08	21.48	21.67	    50.69	295037312	  0.72	汽车配件	湖北	2.77	21.83	65367	69783	  0.94	1083	239	--  	
="600098"	广州发展	1.40	7.22	0.10	7.23	7.24	256217	620	0.27	          1.05	7.11	7.27	7.04	7.12	    14.63	183413184	  0.92	火力发电	广东	3.23	7.16	121734	134483	  0.91	72	437	--  	
="600300"	维维股份	1.39	5.82	0.08	5.81	5.82	457759	77	0.00	          2.74	5.72	5.85	5.71	5.74	    86.31	264348336	  1.02	软饮料	江苏	2.44	5.77	197500	260258	  0.76	3150	2702	--  	
="600196"	复星医药	1.37	21.43	0.29	21.42	21.43	479980	149	-0.09	          2.52	21.17	21.58	21.17	21.14	    23.60	1025798336	  1.13	化学制药	上海	1.94	21.37	247204	232775	  1.06	23	35	--  	
="601799"	星宇股份	1.32	21.52	0.28	21.52	21.54	25777	9	0.23	          1.08	21.37	21.68	21.30	21.24	    21.79	55477724	  0.99	汽车配件	江苏	1.79	21.52	13399	12377	  1.08	25	2	--  	
="600068"	葛洲坝	1.18	6.02	0.07	6.02	6.03	1268053	41	0.00	          3.64	5.95	6.05	5.84	5.95	    11.93	754396608	  1.02	建筑施工	湖北	3.53	5.95	564216	703836	  0.80	1539	6915	--  	
="000581"	威孚高科	1.16	28.00	0.32	28.00	28.01	166010	2049	0.21	          2.45	27.78	28.11	27.48	27.68	    17.29	461068032	  1.05	汽车配件	江苏	2.28	27.77	66003	100006	  0.66	1153	508	--  	
="300346"	南大光电	1.11	39.13	0.43	39.13	39.14	14184	167	0.28	          3.96	38.72	39.18	38.70	38.70	    82.73	55136920	  1.12	半导体	江苏	1.24	38.87	7896	6287	  1.26	4	14	--  	
="600058"	五矿发展	1.09	15.82	0.17	15.82	15.83	524308	357	0.06	          4.89	15.68	16.10	15.35	15.65	    71.99	825058240	  1.81	商贸代理	北京	4.79	15.74	247495	276813	  0.89	460	1248	--  	
="600873"	梅花生物	1.07	6.59	0.07	6.59	6.60	379871	483	0.30	          1.22	6.51	6.69	6.48	6.52	    56.63	250187648	  0.92	食品	西藏	3.22	6.59	173449	206421	  0.84	259	1240	--  	
="600223"	鲁商置业	1.07	5.66	0.06	5.64	5.65	152962	1	0.71	          1.53	5.60	5.66	5.53	5.60	    34.31	85568968	  0.78	区域地产	山东	2.32	5.59	78645	74317	  1.06	347	76	--  	
="600331"	宏达股份	1.03	6.84	0.07	6.84	6.85	527201	13	-0.14	          5.11	6.85	6.94	6.68	6.77	--  	359086368	  1.17	铅锌	四川	3.84	6.81	270921	256280	  1.06	67	1305	--  	
="600067"	冠城大通	1.03	7.84	0.08	7.83	7.84	536884	256	-0.12	          4.51	7.71	7.89	7.54	7.76	    20.54	413619584	  0.96	全国地产	福建	4.51	7.70	309535	227348	  1.36	2063	86	--  	
="300138"	晨光生物	0.99	12.24	0.12	12.24	12.25	47489	63	0.16	          3.77	12.13	12.56	12.13	12.12	   128.75	58577260	  1.52	食品	河北	3.55	12.33	25650	21838	  1.17	214	84	--  	
="000601"	韶能股份	0.94	6.47	0.06	6.47	6.48	341430	1777	0.15	          3.43	6.39	6.50	6.32	6.41	    19.74	219259648	  1.13	火力发电	广东	2.81	6.42	168722	172708	  0.98	1977	4179	--  	
="600007"	中国国贸	0.91	14.45	0.13	14.54	14.55	77045	41	-0.34	          0.76	14.37	14.73	14.15	14.32	    25.44	111555304	  0.89	园区开发	北京	4.05	14.48	40863	36181	  1.13	9	131	--  	
="600392"	盛和资源	0.90	23.51	0.21	23.49	23.50	198883	10	-0.16	         12.70	23.22	24.22	23.08	23.30	   230.02	470826400	  1.34	小金属	山西	4.89	23.67	98602	100280	  0.98	41	3	--  	
="002063"	远光软件	0.88	23.05	0.20	23.05	23.06	158775	1822	0.08	          4.06	22.88	23.57	22.80	22.85	    56.07	369110944	  1.06	软件服务	广东	3.37	23.25	90424	68350	  1.32	1073	150	--  	
="600731"	湖南海利	0.86	9.35	0.08	9.32	9.37	38322	23	0.53	          1.50	9.29	9.40	9.26	9.27	   582.96	35699016	  0.84	农药化肥	湖南	1.51	9.32	20529	17793	  1.15	284	119	--  	
="600970"	中材国际	0.86	10.56	0.09	10.56	10.57	453114	707	0.47	          4.14	10.38	10.62	10.23	10.47	    17.54	472696064	  1.27	建筑施工	江苏	3.72	10.43	231980	221134	  1.05	144	835	--  	
="600676"	交运股份	0.81	8.76	0.07	8.75	8.76	168356	41	0.00	          2.15	8.69	8.77	8.59	8.69	    23.75	146194624	  1.01	汽车配件	上海	2.07	8.68	87271	81084	  1.08	737	562	--  	
="300189"	神农大丰	0.78	7.78	0.06	7.77	7.78	303720	3964	0.00	          9.03	7.67	7.90	7.62	7.72	--  	235254240	  0.88	种植业	海南	3.63	7.75	154893	148827	  1.04	1164	374	--  	
="002011"	盾安环境	0.75	10.80	0.08	10.79	10.80	464833	4081	0.00	          5.55	10.70	10.99	10.67	10.72	    59.71	503249792	  1.16	工程机械	浙江	2.99	10.83	222314	242519	  0.92	1564	5293	--  	
="600162"	香江控股	0.74	6.82	0.05	6.81	6.82	286814	30	0.14	          3.74	6.77	6.88	6.68	6.77	    15.98	195048016	  1.05	全国地产	深圳	2.95	6.80	152662	134151	  1.14	986	655	--  	
="002007"	华兰生物	0.72	37.90	0.27	37.89	37.90	116855	1382	0.10	          2.03	37.68	38.59	37.58	37.63	    39.10	442886944	  0.96	生物制药	河南	2.68	37.90	61856	54998	  1.12	1088	24	--  	
="002016"	世荣兆业	0.51	9.79	0.05	9.79	9.80	172279	1536	-0.20	          2.67	9.74	9.90	9.59	9.74	   161.20	168168288	  0.83	区域地产	广东	3.18	9.76	85546	86733	  0.99	359	270	--  	
="000032"	深桑达Ａ	0.48	12.50	0.06	12.49	12.50	76482	405	0.16	          3.28	12.52	12.75	12.37	12.44	--  	95768272	  0.80	元器件	深圳	3.05	12.52	42064	34418	  1.22	39	648	--  	
="600201"	金宇集团	0.47	36.24	0.17	36.22	36.30	33258	4	-0.16	          1.18	36.04	36.62	36.02	36.07	    25.09	120885312	  1.09	生物制药	内蒙	1.66	36.35	16404	16854	  0.97	5	20	--  	
="002557"	洽洽食品	0.28	21.20	0.06	21.20	21.21	51924	703	0.14	          1.54	21.02	21.30	21.02	21.14	    26.02	109892512	  0.52	食品	安徽	1.32	21.16	27588	24335	  1.13	17	128	--  	
="300345"	红宇新材	0.17	23.62	0.04	23.61	23.62	28652	385	0.16	          4.64	23.60	24.18	23.20	23.58	   964.03	67941416	  0.93	钢加工	湖南	4.16	23.71	13925	14726	  0.95	3	486	--  	
="600400"	红豆股份	0.16	6.16	0.01	6.15	6.16	170200	139	0.00	          3.04	6.15	6.22	6.08	6.15	   111.73	104722376	  0.96	服饰	江苏	2.28	6.15	83790	86410	  0.97	124	33	--  	
="000605"	渤海股份	0.16	19.04	0.03	19.03	19.04	21623	315	0.05	          2.45	19.19	19.45	18.80	19.01	    94.67	41194360	  1.06	水务	北京	3.42	19.05	9290	12333	  0.75	51	234	--  	
="600335"	国机汽车	0.09	21.27	0.02	21.27	21.28	90716	3	-0.14	          1.62	21.28	21.36	20.59	21.25	    16.01	190967456	  0.98	汽车配件	天津	3.62	21.05	44942	45774	  0.98	110	178	--  	
="601928"	凤凰传媒	0.00	10.61	0.00	--  	--  	0	0	0.00	          0.00	--  	--  	--  	10.61	    27.58	0	  0.00	出版业	江苏	0.00	10.61	0	0	--  	0	0	--  	
="600986"	科达股份	0.00	7.05	0.00	--  	--  	0	0	0.00	          0.00	--  	--  	--  	7.05	    36.88	0	  0.00	建筑施工	山东	0.00	7.05	0	0	--  	0	0	--  	
="600981"	汇鸿股份	0.00	4.21	0.00	--  	--  	0	0	0.00	          0.00	--  	--  	--  	4.21	    92.48	0	  0.00	商贸代理	江苏	0.00	4.21	0	0	--  	0	0	--  	
="600876"	洛阳玻璃	0.00	7.24	0.00	--  	--  	0	0	0.00	          0.00	--  	--  	--  	7.24	   374.48	0	  0.00	玻璃	河南	0.00	7.24	0	0	--  	0	0	--  	
="600749"	西藏旅游	0.00	12.18	0.00	--  	--  	0	0	0.00	          0.00	--  	--  	--  	12.18	  1161.76	0	  0.00	旅游景点	西藏	0.00	12.18	0	0	--  	0	0	--  	
="600673"	东阳光科	0.00	16.60	0.00	16.59	16.60	191418	20	0.06	          2.33	16.60	16.94	16.38	16.60	   105.50	319339840	  1.29	铝	广东	3.37	16.68	108462	82956	  1.31	306	9	--  	
="600617"	国新能源	0.00	30.09	0.00	--  	--  	0	0	0.00	          0.00	--  	--  	--  	30.09	    42.79	0	  0.00	供气供热	山西	0.00	30.09	0	0	--  	0	0	--  	
="600575"	皖江物流	0.00	4.11	0.00	--  	--  	0	0	0.00	          0.00	--  	--  	--  	4.11	--  	0	  0.00	港口	安徽	0.00	4.11	0	0	--  	0	0	--  	
="600569"	安阳钢铁	0.00	2.32	0.00	--  	--  	0	0	0.00	          0.00	--  	--  	--  	2.32	    78.40	0	  0.00	普钢	河南	0.00	2.32	0	0	--  	0	0	--  	
="600517"	置信电气	0.00	12.45	0.00	--  	--  	0	0	0.00	          0.00	--  	--  	--  	12.45	    84.39	0	  0.00	电气设备	上海	0.00	12.45	0	0	--  	0	0	--  	
="600369"	西南证券	0.00	10.54	0.00	--  	--  	0	0	0.00	          0.00	--  	--  	--  	10.54	    25.05	0	  0.00	证券	重庆	0.00	10.54	0	0	--  	0	0	--  	
="600365"	通葡股份	0.00	11.38	0.00	--  	--  	0	0	0.00	          0.00	--  	--  	--  	11.38	  5686.21	0	  0.00	红黄药酒	吉林	0.00	11.38	0	0	--  	0	0	--  	
="600318"	巢东股份	0.00	11.20	0.00	--  	--  	0	0	0.00	          0.00	--  	--  	--  	11.20	    17.93	0	  0.00	水泥	安徽	0.00	11.20	0	0	--  	0	0	--  	
="600241"	时代万恒	0.00	8.28	0.00	--  	--  	0	0	0.00	          0.00	--  	--  	--  	8.28	--  	0	  0.00	商贸代理	辽宁	0.00	8.28	0	0	--  	0	0	--  	
="600105"	永鼎股份	0.00	9.86	0.00	--  	--  	0	0	0.00	          0.00	--  	--  	--  	9.86	    22.23	0	  0.00	通信设备	江苏	0.00	9.86	0	0	--  	0	0	--  	
="600103"	青山纸业	0.00	3.66	0.00	--  	--  	0	0	0.00	          0.00	--  	--  	--  	3.66	   601.14	0	  0.00	造纸	福建	0.00	3.66	0	0	--  	0	0	--  	
="600091"	ST明科	0.00	7.02	0.00	--  	--  	0	0	0.00	          0.00	--  	--  	--  	7.02	--  	0	  0.00	化工原料	内蒙	0.00	7.02	0	0	--  	0	0	--  	
="600090"	啤酒花	0.00	8.13	0.00	--  	--  	0	0	0.00	          0.00	--  	--  	--  	8.13	    36.46	0	  0.00	啤酒	新疆	0.00	8.13	0	0	--  	0	0	--  	
="300332"	天壕节能	--  	14.06	--  	--  	--  	0	0	--  	          0.00	--  	--  	--  	14.06	    40.57	0	  0.00	环境保护	北京	0.00	14.06	0	0	--  	0	0	--  	
="300313"	天山生物	--  	23.69	--  	--  	--  	0	0	--  	          0.00	--  	--  	--  	23.69	   258.62	0	  0.00	农业综合	新疆	0.00	23.69	0	0	--  	0	0	--  	
="300013"	新宁物流	--  	9.26	--  	--  	--  	0	0	--  	          0.00	--  	--  	--  	9.26	   131.57	0	  0.00	仓储物流	江苏	0.00	9.26	0	0	--  	0	0	--  	
="002700"	新疆浩源	--  	25.29	--  	--  	--  	0	0	--  	          0.00	--  	--  	--  	25.29	    56.88	0	  0.00	供气供热	新疆	0.00	25.29	0	0	--  	0	0	--  	
="002608"	舜天船舶	--  	12.79	--  	--  	--  	0	0	--  	          0.00	--  	--  	--  	12.79	    86.27	0	  0.00	船舶	江苏	0.00	12.79	0	0	--  	0	0	--  	
="002558"	世纪游轮	--  	31.65	--  	--  	--  	0	0	--  	          0.00	--  	--  	--  	31.65	   271.60	0	  0.00	旅游服务	重庆	0.00	31.65	0	0	--  	0	0	--  	
="002529"	海源机械	--  	15.03	--  	--  	--  	0	0	--  	          0.00	--  	--  	--  	15.03	--  	0	  0.00	专用机械	福建	0.00	15.03	0	0	--  	0	0	--  	
="002509"	天广消防	--  	12.27	--  	--  	--  	0	0	--  	          0.00	--  	--  	--  	12.27	    51.77	0	  0.00	专用机械	福建	0.00	12.27	0	0	--  	0	0	--  	
="002426"	胜利精密	--  	11.26	--  	--  	--  	0	0	--  	          0.00	--  	--  	--  	11.26	    68.41	0	  0.00	元器件	江苏	0.00	11.26	0	0	--  	0	0	--  	
="002333"	罗普斯金	--  	14.36	--  	--  	--  	0	0	--  	          0.00	--  	--  	--  	14.36	    59.02	0	  0.00	铝	江苏	0.00	14.36	0	0	--  	0	0	--  	
="002324"	普利特	--  	19.90	--  	--  	--  	0	0	--  	          0.00	--  	--  	--  	19.90	    26.33	0	  0.00	塑料	上海	0.00	19.90	0	0	--  	0	0	--  	
="002323"	中联电气	--  	21.95	--  	--  	--  	0	0	--  	          0.00	--  	--  	--  	21.95	   130.92	0	  0.00	电气设备	江苏	0.00	21.95	0	0	--  	0	0	--  	
="002168"	深圳惠程	--  	10.13	--  	--  	--  	0	0	--  	          0.00	--  	--  	--  	10.13	--  	0	  0.00	电气设备	深圳	0.00	10.13	0	0	--  	0	0	--  	
="002162"	斯米克	0.00	9.45	0.00	9.44	9.45	115107	1420	0.00	          2.75	9.42	9.48	9.23	9.45	   407.47	107898336	  0.97	陶瓷	上海	2.65	9.37	61468	53638	  1.15	170	861	--  	
="002103"	广博股份	--  	10.18	--  	--  	--  	0	0	--  	          0.00	--  	--  	--  	10.18	   172.72	0	  0.00	文教休闲	浙江	0.00	10.18	0	0	--  	0	0	--  	
="002044"	江苏三友	--  	10.04	--  	--  	--  	0	0	--  	          0.00	--  	--  	--  	10.04	    43.13	0	  0.00	服饰	江苏	0.00	10.04	0	0	--  	0	0	--  	
="002009"	天奇股份	--  	16.30	--  	--  	--  	0	0	--  	          0.00	--  	--  	--  	16.30	    47.89	0	  0.00	工程机械	江苏	0.00	16.30	0	0	--  	0	0	--  	
="002006"	*ST精功	--  	8.75	--  	--  	--  	0	0	--  	          0.00	--  	--  	--  	8.75	--  	0	  0.00	工程机械	浙江	0.00	8.75	0	0	--  	0	0	--  	
="000920"	南方汇通	--  	13.23	--  	--  	--  	0	0	--  	          0.00	--  	--  	--  	13.23	    31.50	0	  0.00	运输设备	贵州	0.00	13.23	0	0	--  	0	0	--  	
="000796"	易食股份	--  	7.23	--  	--  	--  	0	0	--  	          0.00	--  	--  	--  	7.23	    95.94	0	  0.00	食品	陕西	0.00	7.23	0	0	--  	0	0	--  	
="000795"	太原刚玉	--  	10.92	--  	--  	--  	0	0	--  	          0.00	--  	--  	--  	10.92	--  	0	  0.00	矿物制品	山西	0.00	10.92	0	0	--  	0	0	--  	
="000710"	天兴仪表	--  	13.60	--  	--  	--  	0	0	--  	          0.00	--  	--  	--  	13.60	--  	0	  0.00	汽车配件	四川	0.00	13.60	0	0	--  	0	0	--  	
="000627"	天茂集团	--  	4.10	--  	--  	--  	0	0	--  	          0.00	--  	--  	--  	4.10	    28.37	0	  0.00	化工原料	湖北	0.00	4.10	0	0	--  	0	0	--  	
="000533"	万 家 乐	--  	5.97	--  	--  	--  	0	0	--  	          0.00	--  	--  	--  	5.97	    35.25	0	  0.00	家用电器	广东	0.00	5.97	0	0	--  	0	0	--  	
="000525"	红 太 阳	0.00	17.25	0.00	17.25	17.26	180381	1908	0.00	          3.56	17.10	17.60	16.94	17.25	    16.49	311430624	  1.42	农药化肥	江苏	3.83	17.27	106683	73698	  1.45	1213	534	--  	
="000516"	开元投资	--  	9.85	--  	--  	--  	0	0	--  	          0.00	--  	--  	--  	9.85	    26.71	0	  0.00	百货	陕西	0.00	9.85	0	0	--  	0	0	--  	
="000514"	渝 开 发	--  	7.08	--  	--  	--  	0	0	--  	          0.00	--  	--  	--  	7.08	    36.98	0	  0.00	区域地产	重庆	0.00	7.08	0	0	--  	0	0	--  	
="000498"	山东路桥	--  	4.64	--  	--  	--  	0	0	--  	          0.00	--  	--  	--  	4.64	    27.67	0	  0.00	建筑施工	山东	0.00	4.64	0	0	--  	0	0	--  	
="000021"	长城开发	0.00	8.09	0.00	8.09	8.10	366588	3167	0.00	          2.49	8.10	8.26	8.03	8.09	    65.08	297043104	  0.94	电脑设备	深圳	2.84	8.10	202887	163701	  1.24	4650	2061	--  	
="000016"	深康佳Ａ	0.00	6.20	0.00	6.19	6.20	219073	5033	0.32	          3.65	6.20	6.21	6.13	6.20	   117.67	135423936	  1.27	家用电器	深圳	1.29	6.18	126483	92589	  1.37	2372	580	--  	
="300072"	三聚环保	-0.04	26.75	-0.01	26.72	26.75	124450	2607	0.29	          2.71	26.80	26.88	26.40	26.76	    36.40	331197536	  0.77	化工原料	北京	1.79	26.61	68101	56349	  1.21	100	2653	--  	
="600018"	上港集团	-0.16	6.08	-0.01	6.08	6.09	1734482	35	-0.16	          0.76	6.00	6.15	5.92	6.09	    22.17	1046014784	  1.35	港口	上海	3.78	6.03	868373	866109	  1.00	2610	13550	--  	
="002661"	克明面业	-0.19	41.52	-0.08	41.52	41.53	12474	42	-0.04	          5.84	41.38	41.88	41.23	41.60	    41.78	51768308	  0.91	食品	湖南	1.56	41.50	7316	5158	  1.42	24	87	--  	
="300289"	利德曼	-0.20	34.82	-0.07	34.81	34.82	17978	220	0.00	          3.23	34.93	35.20	34.65	34.89	    62.40	62701524	  0.79	生物制药	北京	1.58	34.88	10502	7476	  1.40	4	15	--  	
="002220"	天宝股份	-0.32	9.39	-0.03	9.38	9.39	80775	1441	0.42	          2.07	9.38	9.55	9.31	9.42	    25.34	75859392	  0.68	食品	辽宁	2.55	9.39	51552	29222	  1.76	15	216	--  	
="002075"	沙钢股份	-0.36	5.57	-0.02	5.57	5.58	384462	5632	0.36	          2.44	5.60	5.61	5.47	5.59	   125.83	211855184	  1.06	特钢	江苏	2.50	5.51	224489	159972	  1.40	1425	1483	--  	
="600532"	宏达矿业	-0.36	10.95	-0.04	10.95	10.96	73076	134	0.00	          4.43	11.03	11.05	10.81	10.99	    27.81	79541752	  1.04	普钢	山东	2.18	10.88	43537	29539	  1.47	1279	272	--  	
="600483"	福能股份	-0.38	10.48	-0.04	10.48	10.49	85235	4	0.09	          2.95	10.47	10.57	10.34	10.52	    18.38	89152680	  1.00	火力发电	福建	2.19	10.46	50368	34867	  1.44	205	415	--  	
="002302"	西部建设	-0.40	15.10	-0.06	15.08	15.10	84229	1189	0.19	          3.11	15.00	15.11	14.93	15.16	    34.27	126570696	  0.80	水泥	新疆	1.19	15.03	44081	40148	  1.10	463	919	--  	
="300083"	劲胜精密	-0.60	25.04	-0.15	25.04	25.05	46086	350	-0.03	          5.24	25.06	25.45	24.89	25.19	   121.92	116012024	  0.95	元器件	广东	2.22	25.17	28476	17610	  1.62	122	297	--  	
="002152"	广电运通	-0.72	20.70	-0.15	20.70	20.71	90843	622	0.00	          1.05	20.60	21.18	20.60	20.85	    31.55	189313456	  0.62	电脑设备	广东	2.78	20.84	48432	42410	  1.14	607	375	--  	
="600275"	武昌鱼	-0.86	5.77	-0.05	5.77	5.78	205775	45	0.00	          4.04	5.83	5.88	5.73	5.82	--  	118800200	  1.32	农业综合	湖北	2.58	5.77	118331	87444	  1.35	120	1698	--  	
="002567"	唐人神	-0.99	10.02	-0.10	10.01	10.02	46742	807	-0.09	          1.11	10.09	10.12	10.00	10.12	    54.97	46901276	  0.48	饲料	湖南	1.19	10.03	26779	19963	  1.34	316	293	--  	
="300145"	南方泵业	-1.05	25.53	-0.27	25.53	25.58	23716	43	0.11	          1.36	25.44	26.26	25.27	25.80	    36.83	61143900	  0.87	专用机械	浙江	3.84	25.78	14393	9323	  1.54	9	30	--  	
="600763"	通策医疗	-1.25	52.32	-0.66	52.35	52.36	15258	5	-0.13	          0.95	52.60	53.20	51.89	52.98	    69.20	80098864	  1.18	医疗保健	浙江	2.47	52.49	7134	8124	  0.88	19	1	--  	
="601137"	博威合金	-1.67	22.32	-0.38	22.31	22.35	53763	5	0.35	          2.50	22.71	22.73	22.19	22.70	    70.93	120049760	  1.25	铜	浙江	2.38	22.33	32917	20846	  1.58	56	69	--  	
数据来源:通达信
