代码	名称	涨幅%%	现价	涨跌	买价	卖价	总量	现量	涨速%%	换手%%	今开	最高	最低	昨收	市盈(动)	总金额	量比	细分行业	地区	振幅%%	均价	内盘	外盘	内外比	买量	卖量	未匹配量	流通股本(万)	
="600000"	浦发银行	-1.94	12.16	-0.24	12.16	12.17	6072704	362	-0.32	          4.07	12.45	12.98	12.12	12.40	     4.89	7590567424	  1.22	银行	上海	6.94	12.50	3030561	3042142	  1.00	701	2755	--  	    1492277.75	
="600005"	武钢股份	3.53	2.93	0.10	2.93	2.94	2679017	96	0.00	          2.65	2.84	3.00	2.83	2.83	    28.79	779075136	  2.26	普钢	湖北	6.01	2.91	1161804	1517213	  0.77	1428	14491	--  	    1009378.00	
="600007"	中国国贸	-0.50	13.95	-0.07	13.91	13.92	74427	10	1.08	          0.74	13.98	14.01	13.64	14.02	    24.56	102461392	  0.64	园区开发	北京	2.64	13.77	38466	35961	  1.07	1	47	--  	     100728.25	
="600016"	民生银行	-1.91	7.19	-0.14	7.18	7.19	9952782	1443	-0.27	          3.67	7.37	7.69	7.18	7.33	     4.99	7374012416	  1.51	银行	北京	6.96	7.41	5169703	4783078	  1.08	10179	347	--  	    2710607.50	
="600033"	福建高速	0.91	3.31	0.03	3.31	3.32	880681	708	0.00	          3.21	3.29	3.36	3.28	3.28	    13.65	292358304	  1.38	路桥	福建	2.44	3.32	437705	442976	  0.99	1840	9083	--  	     274440.00	
="600048"	保利地产	-2.78	7.00	-0.20	6.99	7.00	3895236	550	0.00	          3.63	7.25	7.32	6.94	7.20	     9.26	2779549440	  0.86	全国地产	广东	5.28	7.14	2006986	1888249	  1.06	2372	534	--  	    1072397.88	
="600058"	五矿发展	0.35	14.39	0.05	14.39	14.40	183831	17	-0.13	          1.71	14.22	14.72	14.16	14.34	    65.48	266088064	  0.68	商贸代理	北京	3.91	14.47	91760	92070	  1.00	32	55	--  	     107191.07	
="600068"	葛洲坝	0.17	5.86	0.01	5.85	5.86	1051225	55	0.00	          3.01	5.85	6.00	5.78	5.85	    11.61	617608576	  0.76	建筑施工	湖北	3.76	5.88	581486	469738	  1.24	1979	1496	--  	     348745.91	
="600082"	海泰发展	-0.70	7.10	-0.05	7.10	7.11	385614	15	0.42	          6.12	7.20	7.48	7.00	7.15	    62.80	276828096	  1.40	园区开发	天津	6.71	7.18	226514	159100	  1.42	188	343	--  	      62998.89	
="600090"	啤酒花	0.00	8.13	0.00	--  	--  	0	0	0.00	          0.00	--  	--  	--  	8.13	    36.46	0	  0.00	啤酒	新疆	0.00	8.13	0	0	--  	0	0	--  	      36791.66	
="600091"	ST明科	0.00	7.02	0.00	--  	--  	0	0	0.00	          0.00	--  	--  	--  	7.02	--  	0	  0.00	化工原料	内蒙	0.00	7.02	0	0	--  	0	0	--  	      33652.60	
="600098"	广州发展	-1.88	6.78	-0.13	6.78	6.79	237999	62	0.14	          0.98	6.94	6.97	6.73	6.91	    13.74	162958144	  0.72	火力发电	广东	3.47	6.85	137644	100355	  1.37	935	319	--  	     243737.45	
="600103"	青山纸业	0.00	3.66	0.00	--  	--  	0	0	0.00	          0.00	--  	--  	--  	3.66	   601.14	0	  0.00	造纸	福建	0.00	3.66	0	0	--  	0	0	--  	     106184.15	
="600105"	永鼎股份	0.00	9.86	0.00	--  	--  	0	0	0.00	          0.00	--  	--  	--  	9.86	    22.23	0	  0.00	通信设备	江苏	0.00	9.86	0	0	--  	0	0	--  	      38095.46	
="600153"	建发股份	-2.16	8.14	-0.18	8.13	8.14	909092	20	0.00	          3.21	8.33	8.39	8.01	8.32	    11.00	745132928	  1.00	商贸代理	福建	4.57	8.20	494852	414240	  1.19	7774	478	--  	     283520.06	
="600162"	香江控股	-4.15	6.69	-0.29	6.69	6.70	269528	30	-0.14	          3.51	6.94	7.08	6.63	6.98	    15.67	184056288	  0.76	全国地产	深圳	6.45	6.83	156681	112846	  1.39	110	126	--  	      76781.27	
="600170"	上海建工	-3.29	6.17	-0.21	6.17	6.18	706419	58	-0.16	          6.42	6.35	6.35	6.15	6.38	    15.82	440367936	  0.56	建筑施工	上海	3.13	6.23	396357	310062	  1.28	1053	2608	--  	     109966.28	
="600196"	复星医药	1.82	20.69	0.37	20.69	20.70	373770	67	0.19	          1.96	20.36	20.90	20.13	20.32	    22.78	766143040	  0.89	化学制药	上海	3.79	20.50	182994	190775	  0.96	38	391	--  	     190439.23	
="600201"	金宇集团	-1.06	36.23	-0.39	36.11	36.20	30453	20	-0.27	          1.08	36.51	37.46	36.20	36.62	    25.08	111918920	  1.23	生物制药	内蒙	3.44	36.75	18046	12406	  1.45	5	50	--  	      28081.49	
="600223"	鲁商置业	0.71	5.64	0.04	5.62	5.65	236526	32	0.00	          2.36	5.61	5.85	5.51	5.60	    34.19	134931248	  1.05	区域地产	山东	6.07	5.70	115481	121044	  0.95	235	1151	--  	     100096.79	
="600241"	时代万恒	0.00	8.28	0.00	--  	--  	0	0	0.00	          0.00	--  	--  	--  	8.28	--  	0	  0.00	商贸代理	辽宁	0.00	8.28	0	0	--  	0	0	--  	      18020.00	
="600269"	赣粤高速	10.05	4.60	0.42	4.60	--  	783041	5	0.00	          3.35	4.40	4.60	4.40	4.18	    13.18	358744544	  2.02	路桥	江西	4.78	4.58	532521	250520	  2.13	183951	0	--  	     233540.70	
="600275"	武昌鱼	1.08	5.64	0.06	5.63	5.64	140883	160	0.17	          2.77	5.56	5.70	5.50	5.58	--  	78897896	  0.91	农业综合	湖北	3.58	5.60	68939	71944	  0.96	625	337	--  	      50883.71	
="600300"	维维股份	3.02	5.79	0.17	5.78	5.79	495089	40	-0.17	          2.96	5.60	5.89	5.53	5.62	    85.86	283107840	  0.97	软饮料	江苏	6.41	5.72	206906	288183	  0.72	1791	1228	--  	     167200.00	
="600318"	巢东股份	0.00	11.20	0.00	--  	--  	0	0	0.00	          0.00	--  	--  	--  	11.20	    17.93	0	  0.00	水泥	安徽	0.00	11.20	0	0	--  	0	0	--  	      24200.00	
="600331"	宏达股份	-0.93	6.40	-0.06	6.40	6.41	346932	100	0.00	          3.36	6.50	6.57	6.35	6.46	--  	224467776	  0.75	铅锌	四川	3.41	6.47	192907	154025	  1.25	167	421	--  	     103200.00	
="600365"	通葡股份	0.00	11.38	0.00	--  	--  	0	0	0.00	          0.00	--  	--  	--  	11.38	  5686.21	0	  0.00	红黄药酒	吉林	0.00	11.38	0	0	--  	0	0	--  	      14000.00	
="600369"	西南证券	0.00	10.54	0.00	--  	--  	0	0	0.00	          0.00	--  	--  	--  	10.54	    25.05	0	  0.00	证券	重庆	0.00	10.54	0	0	--  	0	0	--  	     232255.45	
="600400"	红豆股份	-1.89	6.22	-0.12	6.23	6.24	113546	32	0.32	          2.03	6.33	6.38	6.14	6.34	   112.82	70550728	  0.71	服饰	江苏	3.79	6.21	76117	37429	  2.03	11	514	--  	      56039.96	
="600419"	天润乳业	1.83	22.87	0.41	22.85	22.88	14842	14	0.08	          1.85	22.28	23.08	22.21	22.46	   107.58	33731080	  1.29	乳制品	新疆	3.87	22.73	6791	8050	  0.84	23	157	--  	       8021.08	
="600469"	风神股份	2.60	13.42	0.34	13.41	13.42	108637	8	0.00	          2.90	13.37	13.78	13.10	13.08	    12.32	145609456	  1.62	汽车配件	河南	5.20	13.40	54083	54553	  0.99	197	5	--  	      37494.21	
="600483"	福能股份	-2.31	10.16	-0.24	10.16	10.17	66860	14	-0.09	          2.32	10.36	10.36	10.07	10.40	    17.82	68187296	  0.69	火力发电	福建	2.79	10.20	42571	24289	  1.75	6	238	--  	      28848.36	
="600497"	驰宏锌锗	-0.09	11.38	-0.01	11.38	11.39	324439	19	0.08	          1.95	11.20	11.53	11.15	11.39	    93.08	368760160	  0.51	铅锌	云南	3.34	11.37	165354	159085	  1.04	56	223	--  	     166756.09	
="600517"	置信电气	0.00	12.45	0.00	--  	--  	0	0	0.00	          0.00	--  	--  	--  	12.45	    84.39	0	  0.00	电气设备	上海	0.00	12.45	0	0	--  	0	0	--  	     111366.89	
="600532"	宏达矿业	-1.31	10.56	-0.14	10.56	10.57	45909	40	0.00	          2.78	10.69	10.69	10.48	10.70	    26.82	48527328	  0.69	普钢	山东	1.96	10.57	30676	15233	  2.01	36	2	--  	      16510.25	
="600569"	安阳钢铁	0.00	2.32	0.00	--  	--  	0	0	0.00	          0.00	--  	--  	--  	2.32	    78.40	0	  0.00	普钢	河南	0.00	2.32	0	0	--  	0	0	--  	     239368.45	
="600575"	皖江物流	0.00	4.11	0.00	--  	--  	0	0	0.00	          0.00	--  	--  	--  	4.11	--  	0	  0.00	港口	安徽	0.00	4.11	0	0	--  	0	0	--  	     142320.00	
="600617"	国新能源	0.00	30.09	0.00	--  	--  	0	0	0.00	          0.00	--  	--  	--  	30.09	    42.79	0	  0.00	供气供热	山西	0.00	30.09	0	0	--  	0	0	--  	      10263.63	
="600635"	大众公用	4.92	7.89	0.37	7.88	7.90	1707244	351	0.50	         10.38	7.84	8.27	7.59	7.52	    48.25	1353356032	  1.12	供气供热	上海	9.04	7.93	854852	852392	  1.00	538	246	--  	     164486.98	
="600655"	豫园商城	-3.32	11.65	-0.40	11.64	11.65	216834	38	-0.08	          1.51	11.94	12.01	11.58	12.05	    21.51	254430720	  0.75	百货	上海	3.57	11.73	118660	98174	  1.21	144	508	--  	     143732.20	
="600673"	东阳光科	-3.92	16.16	-0.66	16.14	16.17	160443	30	-0.18	          1.95	16.75	16.86	16.00	16.82	   102.71	262501664	  1.10	铝	广东	5.11	16.36	98744	61699	  1.60	506	21	--  	      82261.22	
="600676"	交运股份	0.00	8.62	0.00	8.61	8.62	122714	63	0.23	          1.57	8.58	8.76	8.51	8.62	    23.37	105468848	  0.50	汽车配件	上海	2.90	8.59	68859	53854	  1.28	123	53	--  	      78214.10	
="600720"	祁连山	0.46	8.75	0.04	8.75	8.76	387916	55	-0.11	          5.00	8.73	8.93	8.69	8.71	     8.02	341346720	  1.10	水泥	甘肃	2.76	8.80	181573	206342	  0.88	300	641	--  	      77616.27	
="600731"	湖南海利	-1.50	9.21	-0.14	9.19	9.21	36795	660	0.21	          1.44	9.39	9.39	9.13	9.35	   574.23	33975700	  0.79	农药化肥	湖南	2.78	9.23	23325	13469	  1.73	74	211	--  	      25557.66	
="600736"	苏州高新	2.94	5.61	0.16	5.60	5.61	1010444	69	-0.17	          9.55	5.70	6.00	5.57	5.45	    43.31	586383040	  2.20	园区开发	江苏	7.89	5.80	576959	433484	  1.33	583	1078	--  	     105788.15	
="600749"	西藏旅游	0.00	12.18	0.00	--  	--  	0	0	0.00	          0.00	--  	--  	--  	12.18	  1161.76	0	  0.00	旅游景点	西藏	0.00	12.18	0	0	--  	0	0	--  	      18913.78	
="600792"	云煤能源	0.00	6.26	0.00	--  	--  	0	0	0.00	          0.00	--  	--  	--  	6.26	   868.05	0	  0.00	焦炭加工	云南	0.00	6.26	0	0	--  	0	0	--  	      95202.89	
="600795"	国电电力	1.35	3.01	0.04	3.01	3.02	4873186	613	0.00	          3.17	2.97	3.06	2.96	2.97	     7.60	1466487680	  1.76	火力发电	辽宁	3.37	3.01	2173882	2699303	  0.81	5582	31924	--  	    1539514.88	
="600801"	华新水泥	0.12	8.57	0.01	8.57	8.58	371240	37	-0.23	          3.82	8.57	8.82	8.52	8.56	    11.80	321788480	  1.39	水泥	湖北	3.50	8.67	181747	189493	  0.96	111	248	--  	      97167.99	
="600834"	申通地铁	-0.67	10.37	-0.07	10.37	10.38	47459	5	0.09	          0.99	10.45	10.48	10.30	10.44	    44.60	49126720	  0.44	公共交通	上海	1.72	10.35	30129	17330	  1.74	1	260	--  	      47738.19	
="600837"	海通证券	3.11	14.91	0.45	14.95	14.97	5134460	61	0.40	          6.35	14.59	15.35	14.32	14.46	    21.66	7636725760	  1.10	证券	上海	7.12	14.87	2526460	2608000	  0.97	5895	631	--  	     809213.13	
="600873"	梅花生物	-2.74	6.38	-0.18	6.37	6.38	399494	46	0.31	          1.29	6.56	6.68	6.30	6.56	    54.83	257105200	  0.77	食品	西藏	5.79	6.44	235233	164261	  1.43	1555	1087	--  	     310822.66	
="600875"	东方电气	-0.74	16.20	-0.12	16.20	16.21	226302	18	-0.12	          1.36	16.30	16.55	16.02	16.32	    22.35	367282880	  0.73	电气设备	四川	3.25	16.23	121962	104340	  1.17	123	94	--  	     166386.00	
="600876"	洛阳玻璃	0.00	7.24	0.00	--  	--  	0	0	0.00	          0.00	--  	--  	--  	7.24	   374.48	0	  0.00	玻璃	河南	0.00	7.24	0	0	--  	0	0	--  	      25001.82	
="600897"	厦门空港	-1.30	21.33	-0.28	21.33	21.34	61509	50	-0.09	          2.07	21.49	21.99	21.06	21.61	    13.18	132214272	  0.96	机场	福建	4.30	21.50	32635	28873	  1.13	19	120	--  	      29781.00	
="600970"	中材国际	-0.58	10.24	-0.06	10.23	10.24	276373	12	-0.09	          2.53	10.33	10.45	10.13	10.30	    17.01	283125120	  0.55	建筑施工	江苏	3.11	10.24	139892	136480	  1.02	71	39	--  	     109329.72	
="600981"	汇鸿股份	0.00	4.21	0.00	--  	--  	0	0	0.00	          0.00	--  	--  	--  	4.21	    92.48	0	  0.00	商贸代理	江苏	0.00	4.21	0	0	--  	0	0	--  	      51610.64	
="600986"	科达股份	0.00	7.05	0.00	--  	--  	0	0	0.00	          0.00	--  	--  	--  	7.05	    36.88	0	  0.00	建筑施工	山东	0.00	7.05	0	0	--  	0	0	--  	      33526.96	
="601007"	金陵饭店	-2.92	11.97	-0.36	11.96	11.97	55993	5	0.16	          1.87	12.31	12.32	11.82	12.33	   136.94	66922468	  1.23	酒店餐饮	江苏	4.06	11.95	32361	23631	  1.37	60	26	--  	      30000.00	
="601058"	赛轮股份	-0.97	18.42	-0.18	18.41	18.42	31132	5	0.05	          0.82	19.01	19.29	18.28	18.60	    24.29	58157364	  0.68	汽车配件	山东	5.43	18.68	20340	10791	  1.88	16	262	--  	      37800.00	
="601137"	博威合金	-0.05	21.85	-0.01	21.83	21.94	31939	310	0.45	          1.49	21.65	21.97	21.39	21.86	    69.44	69085112	  0.41	铜	浙江	2.65	21.63	17560	14379	  1.22	8	10	--  	      21500.00	
="601166"	兴业银行	-1.81	11.92	-0.22	11.91	11.92	6607179	712	-0.08	          4.08	12.21	12.63	11.90	12.14	     4.45	8032628224	  1.45	银行	福建	6.01	12.16	3347809	3259369	  1.03	5771	526	--  	    1617961.63	
="601288"	农业银行	-1.05	2.82	-0.03	2.82	2.83	10695368	773	0.00	          0.38	2.86	2.96	2.81	2.85	     4.51	3064508928	  1.54	银行	北京	5.26	2.87	5052986	5642382	  0.90	10792	48417	--  	   28416352.00	
="601313"	江南嘉捷	-4.08	11.06	-0.47	11.02	11.03	113684	200	-0.71	          4.23	11.54	11.67	10.87	11.53	    20.37	126812888	  2.34	运输设备	江苏	6.94	11.15	62019	51664	  1.20	19	100	--  	      26852.53	
="601318"	中国平安	2.26	50.75	1.12	50.77	50.78	2386646	431	-0.17	          4.99	53.00	53.85	50.60	49.63	     9.51	12377362432	  1.42	保险	深圳	6.55	51.86	1220652	1165993	  1.05	863	167	--  	     478647.75	
="601398"	工商银行	-0.74	4.01	-0.03	4.01	4.02	6506807	60	-0.24	          0.25	4.05	4.16	4.00	4.04	     4.80	2639520000	  1.86	银行	北京	3.96	4.06	3503459	3003347	  1.17	5159	17546	--  	   26471778.00	
="601601"	中国太保	-1.78	23.69	-0.43	23.68	23.69	982984	153	0.16	          1.56	24.50	25.19	23.63	24.12	    17.97	2399048192	  0.97	保险	上海	6.47	24.41	513139	469845	  1.09	20	50	--  	     628670.00	
="601628"	中国人寿	-3.58	21.79	-0.81	21.78	21.80	914471	8	-0.09	          0.44	22.75	23.30	21.56	22.60	    16.76	2042077184	  0.78	保险	北京	7.70	22.33	531478	382993	  1.39	350	81	--  	    2082353.00	
="601669"	中国电建	-0.95	4.18	-0.04	4.17	4.18	2180565	139	0.00	          6.61	4.22	4.33	4.17	4.22	     9.05	922103616	  0.97	建筑施工	北京	3.79	4.23	1104411	1076154	  1.03	16379	213	--  	     330000.00	
="601928"	凤凰传媒	0.00	10.61	0.00	--  	--  	0	0	0.00	          0.00	--  	--  	--  	10.61	    27.58	0	  0.00	出版业	江苏	0.00	10.61	0	0	--  	0	0	--  	      65788.35	
="601988"	中国银行	1.50	3.38	0.05	3.37	3.38	10099074	2035	0.00	          0.52	3.33	3.60	3.21	3.33	     6.18	3418950912	  2.08	银行	北京	11.71	3.39	4436843	5662230	  0.78	11116	2512	--  	   19591296.00	
="601998"	中信银行	2.95	6.29	0.18	6.29	6.30	4139958	683	0.15	          1.30	6.50	6.63	6.15	6.11	     6.84	2629477376	  1.77	银行	北京	7.86	6.35	2074168	2065789	  1.00	195	7025	--  	    3190516.50	
="000001"	平安银行	-2.01	12.19	-0.25	12.19	12.20	4465214	15468	0.16	          4.54	12.60	13.04	12.15	12.44	     6.66	5600612352	  1.73	银行	深圳	7.15	12.54	2263290	2201923	  1.03	2449	2238	--  	     983671.19	
="000016"	深康佳Ａ	0.00	6.18	0.00	6.17	6.18	153146	647	0.16	          2.55	6.18	6.31	6.13	6.18	   117.29	94963240	  0.75	家用电器	深圳	2.91	6.20	94854	58292	  1.63	390	1865	--  	      59991.50	
="000024"	招商地产	-1.59	16.71	-0.27	16.70	16.71	1086327	3764	-0.53	         10.58	17.35	17.68	16.48	16.98	    14.41	1848287488	  0.96	全国地产	深圳	7.07	17.01	557959	528368	  1.06	546	4220	--  	     102629.85	
="000088"	盐 田 港	-1.18	8.36	-0.10	8.36	8.37	315428	2438	-0.23	          1.62	8.41	8.55	8.30	8.46	    35.29	265038368	  0.61	港口	深圳	2.96	8.40	175040	140388	  1.25	1837	2194	--  	     194212.78	
="000089"	深圳机场	3.53	5.86	0.20	5.86	5.87	390159	2608	0.00	          2.31	5.75	5.99	5.59	5.66	    38.75	227705760	  1.82	机场	深圳	7.07	5.84	180226	209932	  0.86	855	792	--  	     169169.27	
="000498"	山东路桥	--  	4.64	--  	--  	--  	0	0	--  	          0.00	--  	--  	--  	4.64	    27.67	0	  0.00	建筑施工	山东	0.00	4.64	0	0	--  	0	0	--  	      35417.01	
="000514"	渝 开 发	--  	7.08	--  	--  	--  	0	0	--  	          0.00	--  	--  	--  	7.08	    36.98	0	  0.00	区域地产	重庆	0.00	7.08	0	0	--  	0	0	--  	      84377.09	
="000516"	开元投资	--  	9.85	--  	--  	--  	0	0	--  	          0.00	--  	--  	--  	9.85	    26.71	0	  0.00	百货	陕西	0.00	9.85	0	0	--  	0	0	--  	      70442.67	
="000525"	红 太 阳	9.99	17.51	1.59	17.51	--  	28059	30	0.00	          0.55	17.51	17.51	17.51	15.92	    16.74	49130732	  0.34	农药化肥	江苏	0.00	17.51	23633	4425	  5.34	56549	0	--  	      50698.30	
="000528"	柳    工	3.14	8.55	0.26	8.54	8.55	455669	4798	0.11	          4.05	8.31	8.61	8.20	8.29	    40.21	385514272	  1.08	工程机械	广西	4.95	8.46	220535	235134	  0.94	1255	3959	--  	     112508.84	
="000533"	万 家 乐	--  	5.97	--  	--  	--  	0	0	--  	          0.00	--  	--  	--  	5.97	    35.25	0	  0.00	家用电器	广东	0.00	5.97	0	0	--  	0	0	--  	      68487.71	
="000539"	粤电力Ａ	-0.82	6.05	-0.05	6.04	6.05	353990	1682	0.33	          1.66	6.11	6.20	6.00	6.10	     7.87	216068080	  1.22	火力发电	广东	3.28	6.10	178378	175612	  1.02	2101	2435	--  	     212769.03	
="000563"	陕国投Ａ	-3.85	10.74	-0.43	10.74	10.75	643451	4286	-0.18	          8.55	11.05	11.15	10.51	11.17	    40.07	697707776	  0.77	多元金融	陕西	5.73	10.84	371407	272044	  1.37	436	1385	--  	      75266.72	
="000564"	西安民生	-2.44	5.99	-0.15	5.99	6.00	140467	824	-0.16	          4.19	6.12	6.16	5.96	6.14	    39.14	84679976	  0.67	百货	陕西	3.26	6.03	84133	56334	  1.49	348	608	--  	      33562.01	
="000601"	韶能股份	-5.69	6.30	-0.38	6.30	6.31	423027	3384	0.15	          4.26	6.63	6.65	6.16	6.68	    19.22	269260480	  1.80	火力发电	广东	7.34	6.37	266594	156432	  1.70	737	457	--  	      99398.67	
="000605"	渤海股份	-0.27	18.46	-0.05	18.46	18.47	12839	37	0.16	          1.45	18.40	18.69	18.33	18.51	    91.79	23690816	  0.78	水务	北京	1.94	18.45	7121	5718	  1.25	12	5	--  	       8842.98	
="000625"	长安汽车	2.24	15.03	0.33	15.02	15.03	630365	2316	-0.19	          1.86	14.60	15.35	14.56	14.70	     9.64	946235648	  1.65	汽车整车	重庆	5.37	15.01	325218	305147	  1.07	235	280	--  	     338752.00	
="000627"	天茂集团	--  	4.10	--  	--  	--  	0	0	--  	          0.00	--  	--  	--  	4.10	    28.37	0	  0.00	化工原料	湖北	0.00	4.10	0	0	--  	0	0	--  	     135358.98	
="000632"	三木集团	-2.06	6.66	-0.14	6.66	6.67	131737	1615	0.00	          2.83	6.74	6.83	6.65	6.80	   409.94	88418632	  0.83	综合类	福建	2.65	6.71	81674	50063	  1.63	138	265	--  	      46505.91	
="000710"	天兴仪表	--  	13.60	--  	--  	--  	0	0	--  	          0.00	--  	--  	--  	13.60	--  	0	  0.00	汽车配件	四川	0.00	13.60	0	0	--  	0	0	--  	      15120.00	
="000750"	国海证券	-1.95	14.59	-0.29	14.58	14.59	2345396	10486	0.00	         11.62	14.65	15.18	14.27	14.88	    54.32	3452735232	  1.33	证券	广西	6.12	14.72	1163128	1182267	  0.98	2125	4084	--  	     201821.09	
="000795"	太原刚玉	--  	10.92	--  	--  	--  	0	0	--  	          0.00	--  	--  	--  	10.92	--  	0	  0.00	矿物制品	山西	0.00	10.92	0	0	--  	0	0	--  	      27679.44	
="000796"	易食股份	--  	7.23	--  	--  	--  	0	0	--  	          0.00	--  	--  	--  	7.23	    95.94	0	  0.00	食品	陕西	0.00	7.23	0	0	--  	0	0	--  	      24652.30	
="000877"	天山股份	0.37	8.14	0.03	8.14	8.15	317634	1806	0.00	          3.61	8.10	8.21	8.03	8.11	    17.49	258074976	  0.86	水泥	新疆	2.22	8.12	162247	155387	  1.04	284	731	--  	      88001.99	
="000898"	鞍钢股份	7.11	4.67	0.31	4.67	4.68	1833577	8902	0.00	          2.98	4.36	4.80	4.36	4.36	    27.45	840253312	  2.60	普钢	辽宁	10.09	4.58	807502	1026075	  0.79	4335	4350	--  	     614893.63	
="000900"	现代投资	0.30	6.77	0.02	6.77	6.78	250861	1088	0.14	          2.48	6.74	6.95	6.71	6.75	    17.61	171722528	  0.97	路桥	湖南	3.56	6.85	138468	112393	  1.23	146	796	--  	     101128.75	
="000916"	华北高速	0.72	5.57	0.04	5.56	5.57	100016	1132	0.36	          0.92	5.48	5.68	5.48	5.53	    20.73	55666364	  0.70	路桥	北京	3.62	5.57	53619	46397	  1.16	230	660	--  	     108997.39	
="000920"	南方汇通	--  	13.23	--  	--  	--  	0	0	--  	          0.00	--  	--  	--  	13.23	    31.50	0	  0.00	运输设备	贵州	0.00	13.23	0	0	--  	0	0	--  	      42200.00	
="000926"	福星股份	-1.62	9.11	-0.15	9.11	9.12	392656	3135	-0.32	          7.43	9.34	9.40	9.10	9.26	     8.39	362911872	  1.00	区域地产	湖北	3.24	9.24	233573	159083	  1.47	3196	327	--  	      52853.94	
="000966"	长源电力	-1.18	10.05	-0.12	10.04	10.05	114887	415	0.09	          2.07	10.18	10.38	10.02	10.17	     6.72	116606224	  0.82	火力发电	湖北	3.54	10.15	71125	43762	  1.63	345	217	--  	      55414.19	
="000993"	闽东电力	-4.26	9.90	-0.44	9.90	9.91	50949	1151	-0.40	          1.37	10.30	10.30	9.89	10.34	    31.41	50891780	  0.80	水力发电	福建	3.97	9.99	34434	16514	  2.09	136	720	--  	      37300.00	
="002006"	*ST精功	--  	8.75	--  	--  	--  	0	0	--  	          0.00	--  	--  	--  	8.75	--  	0	  0.00	工程机械	浙江	0.00	8.75	0	0	--  	0	0	--  	      43677.89	
="002007"	华兰生物	-1.13	36.88	-0.42	36.88	36.89	114314	453	-0.05	          1.98	37.30	37.95	36.20	37.30	    38.04	424429600	  0.76	生物制药	河南	4.69	37.13	66375	47939	  1.38	268	20	--  	      57686.69	
="002009"	天奇股份	--  	16.30	--  	--  	--  	0	0	--  	          0.00	--  	--  	--  	16.30	    47.89	0	  0.00	工程机械	江苏	0.00	16.30	0	0	--  	0	0	--  	      25991.22	
="002011"	盾安环境	0.10	10.46	0.01	10.45	10.46	256804	1550	0.28	          3.06	10.39	10.62	10.35	10.45	    57.83	269572416	  0.49	工程机械	浙江	2.58	10.50	137328	119476	  1.15	1955	337	--  	      83800.65	
="002013"	中航机电	-4.72	20.98	-1.04	20.97	20.98	199573	2125	0.00	          6.81	21.92	22.19	20.88	22.02	    48.38	426031168	  1.02	汽车配件	湖北	5.95	21.35	121966	77607	  1.57	190	708	--  	      29285.81	
="002044"	江苏三友	--  	10.04	--  	--  	--  	0	0	--  	          0.00	--  	--  	--  	10.04	    43.13	0	  0.00	服饰	江苏	0.00	10.04	0	0	--  	0	0	--  	      22410.00	
="002063"	远光软件	-2.69	22.08	-0.61	22.07	22.08	135923	212	-0.09	          3.47	22.40	22.68	21.78	22.69	    53.71	300598336	  0.87	软件服务	广东	3.97	22.12	78856	57066	  1.38	229	23	--  	      39144.10	
="002103"	广博股份	--  	10.18	--  	--  	--  	0	0	--  	          0.00	--  	--  	--  	10.18	   172.72	0	  0.00	文教休闲	浙江	0.00	10.18	0	0	--  	0	0	--  	      17095.44	
="002142"	宁波银行	-2.94	13.21	-0.40	13.21	13.22	1362277	6220	-0.07	          4.74	13.55	14.33	13.18	13.61	     7.02	1862379136	  1.49	银行	浙江	8.45	13.67	684012	678265	  1.01	930	2804	--  	     287241.59	
="002160"	*ST常铝	-3.38	6.28	-0.22	6.27	6.28	122183	1068	-0.15	          3.76	6.45	6.51	6.27	6.50	   106.63	78084920	  1.27	铝	江苏	3.69	6.39	81102	41080	  1.97	173	2494	--  	      32469.63	
="002162"	斯米克	-1.52	9.09	-0.14	9.08	9.09	83048	481	0.00	          1.99	9.24	9.26	8.97	9.23	   391.94	75327280	  0.48	陶瓷	上海	3.14	9.07	53075	29973	  1.77	19	391	--  	      41800.00	
="002168"	深圳惠程	--  	10.13	--  	--  	--  	0	0	--  	          0.00	--  	--  	--  	10.13	--  	0	  0.00	电气设备	深圳	0.00	10.13	0	0	--  	0	0	--  	      56803.58	
="002220"	天宝股份	-1.75	8.98	-0.16	8.97	8.98	74730	362	0.11	          1.92	9.08	9.10	8.85	9.14	    24.24	66960636	  0.61	食品	辽宁	2.74	8.96	44136	30593	  1.44	224	117	--  	      38948.12	
="002302"	西部建设	-1.76	15.11	-0.27	15.11	15.12	67399	817	0.00	          2.49	15.33	15.33	15.00	15.38	    34.30	101959664	  0.43	水泥	新疆	2.15	15.13	40991	26407	  1.55	369	242	--  	      27091.33	
="002315"	焦点科技	--  	65.35	--  	--  	--  	0	0	--  	          0.00	--  	--  	--  	65.35	    61.40	0	  0.00	互联网	江苏	0.00	65.35	0	0	--  	0	0	--  	       6021.45	
="002323"	中联电气	--  	21.95	--  	--  	--  	0	0	--  	          0.00	--  	--  	--  	21.95	   130.92	0	  0.00	电气设备	江苏	0.00	21.95	0	0	--  	0	0	--  	       8350.16	
="002324"	普利特	--  	19.90	--  	--  	--  	0	0	--  	          0.00	--  	--  	--  	19.90	    26.33	0	  0.00	塑料	上海	0.00	19.90	0	0	--  	0	0	--  	      15582.66	
="002333"	罗普斯金	--  	14.36	--  	--  	--  	0	0	--  	          0.00	--  	--  	--  	14.36	    59.02	0	  0.00	铝	江苏	0.00	14.36	0	0	--  	0	0	--  	      24248.49	
="002426"	胜利精密	--  	11.26	--  	--  	--  	0	0	--  	          0.00	--  	--  	--  	11.26	    68.41	0	  0.00	元器件	江苏	0.00	11.26	0	0	--  	0	0	--  	      35306.58	
="002461"	珠江啤酒	-1.57	16.28	-0.26	16.27	16.28	63769	287	0.00	          0.94	16.68	16.68	16.03	16.54	   138.40	103123472	  1.27	啤酒	广东	3.93	16.17	38691	25078	  1.54	25	243	--  	      68016.17	
="002470"	金正大	-2.84	28.03	-0.82	28.03	28.04	71208	484	0.10	          1.20	28.85	28.85	27.57	28.85	    20.16	199165120	  1.20	农药化肥	山东	4.44	27.97	41998	29209	  1.44	46	19	--  	      59254.00	
="002509"	天广消防	--  	12.27	--  	--  	--  	0	0	--  	          0.00	--  	--  	--  	12.27	    51.77	0	  0.00	专用机械	福建	0.00	12.27	0	0	--  	0	0	--  	      23109.89	
="002529"	海源机械	--  	15.03	--  	--  	--  	0	0	--  	          0.00	--  	--  	--  	15.03	--  	0	  0.00	专用机械	福建	0.00	15.03	0	0	--  	0	0	--  	      15608.25	
="002534"	杭锅股份	--  	19.00	--  	--  	--  	0	0	--  	          0.00	--  	--  	--  	19.00	    58.39	0	  0.00	专用机械	浙江	0.00	19.00	0	0	--  	0	0	--  	      39168.26	
="002557"	洽洽食品	-0.05	21.42	-0.01	21.41	21.42	52378	613	-0.09	          1.55	21.29	21.46	21.08	21.43	    26.29	111274584	  0.37	食品	安徽	1.77	21.24	26293	26085	  1.01	71	61	--  	      33800.00	
="002558"	世纪游轮	--  	31.65	--  	--  	--  	0	0	--  	          0.00	--  	--  	--  	31.65	   271.60	0	  0.00	旅游服务	重庆	0.00	31.65	0	0	--  	0	0	--  	       3244.39	
="002563"	森马服饰	-2.01	37.09	-0.76	37.09	37.10	9609	176	-0.02	          1.37	37.60	37.70	36.91	37.85	    27.76	35690840	  0.91	服饰	浙江	2.09	37.14	5853	3756	  1.56	1	3	--  	       7000.00	
="002567"	唐人神	0.10	10.11	0.01	10.10	10.11	107614	1204	0.29	          2.56	10.14	10.14	9.69	10.10	    55.46	106605432	  1.01	饲料	湖南	4.46	9.91	68458	39156	  1.75	91	227	--  	      41979.60	
="002588"	史丹利	-0.90	34.30	-0.31	34.30	34.33	20759	1139	1.17	          1.26	34.20	34.68	33.18	34.61	    17.78	70544064	  0.93	农药化肥	山东	4.33	33.98	10492	10266	  1.02	191	5	--  	      16462.27	
="002608"	舜天船舶	--  	12.79	--  	--  	--  	0	0	--  	          0.00	--  	--  	--  	12.79	    86.27	0	  0.00	船舶	江苏	0.00	12.79	0	0	--  	0	0	--  	      32855.16	
="002700"	新疆浩源	--  	25.29	--  	--  	--  	0	0	--  	          0.00	--  	--  	--  	25.29	    56.88	0	  0.00	供气供热	新疆	0.00	25.29	0	0	--  	0	0	--  	       9564.16	
="300013"	新宁物流	--  	9.26	--  	--  	--  	0	0	--  	          0.00	--  	--  	--  	9.26	   131.57	0	  0.00	仓储物流	江苏	0.00	9.26	0	0	--  	0	0	--  	      18000.00	
="300072"	三聚环保	--  	27.13	--  	--  	--  	0	0	--  	          0.00	--  	--  	--  	27.13	    36.92	0	  0.00	化工原料	北京	0.00	27.13	0	0	--  	0	0	--  	      45855.16	
="300083"	劲胜精密	-2.79	25.07	-0.72	25.06	25.07	49351	268	0.07	          5.62	25.77	25.77	24.80	25.79	   122.06	123716480	  0.96	元器件	广东	3.76	25.07	34324	15026	  2.28	262	69	--  	       8787.37	
="300094"	国联水产	-4.69	9.96	-0.49	9.96	9.97	89883	650	0.60	          2.56	10.50	10.53	9.79	10.45	    88.62	90821496	  1.46	渔业	广东	7.08	10.10	62697	27186	  2.31	160	80	--  	      35072.21	
="300145"	南方泵业	-0.23	26.24	-0.06	26.20	26.24	22480	86	-0.11	          1.29	26.20	26.49	24.78	26.30	    37.85	57475424	  0.98	专用机械	浙江	6.50	25.57	14785	7694	  1.92	5	28	--  	      17417.00	
="300189"	神农大丰	0.79	7.65	0.06	7.64	7.65	175358	1547	-0.13	          5.23	7.55	7.72	7.55	7.59	--  	133710384	  0.58	种植业	海南	2.24	7.62	81998	93360	  0.88	490	658	--  	      33498.87	
="300196"	长海股份	-1.35	19.78	-0.27	19.75	19.78	18605	21	0.20	          1.70	20.09	20.17	19.22	20.05	    26.69	36692536	  1.19	玻璃	江苏	4.74	19.72	9444	9160	  1.03	146	96	--  	      10918.94	
="300223"	北京君正	-1.61	41.03	-0.67	41.03	41.04	26490	247	0.07	          4.64	41.00	41.28	39.60	41.70	--  	106848176	  0.73	半导体	北京	4.03	40.34	13793	12696	  1.09	25	29	--  	       5711.58	
="300289"	利德曼	3.27	35.64	1.13	35.64	35.65	28746	361	-0.02	          5.16	34.51	36.00	34.31	34.51	    63.87	101375400	  1.36	生物制药	北京	4.90	35.27	11958	16788	  0.71	12	79	--  	       5572.68	
="300313"	天山生物	--  	23.69	--  	--  	--  	0	0	--  	          0.00	--  	--  	--  	23.69	   258.62	0	  0.00	农业综合	新疆	0.00	23.69	0	0	--  	0	0	--  	       4177.81	
="300332"	天壕节能	--  	14.06	--  	--  	--  	0	0	--  	          0.00	--  	--  	--  	14.06	    40.57	0	  0.00	环境保护	北京	0.00	14.06	0	0	--  	0	0	--  	      22666.75	
="300345"	红宇新材	-2.83	22.28	-0.65	22.28	22.38	26877	30	-0.49	          4.35	22.82	23.00	21.79	22.93	   909.34	59761140	  0.78	钢加工	湖南	5.28	22.23	17157	9720	  1.77	14	9	--  	       6180.70	
数据来源:通达信
