代码	名称	涨幅%%	现价	涨跌	买价	卖价	总量	现量	涨速%%	换手%%	今开	最高	最低	昨收	市盈(动)	总金额	量比	细分行业	地区	振幅%%	均价	内盘	外盘	内外比	买量	卖量	未匹配量	流通股本(万)	
="600875"	东方电气	10.01	19.79	1.80	19.79	--  	640752	14	0.00	          3.85	18.09	19.79	18.01	17.99	    27.30	1216823808	  2.01	电气设备	四川	9.89	18.99	302601	338150	  0.89	146830	0	--  	     166386.00	
="000831"	五矿稀土	9.99	27.64	2.51	27.64	--  	854538	799	0.00	         11.48	25.19	27.64	25.15	25.13	--  	2329331712	  4.05	小金属	山西	9.91	27.26	480475	374062	  1.28	3702	0	--  	      74449.32	
="600259"	广晟有色	7.28	52.59	3.57	52.59	52.60	202915	48	0.76	          8.14	48.96	53.92	48.48	49.02	  1151.63	1056608192	  2.51	小金属	海南	11.10	52.07	91800	111114	  0.83	1	2	--  	      24940.00	
="300072"	三聚环保	4.69	25.88	1.16	25.87	25.88	141803	1133	0.00	          3.09	24.60	27.00	24.45	24.72	    35.22	372342304	  1.47	化工原料	北京	10.32	26.26	70414	71389	  0.99	31	1539	--  	      45855.16	
="601117"	中国化学	4.67	9.19	0.41	9.19	9.20	2386649	3062	0.65	          4.84	8.70	9.21	8.51	8.78	    13.22	2132742528	  1.32	建筑施工	北京	7.97	8.94	1104629	1282020	  0.86	38	19	--  	     493300.00	
="601369"	陕鼓动力	4.53	9.00	0.39	9.00	9.01	336893	19	0.11	          2.06	8.63	9.19	8.63	8.61	    37.58	300927712	  1.23	机械基件	陕西	6.50	8.93	138803	198089	  0.70	116	256	--  	     163877.02	
="000338"	潍柴动力	4.48	26.58	1.14	26.58	26.59	458510	6805	0.11	          4.38	25.50	26.68	25.50	25.44	     8.97	1206798336	  1.37	汽车配件	山东	4.64	26.32	202746	255764	  0.79	1285	1835	--  	     104608.49	
="600277"	亿利能源	4.27	9.76	0.40	9.74	9.76	665831	36	0.20	          3.19	9.34	9.89	9.26	9.36	    40.30	641927872	  0.83	化工原料	内蒙	6.73	9.64	282508	383323	  0.74	422	2057	--  	     208958.95	
="300189"	神农大丰	4.01	7.79	0.30	7.78	7.79	326664	5299	0.38	          9.71	7.47	7.84	7.41	7.49	--  	250441952	  1.51	种植业	海南	5.74	7.67	156955	169708	  0.92	4281	318	--  	      33626.87	
="002385"	大北农	3.99	15.37	0.59	15.36	15.37	294520	3684	0.00	          3.13	14.96	15.50	14.80	14.78	    43.09	446155840	  1.69	饲料	北京	4.74	15.15	124688	169832	  0.73	1128	3011	--  	      94184.88	
="600280"	中央商场	3.86	13.99	0.52	13.94	13.96	133719	5	0.28	          2.33	13.41	14.02	13.18	13.47	    12.18	182407584	  1.19	百货	江苏	6.24	13.64	55094	78625	  0.70	7	91	--  	      57416.73	
="600352"	浙江龙盛	3.70	17.96	0.64	17.94	17.96	668586	750	0.44	          4.38	17.34	18.20	17.32	17.32	    10.20	1197478912	  0.97	染料涂料	浙江	5.08	17.91	278710	389875	  0.71	7	6	--  	     152786.59	
="601600"	中国铝业	3.54	5.27	0.18	5.27	5.28	2347444	75	-0.37	          2.45	5.09	5.42	5.06	5.09	--  	1237114496	  1.48	铝	北京	7.07	5.27	1053964	1293480	  0.81	319	7206	--  	     958052.19	
="000758"	中色股份	2.73	13.93	0.37	13.93	13.94	508437	2715	0.00	          5.64	13.55	14.45	13.46	13.56	   146.10	715640896	  1.52	铅锌	北京	7.30	14.08	226799	281638	  0.81	31	577	--  	      90156.15	
="600050"	中国联通	2.64	4.66	0.12	4.66	4.67	4784062	998	-0.21	          2.26	4.57	4.68	4.53	4.54	    21.17	2206782976	  1.30	电信运营	上海	3.30	4.61	2377876	2406185	  0.99	7820	22711	--  	    2119659.75	
="601888"	中国国旅	2.62	42.77	1.09	42.75	42.78	69590	105	-0.25	          0.71	41.77	43.38	41.77	41.68	    26.26	298124480	  1.25	旅游服务	北京	3.86	42.84	33671	35919	  0.94	457	2	--  	      97623.77	
="601098"	中南传媒	2.42	17.76	0.42	17.73	17.78	181986	3	1.13	          1.01	17.44	17.91	17.33	17.34	    25.63	321817408	  0.68	出版业	湖南	3.34	17.68	74729	107257	  0.70	11	14	--  	     179600.00	
="600362"	江西铜业	2.13	17.75	0.37	17.74	17.75	707443	61	0.05	          3.41	17.40	18.18	17.31	17.38	    19.83	1266476544	  1.65	铜	江西	5.01	17.90	304298	403144	  0.75	486	4	--  	     207524.73	
="600740"	山西焦化	2.06	6.92	0.14	6.92	6.93	254546	21	-0.14	          3.88	6.85	7.06	6.76	6.78	   192.65	176235120	  1.51	焦炭加工	山西	4.42	6.92	100770	153776	  0.66	118	1966	--  	      65683.27	
="600497"	驰宏锌锗	2.03	12.04	0.24	12.05	12.06	365893	52	0.00	          2.19	11.82	12.35	11.82	11.80	    98.48	444240704	  1.26	铅锌	云南	4.49	12.14	159450	206443	  0.77	390	8	--  	     166756.09	
="600690"	青岛海尔	2.00	18.83	0.37	18.82	18.83	478072	58	-0.10	          1.75	18.60	19.15	18.45	18.46	    10.20	903362624	  1.00	家用电器	山东	3.79	18.90	215447	262625	  0.82	113	31	--  	     273684.13	
="601991"	大唐发电	2.00	5.61	0.11	5.61	5.62	646073	178	0.00	          0.65	5.50	5.70	5.44	5.50	    15.28	361673280	  0.96	火力发电	北京	4.73	5.60	284479	361594	  0.79	98	55	--  	     999436.00	
="000538"	云南白药	1.84	59.88	1.08	59.87	59.88	129729	1078	0.15	          1.25	58.80	60.30	58.40	58.80	    24.05	773891776	  1.00	中成药	云南	3.23	59.65	58312	71416	  0.82	84	618	--  	     104136.53	
="600830"	香溢融通	1.81	11.81	0.21	11.80	11.81	315215	1	0.16	          6.94	11.49	12.13	11.32	11.60	    59.49	370346144	  1.15	多元金融	浙江	6.98	11.75	163225	151989	  1.07	46	733	--  	      45432.26	
="601088"	中国神华	1.81	18.00	0.32	17.99	18.00	875672	234	0.00	          0.53	17.80	18.09	17.69	17.68	     9.06	1567631104	  1.19	煤炭开采	北京	2.26	17.90	398491	477180	  0.84	259	401	--  	    1649103.75	
="000978"	桂林旅游	1.57	10.33	0.16	10.32	10.33	100828	1431	-0.09	          2.80	10.02	10.67	9.99	10.17	--  	104995608	  0.69	旅游景点	广西	6.69	10.41	45604	55224	  0.83	543	602	--  	      36010.00	
="002155"	辰州矿业	1.49	10.24	0.15	10.24	10.25	317262	2686	0.00	          3.19	10.03	10.46	10.02	10.09	    74.26	325341952	  1.11	黄金	湖南	4.36	10.25	142805	174457	  0.82	744	863	--  	      99608.52	
="600018"	上港集团	1.42	6.44	0.09	6.44	6.45	1575254	2437	-0.15	          0.69	6.28	6.52	6.22	6.35	    23.49	1008130048	  1.18	港口	上海	4.72	6.40	696109	879145	  0.79	3234	5797	--  	    2275518.00	
="300070"	碧水源	1.36	37.15	0.50	37.15	37.16	197044	809	0.05	          3.05	36.41	38.99	36.40	36.65	   178.55	746958848	  0.85	环境保护	北京	7.07	37.91	97886	99157	  0.99	297	88	--  	      64693.33	
="601898"	中煤能源	1.33	6.10	0.08	6.10	6.11	687594	362	0.00	          0.75	6.04	6.25	6.00	6.02	    92.02	422438528	  1.03	煤炭开采	北京	4.15	6.14	335238	352355	  0.95	338	1868	--  	     915200.06	
="002378"	章源钨业	1.32	24.65	0.32	24.62	24.65	54360	1294	-0.16	          1.27	24.18	25.53	24.18	24.33	   142.06	135710688	  1.13	小金属	江西	5.55	24.97	27434	26926	  1.02	29	125	--  	      42821.35	
="600489"	中金黄金	1.28	10.27	0.13	10.26	10.27	694375	105	0.00	          2.36	10.10	10.39	10.04	10.14	    57.67	712597824	  0.94	黄金	北京	3.45	10.26	296993	397381	  0.75	798	103	--  	     294322.88	
="600016"	民生银行	1.27	9.59	0.12	9.58	9.59	16313556	7636	-0.20	          6.02	9.89	9.99	9.50	9.47	     6.66	15851773952	  1.60	银行	北京	5.17	9.72	8053120	8260436	  0.97	6663	151831	--  	    2710607.50	
="600873"	梅花生物	1.07	6.62	0.07	6.62	6.63	550168	81	0.15	          1.77	6.51	6.81	6.44	6.55	    56.89	366018976	  0.80	食品	西藏	5.65	6.65	233652	316516	  0.74	110	1201	--  	     310822.66	
="000778"	新兴铸管	1.06	5.74	0.06	5.74	5.75	1067693	16964	0.00	          2.93	5.65	5.80	5.63	5.68	    23.39	612635584	  0.72	钢加工	河北	2.99	5.74	449493	618200	  0.73	1734	7787	--  	     364209.41	
="600123"	兰花科创	1.02	9.90	0.10	9.90	9.91	274767	21	0.20	          2.41	9.78	10.11	9.75	9.80	   482.68	272751264	  0.69	煤炭开采	山西	3.67	9.93	140987	133780	  1.05	389	873	--  	     114240.00	
="600058"	五矿发展	1.00	15.22	0.15	15.21	15.22	299174	11	-0.32	          2.79	15.04	15.79	14.87	15.07	    69.25	461167008	  1.44	商贸代理	北京	6.10	15.41	141152	158022	  0.89	54	44	--  	     107191.07	
="300262"	巴安水务	0.99	18.38	0.18	18.37	18.38	81078	895	-0.21	          5.16	18.22	19.10	18.18	18.20	    58.62	151677200	  0.70	环境保护	上海	5.05	18.71	42108	38970	  1.08	31	790	--  	      15727.58	
="600978"	宜华木业	0.97	6.26	0.06	6.25	6.26	388133	10	0.00	          2.62	6.20	6.42	6.18	6.20	    15.49	244527952	  0.71	家居用品	广东	3.87	6.30	197406	190727	  1.04	926	253	--  	     148287.00	
="000725"	京东方Ａ	0.95	3.19	0.03	3.18	3.19	3047579	32670	0.31	          2.65	3.14	3.19	3.13	3.16	    45.52	964306304	  0.67	元器件	北京	1.90	3.16	1323049	1724529	  0.77	54029	28224	--  	    1150574.38	
="600089"	特变电工	0.92	12.04	0.11	12.03	12.04	1238858	44	0.24	          3.91	11.85	12.27	11.76	11.93	    21.21	1488155904	  0.88	电气设备	新疆	4.27	12.01	578888	659969	  0.88	126	125	--  	     316591.31	
="000157"	中联重科	0.81	6.22	0.05	6.21	6.22	2633030	13642	0.00	          4.21	6.13	6.36	6.10	6.17	    35.94	1648267648	  0.98	工程机械	湖南	4.21	6.26	1199657	1433373	  0.84	15886	19965	--  	     626117.19	
="600809"	山西汾酒	0.80	21.51	0.17	21.53	21.54	65018	4	0.56	          0.75	21.34	21.84	21.34	21.34	    35.04	140318704	  0.49	白酒	山西	2.34	21.58	30399	34619	  0.88	30	11	--  	      86584.82	
="300172"	中电环保	0.73	23.38	0.17	23.38	23.39	73386	323	-0.17	          7.18	23.00	24.52	22.91	23.21	    65.12	174964944	  0.66	环境保护	江苏	6.94	23.84	36423	36963	  0.99	32	103	--  	      10224.55	
="300088"	长信科技	0.72	18.08	0.13	18.08	18.09	96505	462	0.11	          1.97	17.96	18.60	17.95	17.95	    41.48	176150272	  0.71	元器件	安徽	3.62	18.25	45394	51110	  0.89	492	10	--  	      48943.12	
="600377"	宁沪高速	0.71	7.08	0.05	7.07	7.09	125424	13	-0.14	          0.33	7.05	7.17	7.00	7.03	    12.93	88734328	  0.66	路桥	江苏	2.42	7.07	53244	72179	  0.74	163	39	--  	     379275.53	
="600085"	同仁堂	0.69	21.78	0.15	21.78	21.79	108746	13	-0.22	          0.83	21.56	22.06	21.55	21.63	    36.96	237027904	  0.74	中成药	北京	2.36	21.80	46746	61999	  0.75	85	49	--  	     131114.31	
="600007"	中国国贸	0.68	14.71	0.10	14.71	14.72	37912	30	0.20	          0.38	14.67	14.88	14.60	14.61	    25.90	55789000	  0.55	园区开发	北京	1.92	14.72	21794	16117	  1.35	105	236	--  	     100728.25	
="600835"	上海机电	0.64	18.99	0.12	18.98	18.99	143691	179	0.05	          1.78	18.87	19.07	18.68	18.87	    19.64	271177376	  0.80	运输设备	上海	2.07	18.87	75543	68148	  1.11	475	160	--  	      80650.42	
="601933"	永辉超市	0.55	9.20	0.05	9.19	9.20	368599	109	0.00	          1.20	9.14	9.32	9.11	9.15	    34.61	339671680	  0.48	超市连锁	福建	2.30	9.22	181714	186885	  0.97	2076	100	--  	     307160.00	
="600795"	国电电力	0.54	3.73	0.02	3.73	3.74	6500429	1367	-0.26	          4.22	3.70	3.80	3.60	3.71	     9.42	2399666688	  1.15	火力发电	辽宁	5.39	3.69	2761793	3738635	  0.74	8848	47408	--  	    1539514.88	
="600801"	华新水泥	0.53	9.55	0.05	9.55	9.56	159564	69	-0.10	          1.64	9.53	9.70	9.45	9.50	    13.15	152577872	  0.48	水泥	湖北	2.63	9.56	77189	82374	  0.94	103	602	--  	      97167.99	
="300202"	聚龙股份	0.49	32.86	0.16	32.86	32.87	21902	68	0.03	          0.40	32.59	33.10	32.45	32.70	   130.62	71795128	  0.50	专用机械	辽宁	1.99	32.78	8376	13525	  0.62	20	67	--  	      54950.39	
="601233"	桐昆股份	0.48	8.45	0.04	8.44	8.46	84780	85	0.47	          0.88	8.36	8.49	8.34	8.41	   358.01	71318416	  0.51	化纤	浙江	1.78	8.41	40056	44724	  0.90	107	170	--  	      95927.07	
="000525"	红 太 阳	0.43	16.40	0.07	16.39	16.40	41087	436	0.06	          0.81	16.30	16.51	16.29	16.33	    15.68	67329376	  0.63	农药化肥	江苏	1.35	16.39	23691	17396	  1.36	118	506	--  	      50698.30	
="600720"	祁连山	0.41	9.85	0.04	9.85	9.86	284493	20	0.10	          3.67	9.82	9.98	9.78	9.81	     9.03	280839776	  0.53	水泥	甘肃	2.04	9.87	132465	152028	  0.87	268	246	--  	      77616.27	
="600621"	华鑫股份	0.38	7.91	0.03	7.92	7.93	104246	10	-0.12	          1.99	7.85	8.12	7.85	7.88	    32.93	83453000	  0.80	全国地产	上海	3.43	8.01	45443	58802	  0.77	154	147	--  	      52408.23	
="600581"	八一钢铁	0.36	5.52	0.02	5.52	5.53	262137	75	-0.36	          3.42	5.52	5.70	5.39	5.50	--  	146112704	  0.59	普钢	新疆	5.64	5.57	134688	127449	  1.06	97	538	--  	      76644.89	
="000795"	太原刚玉	0.34	11.80	0.04	11.79	11.80	136737	999	0.25	          4.94	11.68	12.48	11.42	11.76	--  	163016192	  0.99	矿物制品	山西	9.01	11.92	72272	64465	  1.12	72	702	--  	      27679.44	
="601388"	怡球资源	0.29	10.28	0.03	10.27	10.28	95525	28	0.19	          4.29	10.20	10.55	10.16	10.25	   149.36	99167160	  0.82	铝	江苏	3.80	10.38	51026	44498	  1.15	335	643	--  	      22254.05	
="601877"	正泰电器	0.28	32.15	0.09	32.15	32.17	23116	40	0.00	          0.23	31.85	32.81	31.55	32.06	    18.50	74175688	  0.63	电气设备	浙江	3.93	32.09	11222	11894	  0.94	592	92	--  	     101144.64	
="000401"	冀东水泥	0.27	11.00	0.03	11.00	11.01	124603	794	0.00	          1.03	10.97	11.20	10.90	10.97	   536.00	137744000	  0.54	水泥	河北	2.73	11.05	55518	69084	  0.80	825	536	--  	     121233.36	
="300144"	宋城演艺	0.27	30.12	0.08	--  	--  	16488	15	-0.16	          0.84	29.85	30.30	29.75	30.04	    39.83	49551028	  0.28	旅游景点	浙江	1.83	30.05	8157	8331	  0.98	0	0	--  	      19553.75	
="000983"	西山煤电	0.26	7.61	0.02	7.61	7.62	490169	4141	0.00	          1.56	7.60	7.83	7.50	7.59	    52.49	376558816	  0.71	煤炭开采	山西	4.35	7.68	246757	243412	  1.01	2304	3134	--  	     315117.00	
="002237"	恒邦股份	0.24	16.83	0.04	16.83	16.87	79862	372	-0.35	          2.00	16.74	17.07	16.60	16.79	    24.47	134818352	  0.76	黄金	山东	2.80	16.88	38706	41155	  0.94	840	140	--  	      40015.00	
="600278"	东方创业	0.22	13.53	0.03	13.54	13.55	129312	155	-0.36	          2.48	13.50	13.83	13.30	13.50	    55.49	176554064	  0.80	商贸代理	上海	3.93	13.65	57610	71701	  0.80	30	12	--  	      52224.17	
="000877"	天山股份	0.22	9.17	0.02	9.17	9.18	354178	2482	0.10	          4.02	9.15	9.28	9.08	9.15	    19.70	325093472	  0.62	水泥	新疆	2.19	9.18	178871	175306	  1.02	2239	567	--  	      88001.99	
="601958"	金钼股份	0.21	9.70	0.02	9.70	9.71	223875	17	-0.20	          0.69	9.63	9.99	9.54	9.68	   134.44	219884976	  0.97	小金属	陕西	4.65	9.82	100961	122913	  0.82	80	172	--  	     322660.44	
="600612"	老凤祥	0.18	33.72	0.06	33.66	33.74	7371	12	0.47	          0.23	33.49	33.81	33.11	33.66	    18.24	24775934	  0.65	服饰	上海	2.08	33.61	4454	2916	  1.53	888	42	--  	      31710.96	
="600642"	申能股份	0.16	6.10	0.01	6.09	6.10	647203	54	0.00	          1.42	6.08	6.16	6.01	6.09	    14.64	393678080	  0.90	火力发电	上海	2.46	6.08	298580	348623	  0.86	12961	979	--  	     455203.84	
="600519"	贵州茅台	0.15	179.34	0.27	179.42	179.49	38568	11	-0.13	          0.34	179.69	182.20	179.00	179.07	    14.36	695500800	  0.67	白酒	贵州	1.79	180.33	16426	22141	  0.74	2	5	--  	     114199.79	
="600067"	冠城大通	0.13	7.86	0.01	7.85	7.86	500866	33	-0.50	          4.20	7.88	8.16	7.77	7.85	    20.64	397454624	  1.29	全国地产	福建	4.97	7.94	241315	259550	  0.93	579	698	--  	     119334.20	
="002461"	珠江啤酒	0.11	18.09	0.02	18.08	18.09	45649	727	0.00	          0.67	18.00	18.16	17.60	18.07	   153.79	81953744	  0.82	啤酒	广东	3.10	17.95	23810	21839	  1.09	200	830	--  	      68016.17	
="600059"	古越龙山	0.11	9.07	0.01	9.06	9.07	143749	411	0.11	          1.78	8.99	9.12	8.99	9.06	    76.34	130033752	  0.47	红黄药酒	浙江	1.43	9.05	75636	68112	  1.11	209	454	--  	      80852.40	
="601857"	中国石油	0.10	9.79	0.01	9.79	9.80	2141844	473	-0.30	          0.13	9.85	10.07	9.66	9.78	    13.99	2111464192	  1.21	石油开采	北京	4.19	9.86	1042012	1099832	  0.95	1960	1823	--  	   16192208.00	
="601699"	潞安环能	0.09	11.28	0.01	11.27	11.28	461488	10	0.08	          2.01	11.29	11.66	11.21	11.27	    30.66	527856416	  0.86	煤炭开采	山西	3.99	11.44	224411	237077	  0.95	409	2065	--  	     230108.41	
="002311"	海大集团	0.08	12.09	0.01	12.08	12.09	80849	945	0.00	          0.76	12.08	12.12	11.91	12.08	    17.98	97061704	  0.46	饲料	广东	1.74	12.01	39454	41394	  0.95	96	440	--  	     106940.92	
="603001"	奥康国际	0.00	19.47	0.00	19.46	19.47	31782	10	0.00	          2.72	19.44	19.68	19.09	19.47	    31.56	61480516	  0.53	服饰	浙江	3.03	19.34	15540	16242	  0.96	10	16	--  	      11694.90	
="601899"	紫金矿业	0.00	3.22	0.00	3.22	3.23	3579519	2761	-0.30	          2.26	3.22	3.27	3.18	3.22	    26.55	1158380032	  1.04	黄金	福建	2.80	3.24	1265963	2313556	  0.55	5917	308	--  	    1580380.38	
="601339"	百隆东方	0.00	11.20	0.00	11.19	11.21	56806	3	0.17	          2.96	11.18	11.37	11.05	11.20	    15.80	63857824	  0.91	纺织	浙江	2.86	11.24	26333	30472	  0.86	202	196	--  	      19200.00	
="600986"	科达股份	0.00	7.05	0.00	--  	--  	0	0	0.00	          0.00	--  	--  	--  	7.05	    36.88	0	  0.00	建筑施工	山东	0.00	7.05	0	0	--  	0	0	--  	      33526.96	
="600981"	汇鸿股份	0.00	4.21	0.00	--  	--  	0	0	0.00	          0.00	--  	--  	--  	4.21	    92.48	0	  0.00	商贸代理	江苏	0.00	4.21	0	0	--  	0	0	--  	      51610.64	
="600876"	洛阳玻璃	0.00	7.24	0.00	--  	--  	0	0	0.00	          0.00	--  	--  	--  	7.24	   374.48	0	  0.00	玻璃	河南	0.00	7.24	0	0	--  	0	0	--  	      25001.82	
="600805"	悦达投资	0.00	12.14	0.00	12.14	12.15	255961	5	0.00	          3.01	12.14	12.32	12.05	12.14	    10.32	311193280	  0.66	综合类	江苏	2.22	12.16	125578	130383	  0.96	273	135	--  	      84920.21	
="600749"	西藏旅游	0.00	12.18	0.00	--  	--  	0	0	0.00	          0.00	--  	--  	--  	12.18	  1161.76	0	  0.00	旅游景点	西藏	0.00	12.18	0	0	--  	0	0	--  	      18913.78	
="600575"	皖江物流	0.00	4.11	0.00	--  	--  	0	0	0.00	          0.00	--  	--  	--  	4.11	--  	0	  0.00	港口	安徽	0.00	4.11	0	0	--  	0	0	--  	     142320.00	
="600365"	通葡股份	0.00	11.38	0.00	--  	--  	0	0	0.00	          0.00	--  	--  	--  	11.38	  5686.21	0	  0.00	红黄药酒	吉林	0.00	11.38	0	0	--  	0	0	--  	      14000.00	
="600318"	巢东股份	0.00	11.20	0.00	--  	--  	0	0	0.00	          0.00	--  	--  	--  	11.20	    17.93	0	  0.00	水泥	安徽	0.00	11.20	0	0	--  	0	0	--  	      24200.00	
="600241"	时代万恒	0.00	8.28	0.00	--  	--  	0	0	0.00	          0.00	--  	--  	--  	8.28	--  	0	  0.00	商贸代理	辽宁	0.00	8.28	0	0	--  	0	0	--  	      18020.00	
="600105"	永鼎股份	0.00	9.86	0.00	--  	--  	0	0	0.00	          0.00	--  	--  	--  	9.86	    22.23	0	  0.00	通信设备	江苏	0.00	9.86	0	0	--  	0	0	--  	      38095.46	
="600103"	青山纸业	0.00	3.66	0.00	--  	--  	0	0	0.00	          0.00	--  	--  	--  	3.66	   601.14	0	  0.00	造纸	福建	0.00	3.66	0	0	--  	0	0	--  	     106184.15	
="600091"	ST明科	0.00	7.02	0.00	--  	--  	0	0	0.00	          0.00	--  	--  	--  	7.02	--  	0	  0.00	化工原料	内蒙	0.00	7.02	0	0	--  	0	0	--  	      33652.60	
="600090"	啤酒花	0.00	8.13	0.00	--  	--  	0	0	0.00	          0.00	--  	--  	--  	8.13	    36.46	0	  0.00	啤酒	新疆	0.00	8.13	0	0	--  	0	0	--  	      36791.66	
="300342"	天银机电	--  	17.85	--  	--  	--  	0	0	--  	          0.00	--  	--  	--  	17.85	    39.14	0	  0.00	元器件	江苏	0.00	17.85	0	0	--  	0	0	--  	       6650.00	
="300332"	天壕节能	--  	14.06	--  	--  	--  	0	0	--  	          0.00	--  	--  	--  	14.06	    40.57	0	  0.00	环境保护	北京	0.00	14.06	0	0	--  	0	0	--  	      22666.75	
="300313"	天山生物	--  	23.69	--  	--  	--  	0	0	--  	          0.00	--  	--  	--  	23.69	   258.62	0	  0.00	农业综合	新疆	0.00	23.69	0	0	--  	0	0	--  	       4177.81	
="002608"	舜天船舶	--  	12.79	--  	--  	--  	0	0	--  	          0.00	--  	--  	--  	12.79	    86.27	0	  0.00	船舶	江苏	0.00	12.79	0	0	--  	0	0	--  	      32855.16	
="002558"	世纪游轮	--  	31.65	--  	--  	--  	0	0	--  	          0.00	--  	--  	--  	31.65	   271.60	0	  0.00	旅游服务	重庆	0.00	31.65	0	0	--  	0	0	--  	       3244.39	
="002529"	海源机械	--  	15.03	--  	--  	--  	0	0	--  	          0.00	--  	--  	--  	15.03	--  	0	  0.00	专用机械	福建	0.00	15.03	0	0	--  	0	0	--  	      15608.25	
="002509"	天广消防	--  	12.27	--  	--  	--  	0	0	--  	          0.00	--  	--  	--  	12.27	    51.77	0	  0.00	专用机械	福建	0.00	12.27	0	0	--  	0	0	--  	      23109.89	
="002426"	胜利精密	--  	11.26	--  	--  	--  	0	0	--  	          0.00	--  	--  	--  	11.26	    68.41	0	  0.00	元器件	江苏	0.00	11.26	0	0	--  	0	0	--  	      35306.58	
="002324"	普利特	--  	19.90	--  	--  	--  	0	0	--  	          0.00	--  	--  	--  	19.90	    26.33	0	  0.00	塑料	上海	0.00	19.90	0	0	--  	0	0	--  	      15582.66	
="002323"	中联电气	--  	21.95	--  	--  	--  	0	0	--  	          0.00	--  	--  	--  	21.95	   130.92	0	  0.00	电气设备	江苏	0.00	21.95	0	0	--  	0	0	--  	       8350.16	
="002168"	深圳惠程	--  	10.13	--  	--  	--  	0	0	--  	          0.00	--  	--  	--  	10.13	--  	0	  0.00	电气设备	深圳	0.00	10.13	0	0	--  	0	0	--  	      56803.58	
="002044"	江苏三友	--  	10.04	--  	--  	--  	0	0	--  	          0.00	--  	--  	--  	10.04	    43.13	0	  0.00	服饰	江苏	0.00	10.04	0	0	--  	0	0	--  	      22410.00	
="002009"	天奇股份	--  	16.30	--  	--  	--  	0	0	--  	          0.00	--  	--  	--  	16.30	    47.89	0	  0.00	工程机械	江苏	0.00	16.30	0	0	--  	0	0	--  	      25991.22	
="002006"	*ST精功	--  	8.75	--  	--  	--  	0	0	--  	          0.00	--  	--  	--  	8.75	--  	0	  0.00	工程机械	浙江	0.00	8.75	0	0	--  	0	0	--  	      43677.89	
="000796"	易食股份	--  	7.23	--  	--  	--  	0	0	--  	          0.00	--  	--  	--  	7.23	    95.94	0	  0.00	食品	陕西	0.00	7.23	0	0	--  	0	0	--  	      24652.30	
="000789"	万年青	0.00	12.77	0.00	12.76	12.77	92479	979	0.15	          2.26	12.75	12.88	12.67	12.77	    10.44	118210688	  0.57	水泥	江西	1.64	12.78	48503	43976	  1.10	625	252	--  	      40888.75	
="000729"	燕京啤酒	0.00	7.97	0.00	7.96	7.97	121304	1156	0.12	          0.49	7.93	8.00	7.89	7.97	    18.33	96411768	  0.49	啤酒	北京	1.38	7.95	59267	62037	  0.96	285	639	--  	     249943.92	
="000710"	天兴仪表	--  	13.60	--  	--  	--  	0	0	--  	          0.00	--  	--  	--  	13.60	--  	0	  0.00	汽车配件	四川	0.00	13.60	0	0	--  	0	0	--  	      15120.00	
="000627"	天茂集团	--  	4.10	--  	--  	--  	0	0	--  	          0.00	--  	--  	--  	4.10	    28.37	0	  0.00	化工原料	湖北	0.00	4.10	0	0	--  	0	0	--  	     135358.98	
="000533"	万 家 乐	--  	5.97	--  	--  	--  	0	0	--  	          0.00	--  	--  	--  	5.97	    35.25	0	  0.00	家用电器	广东	0.00	5.97	0	0	--  	0	0	--  	      68487.71	
="000514"	渝 开 发	--  	7.08	--  	--  	--  	0	0	--  	          0.00	--  	--  	--  	7.08	    36.98	0	  0.00	区域地产	重庆	0.00	7.08	0	0	--  	0	0	--  	      84377.09	
="000498"	山东路桥	--  	4.64	--  	--  	--  	0	0	--  	          0.00	--  	--  	--  	4.64	    27.67	0	  0.00	建筑施工	山东	0.00	4.64	0	0	--  	0	0	--  	      35417.01	
="000532"	力合股份	-0.05	18.54	-0.01	18.53	18.54	68673	725	0.16	          2.00	18.58	18.95	18.25	18.55	   232.32	127791448	  0.46	元器件	广东	3.77	18.61	35293	33380	  1.06	43	46	--  	      34279.58	
="601166"	兴业银行	-0.07	14.27	-0.01	14.26	14.27	5649423	1595	0.14	          3.49	14.39	14.60	13.96	14.28	     5.32	8100940800	  1.24	银行	福建	4.48	14.34	2783854	2865569	  0.97	571	91	--  	    1617961.63	
="600449"	宁夏建材	-0.09	11.66	-0.01	11.65	11.66	107677	54	0.25	          4.29	11.68	11.83	11.55	11.67	    15.03	125832144	  0.53	水泥	宁夏	2.40	11.69	60148	47528	  1.27	43	1	--  	      25076.77	
="600779"	水井坊	-0.10	9.96	-0.01	9.95	9.96	72237	33	0.10	          2.45	9.95	10.09	9.89	9.97	--  	72248240	  0.47	白酒	四川	2.01	10.00	39678	32558	  1.22	54	24	--  	      29532.34	
="002032"	苏 泊 尔	-0.11	18.06	-0.02	18.05	18.06	18848	140	0.44	          0.56	18.08	18.25	17.71	18.08	    16.89	33899884	  0.82	家用电器	浙江	2.99	17.99	8691	10156	  0.86	1	81	--  	      33906.17	
="002302"	西部建设	-0.19	15.49	-0.03	15.49	15.50	58674	375	0.12	          2.17	15.38	15.75	15.30	15.52	    35.16	91327536	  0.56	水泥	新疆	2.90	15.57	34819	23854	  1.46	315	129	--  	      27091.33	
="601238"	广汽集团	-0.23	8.80	-0.02	8.80	8.81	199787	16	-0.11	          3.31	8.74	8.90	8.68	8.82	    18.69	175564672	  0.57	汽车整车	广东	2.49	8.79	105202	94584	  1.11	1183	1851	--  	      60431.64	
="600066"	宇通客车	-0.23	21.60	-0.05	21.61	21.65	167194	13	-0.78	          1.34	21.61	22.25	21.41	21.65	    18.26	366539680	  0.79	汽车整车	河南	3.88	21.92	77989	89205	  0.87	2	2	--  	     124421.64	
="600284"	浦东建设	-0.26	11.40	-0.03	11.40	11.42	246317	61	-0.43	          3.73	11.44	11.65	11.28	11.43	    24.95	282476064	  0.75	建筑施工	上海	3.24	11.47	122453	123863	  0.99	3056	209	--  	      66104.00	
="600005"	武钢股份	-0.29	3.39	-0.01	3.39	3.40	1798833	590	-0.29	          1.78	3.41	3.47	3.38	3.40	    33.31	616839360	  0.72	普钢	湖北	2.65	3.43	896693	902139	  0.99	10220	21922	--  	    1009378.00	
="002415"	海康威视	-0.30	23.08	-0.07	23.07	23.08	210549	816	-0.51	          0.67	23.24	23.37	22.62	23.15	    25.66	484763712	  0.88	电器仪表	浙江	3.24	23.02	105824	104724	  1.01	1	394	--  	     315046.75	
="600143"	金发科技	-0.30	6.55	-0.02	6.54	6.55	497473	30	0.46	          1.94	6.58	6.68	6.50	6.57	    27.54	327780704	  0.71	塑料	广东	2.74	6.59	238580	258893	  0.92	492	18	--  	     256000.00	
="000937"	冀中能源	-0.36	8.34	-0.03	8.34	8.35	326353	2163	0.00	          1.48	8.34	8.55	8.22	8.37	   416.85	274928576	  0.86	煤炭开采	河北	3.94	8.42	154821	171532	  0.90	532	716	--  	     220706.56	
="600763"	通策医疗	-0.41	52.93	-0.22	52.95	52.98	5711	1	-0.01	          0.36	53.10	54.50	52.65	53.15	    70.01	30614324	  0.63	医疗保健	浙江	3.48	53.61	3012	2698	  1.12	49	0	--  	      16032.00	
="601928"	凤凰传媒	-0.41	12.01	-0.05	12.00	12.01	386998	20	0.00	          5.46	12.12	12.28	11.95	12.06	    31.21	468622304	  0.49	出版业	江苏	2.74	12.11	187584	199414	  0.94	719	19	--  	      70878.35	
="600706"	曲江文旅	-0.43	16.20	-0.07	16.20	16.21	25898	25	-0.06	          3.02	16.11	16.46	15.95	16.27	    48.09	41860624	  0.48	旅游服务	陕西	3.13	16.16	14959	10938	  1.37	17	387	--  	       8573.24	
="002033"	丽江旅游	-0.44	15.94	-0.07	15.93	15.94	41772	156	0.12	          2.12	15.97	16.08	15.79	16.01	    20.72	66516752	  0.73	旅游景点	云南	1.81	15.92	18308	23463	  0.78	3	146	--  	      19658.59	
="600648"	外高桥	-0.46	32.78	-0.15	32.72	32.74	113958	80	0.06	          1.41	32.62	33.86	32.50	32.93	    51.18	377624064	  0.88	园区开发	上海	4.13	33.14	50327	63631	  0.79	345	2	--  	      81022.34	
="601101"	昊华能源	-0.46	8.57	-0.04	8.56	8.57	380266	689	-0.34	          3.17	8.58	8.90	8.50	8.61	    52.31	331188608	  0.97	煤炭开采	北京	4.65	8.71	217237	163028	  1.33	201	355	--  	     119999.82	
="600028"	中国石化	-0.50	5.98	-0.03	5.97	5.98	4852574	3854	0.00	          0.53	6.05	6.13	5.94	6.01	    10.24	2921513472	  1.06	石油加工	北京	3.16	6.02	2503416	2349157	  1.07	11258	1335	--  	    9128216.00	
="002075"	沙钢股份	-0.57	5.27	-0.03	5.26	5.27	145899	1395	0.19	          0.93	5.25	5.34	5.20	5.30	   119.05	76792064	  0.51	特钢	江苏	2.64	5.26	79387	66511	  1.19	885	2948	--  	     157626.48	
="600197"	伊力特	-0.58	11.92	-0.07	11.91	11.92	52768	1	0.16	          1.20	11.93	12.17	11.90	11.99	    14.51	63323756	  0.50	白酒	新疆	2.25	12.00	30020	22748	  1.32	65	33	--  	      44100.00	
="600516"	方大炭素	-0.63	11.05	-0.07	11.04	11.05	464387	2	0.00	          2.70	11.09	11.36	11.03	11.12	    42.00	518911808	  0.51	矿物制品	甘肃	2.97	11.17	219321	245065	  0.89	336	103	--  	     171916.03	
="000690"	宝新能源	-0.64	6.19	-0.04	6.18	6.19	413211	5135	0.00	          2.41	6.18	6.26	6.15	6.23	     9.62	256425920	  0.53	火力发电	广东	1.77	6.21	198488	214722	  0.92	5675	2301	--  	     171265.66	
="000655"	金岭矿业	-0.65	9.16	-0.06	9.16	9.17	67537	351	-0.10	          1.13	9.18	9.33	9.13	9.22	    27.95	62393116	  0.57	普钢	山东	2.17	9.24	40700	26836	  1.52	965	82	--  	      59534.01	
="600823"	世茂股份	-0.68	13.15	-0.09	13.16	13.17	194271	152	-0.45	          1.66	13.24	13.59	13.04	13.24	    14.98	257674896	  0.98	全国地产	上海	4.15	13.26	108413	85857	  1.26	233	37	--  	     117059.53	
="600804"	鹏博士	-0.73	18.92	-0.14	18.94	18.95	317479	248	0.00	          2.37	19.02	19.32	18.80	19.06	    46.77	605344320	  0.61	电信运营	四川	2.73	19.07	150524	166955	  0.90	770	454	--  	     134194.16	
="600486"	扬农化工	-0.78	26.69	-0.21	26.67	26.68	26251	5	0.18	          1.02	26.95	27.10	26.58	26.90	    16.30	70094440	  0.60	农药化肥	江苏	1.93	26.70	15373	10877	  1.41	7	40	--  	      25824.91	
="000726"	鲁  泰Ａ	-0.82	10.92	-0.09	10.92	10.93	94745	897	0.09	          1.69	10.95	11.01	10.81	11.01	    11.02	103254248	  0.78	纺织	山东	1.82	10.90	53475	41269	  1.30	17	639	--  	      56110.69	
="000988"	华工科技	-0.88	13.48	-0.12	13.47	13.48	174050	2769	0.67	          1.95	13.46	13.72	13.35	13.60	    61.03	235384144	  0.64	电器仪表	湖北	2.72	13.52	99402	74647	  1.33	47	574	--  	      89111.65	
="600824"	益民集团	-0.89	6.66	-0.06	6.66	6.67	95372	47	0.00	          1.09	6.75	6.76	6.66	6.72	    27.95	63855792	  0.61	百货	上海	1.49	6.70	59875	35497	  1.69	1085	44	--  	      87835.59	
="002160"	*ST常铝	-0.93	6.42	-0.06	6.42	6.43	48850	482	-0.15	          1.50	6.40	6.56	6.40	6.48	   109.01	31586108	  0.62	铝	江苏	2.47	6.47	25613	23236	  1.10	277	286	--  	      32469.63	
="300094"	国联水产	-0.99	10.96	-0.11	10.94	10.96	66272	260	0.27	          1.89	10.84	11.12	10.81	11.07	    97.52	72716744	  0.88	渔业	广东	2.80	10.97	30657	35615	  0.86	5	257	--  	      35072.21	
="600199"	金种子酒	-1.00	10.90	-0.11	10.90	10.91	173585	189	0.09	          3.12	11.01	11.24	10.81	11.01	    80.77	190735200	  0.58	白酒	安徽	3.91	10.99	94709	78876	  1.20	245	98	--  	      55577.50	
="000032"	深桑达Ａ	-1.03	11.58	-0.12	11.58	11.59	30920	215	0.00	          1.33	11.71	11.85	11.57	11.70	--  	36145864	  0.66	元器件	深圳	2.39	11.69	18176	12743	  1.43	152	20	--  	      23282.71	
="000933"	神火股份	-1.04	5.73	-0.06	5.72	5.73	404295	2998	-0.34	          2.16	5.71	6.02	5.69	5.79	--  	236705344	  1.06	煤炭开采	河南	5.70	5.85	197966	206328	  0.96	11540	572	--  	     187365.03	
="601139"	深圳燃气	-1.06	8.41	-0.09	8.42	8.43	92935	21	-0.35	          0.47	8.51	8.54	8.37	8.50	    21.44	78395200	  0.56	供气供热	深圳	2.00	8.44	54819	38116	  1.44	63	27	--  	     198045.67	
="002646"	青青稞酒	-1.09	19.95	-0.22	19.94	19.95	42953	953	0.00	          2.73	20.01	20.37	19.86	20.17	    24.90	86172736	  0.52	白酒	青海	2.53	20.06	23061	19891	  1.16	63	50	--  	      15750.00	
="002220"	天宝股份	-1.13	9.62	-0.11	9.62	9.63	50496	1264	-0.10	          1.30	9.73	9.95	9.58	9.73	    25.96	49274400	  0.69	食品	辽宁	3.80	9.76	30761	19735	  1.56	46	144	--  	      38948.12	
="600676"	交运股份	-1.13	8.73	-0.10	8.72	8.73	135760	1	-0.11	          1.74	8.78	8.87	8.64	8.83	    23.67	118569808	  0.67	汽车配件	上海	2.60	8.73	74686	61073	  1.22	240	19	--  	      78214.10	
="300027"	华谊兄弟	-1.14	28.61	-0.33	28.60	28.61	329930	3315	-0.03	          3.86	28.62	29.45	28.61	28.94	    58.38	955275712	  0.64	影视音像	浙江	2.90	28.95	176986	152943	  1.16	3548	355	--  	      85552.46	
="600673"	东阳光科	-1.18	18.35	-0.22	18.32	18.33	132854	35	0.00	          1.62	18.57	18.62	17.90	18.57	   116.63	241998224	  0.59	铝	广东	3.88	18.22	71931	60923	  1.18	144	13	--  	      82261.22	
="600675"	中华企业	-1.24	6.35	-0.08	6.35	6.36	433727	1623	-0.15	          2.32	6.48	6.54	6.34	6.43	    57.80	278305600	  0.75	区域地产	上海	3.11	6.42	220083	213644	  1.03	264	171	--  	     186705.94	
="600764"	中电广通	-1.26	11.00	-0.14	11.01	11.04	60661	2	-0.18	          1.84	11.18	11.45	10.95	11.14	   589.03	68022920	  1.02	通信设备	北京	4.49	11.21	38313	22348	  1.71	63	150	--  	      32972.69	
="601633"	长城汽车	-1.26	38.41	-0.49	38.42	38.43	87045	6	-0.10	          0.43	38.90	39.38	38.15	38.90	    15.69	336964928	  1.27	汽车整车	河北	3.16	38.71	40608	46437	  0.87	3	2	--  	     200924.30	
="002221"	东华能源	-1.27	17.10	-0.22	17.10	17.12	67355	502	0.00	          1.51	17.32	17.50	16.91	17.32	   194.59	115310904	  0.74	石油贸易	江苏	3.41	17.12	39617	27737	  1.43	1770	11	--  	      44718.82	
="002092"	中泰化学	-1.33	8.19	-0.11	8.18	8.19	316346	2389	0.00	          2.55	8.24	8.35	8.16	8.30	    33.96	260942896	  0.56	化工原料	新疆	2.29	8.25	172183	144163	  1.19	2837	683	--  	     124236.88	
="000926"	福星股份	-1.39	9.94	-0.14	9.93	9.94	289860	2711	0.00	          5.48	10.13	10.23	9.90	10.08	     9.16	291274560	  0.96	区域地产	湖北	3.27	10.05	161776	128084	  1.26	1058	325	--  	      52853.94	
="000900"	现代投资	-1.48	7.30	-0.11	7.30	7.31	207177	3273	0.00	          2.05	7.46	7.46	7.28	7.41	    18.99	152179536	  0.72	路桥	湖南	2.43	7.35	125751	81425	  1.54	600	1974	--  	     101128.75	
="600498"	烽火通信	-1.52	16.20	-0.25	16.20	16.22	107750	130	-0.06	          1.11	16.48	16.57	16.18	16.45	    32.20	175663760	  0.74	通信设备	湖北	2.37	16.30	55822	51928	  1.07	12	318	--  	      96650.10	
="600641"	万业企业	-1.52	5.83	-0.09	5.83	5.84	84874	201	-0.17	          1.05	5.96	5.96	5.83	5.92	    13.44	49795952	  0.53	区域地产	上海	2.20	5.87	47669	37205	  1.28	812	240	--  	      80615.88	
="600000"	浦发银行	-1.56	13.89	-0.22	13.88	13.89	4996279	894	0.00	          3.35	14.22	14.34	13.71	14.11	     5.58	7010663936	  1.04	银行	上海	4.46	14.03	2429104	2567174	  0.95	4351	1717	--  	    1492277.75	
="600196"	复星医药	-1.67	21.16	-0.36	21.15	21.16	360426	24	0.09	          1.89	21.52	21.65	21.00	21.52	    23.30	763631552	  1.11	化学制药	上海	3.02	21.19	175193	185232	  0.95	339	122	--  	     190439.23	
="000069"	华侨城Ａ	-1.72	6.86	-0.12	6.86	6.87	1224944	5045	-0.14	          3.94	6.98	7.17	6.81	6.98	    13.30	851914368	  1.00	旅游景点	深圳	5.16	6.95	619470	605473	  1.02	873	1019	--  	     311246.41	
="600009"	上海机场	-1.77	19.41	-0.35	19.39	19.40	243917	29	0.00	          2.23	19.66	19.70	19.20	19.76	    17.77	473463296	  0.76	机场	上海	2.53	19.41	127250	116667	  1.09	105	129	--  	     109347.64	
="000876"	新 希 望	-1.87	15.20	-0.29	15.19	15.20	412954	4092	0.06	          2.39	15.36	15.40	15.03	15.49	    15.10	626188928	  0.96	饲料	四川	2.39	15.16	210494	202459	  1.04	305	116	--  	     172830.80	
="600015"	华夏银行	-1.91	11.83	-0.23	11.81	11.82	2102644	66	-0.08	          3.24	12.10	12.24	11.65	12.06	     6.00	2503752960	  1.07	银行	北京	4.89	11.91	1029071	1073572	  0.96	2834	517	--  	     648768.69	
="600101"	明星电力	-2.03	9.65	-0.20	9.65	9.66	75619	25	0.00	          2.33	9.80	9.89	9.61	9.85	    20.55	73784944	  0.67	水力发电	四川	2.84	9.76	44754	30864	  1.45	131	245	--  	      32417.90	
="000012"	南  玻Ａ	-2.14	8.69	-0.19	8.69	8.70	551296	2441	0.11	          4.23	8.80	8.82	8.58	8.88	    18.35	479355072	  0.83	玻璃	深圳	2.70	8.70	266380	284916	  0.93	1460	3937	--  	     130276.85	
="601988"	中国银行	-2.26	3.46	-0.08	3.46	3.47	10197313	1542	-0.57	          0.52	3.55	3.57	3.42	3.54	     6.32	3562903552	  1.02	银行	北京	4.24	3.49	5297041	4900272	  1.08	19524	12636	--  	   19591296.00	
="002473"	圣莱达	-2.34	27.49	-0.66	27.49	27.57	8901	74	0.00	          0.56	28.15	28.40	27.42	28.15	--  	24754698	  0.86	家用电器	浙江	3.48	27.81	6034	2867	  2.10	321	58	--  	      16000.00	
="600036"	招商银行	-2.45	14.73	-0.37	14.73	14.74	4161166	257	-0.33	          2.02	15.12	15.20	14.60	15.10	     6.08	6197378560	  0.85	银行	深圳	3.97	14.89	2046781	2114385	  0.97	465	727	--  	    2062894.50	
="601288"	农业银行	-2.47	3.16	-0.08	3.16	3.17	8023692	1620	-0.31	          0.28	3.25	3.26	3.13	3.24	     5.05	2558192384	  0.97	银行	北京	4.01	3.19	3971618	4052074	  0.98	3859	23913	--  	   28416352.00	
="000539"	粤电力Ａ	-2.47	7.50	-0.19	7.49	7.50	265479	3058	-0.13	          1.25	7.55	7.70	7.45	7.69	     9.75	201092528	  0.71	火力发电	广东	3.25	7.57	139987	125491	  1.12	951	293	--  	     212769.03	
="000792"	盐湖股份	-2.53	22.77	-0.59	22.76	22.77	177137	1529	-0.35	          1.65	23.36	23.36	22.64	23.36	    41.61	405579008	  0.94	农药化肥	青海	3.08	22.90	85858	91278	  0.94	329	137	--  	     107353.50	
="600162"	香江控股	-2.58	6.81	-0.18	6.81	6.82	215308	200	-0.29	          2.80	7.08	7.08	6.80	6.99	    15.95	148674944	  0.66	全国地产	深圳	4.01	6.91	118712	96595	  1.23	431	868	--  	      76781.27	
="600638"	新黄浦	-2.66	15.36	-0.42	15.36	15.38	63167	30	-0.13	          1.13	15.76	15.97	15.20	15.78	    87.33	98629608	  1.06	区域地产	上海	4.88	15.61	35988	27179	  1.32	63	53	--  	      56116.39	
="601398"	工商银行	-2.68	4.35	-0.12	4.34	4.35	5480074	1176	-0.45	          0.21	4.46	4.47	4.32	4.47	     5.20	2403489536	  1.10	银行	北京	3.36	4.39	2695743	2784330	  0.97	25327	11032	--  	   26471778.00	
="601169"	北京银行	-2.72	10.02	-0.28	10.01	10.02	1518726	138	-0.29	          1.69	10.33	10.38	9.85	10.30	     6.30	1533006592	  1.04	银行	北京	5.15	10.09	790600	728126	  1.09	3010	707	--  	     896768.94	
="600521"	华海药业	-2.87	15.24	-0.45	15.21	15.24	83212	136	-0.39	          1.07	15.66	15.74	15.20	15.69	    44.37	128465808	  0.87	化学制药	浙江	3.44	15.44	52312	30900	  1.69	10	45	--  	      78087.79	
="300068"	南都电源	-2.99	11.35	-0.35	11.35	11.36	160243	1876	-0.08	          3.95	11.72	11.83	11.31	11.70	    46.05	185080768	  0.67	电气设备	浙江	4.44	11.55	97815	62427	  1.57	26	387	--  	      40610.39	
="601939"	建设银行	-3.03	5.76	-0.18	5.76	5.77	4408984	196	-0.34	          4.60	5.99	6.00	5.70	5.94	     5.68	2568914176	  1.03	银行	北京	5.05	5.83	1925027	2483956	  0.77	1296	9814	--  	     959365.75	
="600846"	同济科技	-3.57	10.00	-0.37	10.00	10.01	309576	102	-0.09	          4.96	10.16	10.25	9.99	10.37	    59.52	312526560	  0.75	综合类	上海	2.51	10.10	175594	133982	  1.31	185	274	--  	      62476.14	
="300255"	常山药业	-4.14	34.97	-1.51	34.94	34.97	46386	502	0.17	          3.59	36.49	36.49	34.50	36.48	    68.12	165105776	  1.00	生物制药	河北	5.46	35.59	30282	16104	  1.88	3	3079	--  	      12918.53	
="002334"	英威腾	-4.53	16.66	-0.79	16.65	16.66	99012	1760	-0.05	          3.93	17.38	17.49	16.57	17.45	    35.16	168108912	  1.01	电气设备	深圳	5.27	16.98	56517	42495	  1.33	200	166	--  	      25181.50	
="600864"	哈投股份	-4.62	12.39	-0.60	12.38	12.39	233961	372	0.00	          4.28	12.61	12.88	12.37	12.99	   155.88	294043680	  0.89	火力发电	黑龙江	3.93	12.57	132050	101911	  1.30	539	280	--  	      54637.82	
="000011"	深物业A	-4.98	10.12	-0.53	10.12	10.13	149870	1746	0.19	          8.52	10.50	10.64	10.02	10.65	    14.00	153543152	  0.84	区域地产	深圳	5.82	10.25	99043	50826	  1.95	517	100	--  	      17586.25	
="600739"	辽宁成大	-6.18	21.85	-1.44	21.84	21.85	833622	255	-0.36	          6.11	22.80	22.87	21.82	23.29	    34.12	1860291712	  0.73	商贸代理	辽宁	4.51	22.32	443274	390348	  1.14	175	85	--  	     136470.98	
数据来源:通达信
