代码	名称	涨幅%%	现价	涨跌	买价	卖价	总量	现量	涨速%%	换手%%	今开	最高	最低	昨收	市盈(动)	总金额	量比	细分行业	地区	振幅%%	均价	内盘	外盘	内外比	买量	卖量	未匹配量	流通股本	
="002075"	沙钢股份	10.00	5.17	0.47	5.17	--  	359798	1518	          0.00	          2.28	4.70	5.17	4.65	4.70	   116.79	178933936	  1.79	特钢	江苏	11.06	4.97	147319	212479	  0.69	102646	0	--  	     157626.48	
="600223"	鲁商置业	9.98	5.51	0.50	5.51	--  	564805	10	          0.00	          5.64	5.02	5.51	4.97	5.01	    33.40	303395552	  6.74	区域地产	山东	10.78	5.37	185072	379733	  0.49	140562	0	--  	     100096.79	
="600021"	上海电力	8.72	6.98	0.56	6.98	7.00	845170	3312	          0.86	          3.95	6.39	7.06	6.36	6.42	    18.38	574980928	  1.17	火力发电	上海	10.90	6.80	403683	441487	  0.91	6657	3237	--  	     213973.92	
="002117"	东港股份	7.41	19.87	1.37	19.86	19.87	173560	1919	         -0.20	          4.79	18.80	20.31	18.75	18.50	    45.33	339035232	  6.89	广告包装	山东	 8.43	19.53	69270	104290	  0.66	17	989	--  	      36217.28	
="600196"	复星医药	6.47	21.06	1.28	21.04	21.05	971855	8	         -0.14	          5.10	19.90	21.50	19.63	19.78	    23.19	2007315456	  3.03	化学制药	上海	 9.45	20.65	428207	543648	  0.79	202	282	--  	     190439.23	
="601313"	江南嘉捷	5.03	11.69	0.56	11.69	11.70	62822	42	          0.25	          2.34	11.14	11.70	11.04	11.13	    21.53	71702336	  1.56	运输设备	江苏	 5.93	11.41	24667	38155	  0.65	11	358	--  	      26852.53	
="600532"	宏达矿业	4.17	11.23	0.45	11.23	11.24	107563	6	          0.17	          6.51	10.81	11.35	10.81	10.78	    28.52	119819824	  1.50	普钢	山东	 5.01	11.14	44526	63037	  0.71	5	306	--  	      16510.25	
="002572"	索菲亚	3.96	22.57	0.86	22.57	22.58	14447	89	          0.22	          0.57	21.71	22.57	21.58	21.71	    37.69	32254414	  1.00	家居用品	广东	 4.56	22.33	5507	8940	  0.62	15	30	--  	      25138.69	
="002531"	天顺风能	3.73	15.58	0.56	15.57	15.58	121877	866	          0.12	          2.97	15.00	15.78	14.82	15.02	    34.39	187667088	  3.08	电气设备	江苏	 6.39	15.40	44673	77204	  0.58	130	203	--  	      41060.92	
="002470"	金正大	3.42	28.70	0.95	28.70	28.71	77450	405	          0.00	          1.31	28.00	28.93	27.50	27.75	    18.49	219559936	  1.32	农药化肥	山东	 5.15	28.35	33590	43860	  0.77	331	20	--  	      59254.00	
="300346"	南大光电	3.21	38.29	1.19	38.29	38.30	16878	194	         -0.20	          4.71	37.40	40.00	37.11	37.10	    80.95	65076820	  1.30	半导体	江苏	 7.79	38.56	7815	9063	  0.86	9	79	--  	       3584.05	
="601113"	华鼎股份	3.20	5.80	0.18	5.79	5.80	55622	34	          0.00	          0.87	5.60	5.84	5.60	5.62	  1487.18	31941632	  2.00	化纤	浙江	 4.27	5.74	20400	35222	  0.58	282	592	--  	      64000.00	
="000752"	西藏发展	3.12	14.89	0.45	14.88	14.89	124530	3274	          0.60	          4.72	14.36	14.89	14.35	14.44	   217.10	182998128	  1.94	啤酒	西藏	 3.74	14.70	61543	62987	  0.98	1535	503	--  	      26375.01	
="000926"	福星股份	3.02	8.54	0.25	8.53	8.54	353829	7653	          0.35	          6.69	8.27	8.56	8.23	8.29	     7.87	299346432	  1.65	区域地产	湖北	 3.98	8.46	139658	214171	  0.65	5916	1095	--  	      52853.94	
="002508"	老板电器	3.01	34.18	1.00	34.18	34.19	17815	313	          0.00	          0.57	33.21	34.20	33.07	33.18	    23.71	59898684	  1.05	家用电器	浙江	 3.41	33.62	7715	10100	  0.76	227	67	--  	      31175.00	
="600336"	澳柯玛	2.91	6.37	0.18	6.36	6.37	332937	19	          0.15	          4.90	6.20	6.40	6.16	6.19	    35.47	209667360	  1.50	家用电器	山东	 3.88	6.30	135409	197528	  0.69	930	1663	--  	      68007.20	
="600845"	宝信软件	2.78	36.18	0.98	36.16	36.18	11660	2	          0.08	          0.51	35.01	36.98	35.01	35.20	    48.01	42279168	  1.74	软件服务	上海	 5.60	36.26	4977	6683	  0.74	2	0	--  	      22651.73	
="000717"	韶钢松山	2.64	2.72	0.07	2.71	2.72	251266	3639	          0.00	          2.23	2.65	2.74	2.65	2.65	--  	67888904	  0.64	钢加工	广东	 3.40	2.70	107019	144247	  0.74	1690	4299	--  	     112803.64	
="600351"	亚宝药业	2.62	10.17	0.26	10.18	10.19	174812	11	          0.09	          2.76	9.91	10.47	9.78	9.91	    37.87	177109072	  2.18	中成药	山西	 6.96	10.13	86362	88450	  0.98	23	548	--  	      63295.19	
="000035"	中国天楹	2.61	13.39	0.34	13.38	13.39	57809	637	          0.14	          3.06	13.05	13.45	13.05	13.05	    62.62	77024944	  1.87	通信设备	深圳	 3.07	13.32	22528	35281	  0.64	90	275	--  	      18895.36	
="601007"	金陵饭店	2.56	12.40	0.31	12.39	12.40	32202	20	          0.08	          1.07	12.11	12.40	12.10	12.09	   141.86	39545096	  0.65	酒店餐饮	江苏	 2.48	12.28	11881	20321	  0.58	21	2326	--  	      30000.00	
="600993"	马应龙	2.55	21.73	0.54	21.73	21.74	62022	10	          0.13	          1.87	21.20	21.80	21.01	21.19	    30.04	133579056	  1.24	中成药	湖北	 3.73	21.54	27110	34912	  0.78	10	3	--  	      33087.71	
="600615"	丰华股份	2.53	14.19	0.35	14.17	14.18	100975	20	          0.49	          5.38	13.86	14.39	13.65	13.84	   183.01	142112864	  1.89	区域地产	上海	 5.35	14.07	51449	49526	  1.04	145	446	--  	      18762.44	
="300282"	汇冠股份	2.45	28.85	0.69	28.83	28.85	5247	82	          0.52	          2.22	28.00	28.90	27.65	28.16	   322.00	14960556	  0.95	电脑设备	北京	 4.44	28.51	2018	3229	  0.62	22	51	--  	       2361.06	
="300145"	南方泵业	2.43	24.47	0.58	24.41	24.47	9740	36	         -0.04	          0.56	23.90	24.75	23.77	23.89	    35.30	23759408	  0.39	专用机械	浙江	 4.10	24.39	4713	5027	  0.94	5	29	--  	      17417.00	
="002294"	信立泰	2.28	36.35	0.81	36.35	36.36	34940	387	          0.05	          1.22	35.54	36.51	35.33	35.54	    23.72	126146656	  1.01	化学制药	深圳	 3.32	36.10	15100	19840	  0.76	3	46	--  	      28698.46	
="300289"	利德曼	2.14	32.91	0.69	32.91	32.92	13745	1163	          0.45	          2.47	32.59	33.25	32.39	32.22	    58.98	45214192	  0.91	生物制药	北京	 2.67	32.89	5972	7773	  0.77	58	60	--  	       5572.68	
="002496"	辉丰股份	1.90	17.68	0.33	17.67	17.68	37341	1644	          0.62	          2.02	17.36	17.90	17.03	17.35	    26.99	64987548	  0.81	农药化肥	江苏	 5.01	17.40	19136	18205	  1.05	563	124	--  	      18456.77	
="002090"	金智科技	1.81	17.45	0.31	17.45	17.46	16290	366	          0.22	          0.87	17.14	17.50	17.05	17.14	    50.39	28189382	  0.64	软件服务	江苏	 2.63	17.30	7993	8297	  0.96	45	35	--  	      18666.93	
="000514"	渝 开 发	1.79	6.25	0.11	6.24	6.25	68003	844	          0.32	          0.81	6.17	6.28	6.13	6.14	    32.64	42247940	  0.86	区域地产	重庆	 2.44	6.21	31964	36039	  0.89	257	787	--  	      84377.09	
="600221"	海南航空	1.62	2.51	0.04	2.50	2.51	1990329	416	          0.39	          1.68	2.49	2.53	2.47	2.47	    12.15	497092672	  0.59	空运	海南	 2.43	2.50	983313	1007016	  0.98	17341	12073	--  	    1181206.38	
="601137"	博威合金	1.52	21.44	0.32	21.44	21.45	73396	5	         -0.18	          3.41	21.06	21.55	20.91	21.12	    68.14	156587424	  1.23	铜	浙江	 3.03	21.33	17886	55510	  0.32	8	34	--  	      21500.00	
="600201"	金宇集团	1.51	35.60	0.53	35.59	35.60	12691	30	         -0.11	          0.45	34.80	35.80	34.80	35.07	    24.65	44968800	  1.29	生物制药	内蒙	 2.85	35.43	4150	8541	  0.49	20	23	--  	      28081.49	
="002035"	华帝股份	1.46	13.19	0.19	13.18	13.19	32554	84	          0.07	          1.10	13.00	13.35	12.88	13.00	    17.58	42637552	  0.84	家用电器	广东	 3.62	13.10	14077	18477	  0.76	37	242	--  	      29677.21	
="600029"	南方航空	1.45	3.49	0.05	3.48	3.49	568961	913	          0.28	          0.81	3.44	3.55	3.44	3.44	    20.46	198937952	  0.62	空运	广东	 3.20	3.50	260615	308346	  0.85	2227	5365	--  	     702265.00	
="600481"	双良节能	1.44	11.24	0.16	11.23	11.25	191648	149	          0.26	          2.37	11.08	11.30	11.01	11.08	    28.61	214336384	  1.26	化工原料	江苏	 2.62	11.18	80822	110826	  0.73	32	121	--  	      81010.45	
="300094"	国联水产	1.42	10.02	0.14	10.01	10.02	88828	533	          0.09	          2.53	9.90	10.11	9.73	9.88	    89.15	88302968	  1.75	渔业	广东	 3.85	9.94	49570	39258	  1.26	506	483	--  	      35072.21	
="600068"	葛洲坝	1.41	5.04	0.07	5.04	5.05	498655	66	          0.19	          1.43	4.97	5.13	4.95	4.97	     9.99	252769760	  1.16	建筑施工	湖北	 3.62	5.07	245623	253032	  0.97	570	6556	--  	     348745.91	
="002606"	大连电瓷	1.32	17.70	0.23	17.68	17.70	107670	999	          0.22	          8.94	17.51	17.99	17.25	17.47	   160.56	190080448	  1.17	电气设备	辽宁	 4.24	17.65	53771	53899	  1.00	100	234	--  	      12050.00	
="002333"	罗普斯金	1.27	14.37	0.18	14.36	14.37	25445	140	          0.06	          1.05	14.19	14.48	14.00	14.19	    59.06	36244460	  1.00	铝	江苏	 3.38	14.24	12073	13372	  0.90	3	91	--  	      24248.49	
="002563"	森马服饰	1.25	37.97	0.47	37.96	37.97	13935	845	          0.29	          1.99	37.35	38.00	37.20	37.50	    28.42	52256456	  1.32	服饰	浙江	 2.13	37.50	5648	8287	  0.68	17	31	--  	       7000.00	
="000016"	深康佳Ａ	1.25	6.48	0.08	6.48	6.49	209987	1470	          0.00	          3.50	6.35	6.59	6.27	6.40	   122.98	135873136	  1.29	家用电器	深圳	 5.00	6.47	97031	112956	  0.86	206	709	--  	      59991.50	
="600802"	福建水泥	1.20	8.42	0.10	8.41	8.42	150906	109	          0.23	          3.95	8.33	8.46	8.20	8.32	--  	125936432	  1.39	水泥	福建	 3.13	8.35	75034	75872	  0.99	184	241	--  	      38187.37	
="002449"	国星光电	1.18	12.83	0.15	12.83	12.84	82778	1082	         -0.23	          2.82	12.68	13.05	12.52	12.68	    41.19	106228904	  1.22	半导体	广东	 4.18	12.83	30678	52100	  0.59	547	37	--  	      29364.30	
="600160"	巨化股份	1.06	6.67	0.07	6.67	6.68	361957	50	         -0.29	          2.00	6.68	6.85	6.67	6.60	    77.83	243905376	  0.59	化工原料	浙江	 2.73	6.74	177814	184143	  0.97	795	1039	--  	     181091.59	
="601111"	中国国航	1.05	4.81	0.05	4.80	4.81	341090	148	          0.20	          0.41	4.77	4.87	4.76	4.76	    14.95	164361104	  0.45	空运	北京	 2.31	4.82	174774	166316	  1.05	2681	1590	--  	     832927.13	
="002073"	软控股份	1.02	12.90	0.13	12.90	12.91	188855	1039	          0.00	          3.05	12.79	13.05	12.59	12.77	    59.48	242464464	  1.03	软件服务	山东	 3.60	12.84	94592	94263	  1.00	55	1209	--  	      61879.48	
="002612"	朗姿股份	1.00	23.18	0.23	23.17	23.18	12753	225	          0.00	          1.22	22.89	23.18	22.70	22.95	    39.48	29398674	  0.97	服饰	北京	 2.09	23.05	7039	5714	  1.23	385	382	--  	      10446.15	
="600764"	中电广通	0.96	9.51	0.09	9.51	9.53	35083	1	          0.31	          1.06	9.42	9.54	9.33	9.42	   509.24	33134454	  0.81	通信设备	北京	 2.23	9.44	16456	18627	  0.88	8	171	--  	      32972.69	
="000100"	TCL 集团	0.94	3.22	0.03	3.21	3.22	1398399	41288	          0.31	          1.72	3.19	3.23	3.18	3.19	    10.29	448438784	  0.73	家用电器	广东	 1.57	3.21	655609	742790	  0.88	20892	44024	--  	     813618.25	
="600380"	健康元	0.86	7.07	0.06	7.07	7.08	193120	32	          0.00	          1.25	7.01	7.14	6.97	7.01	    27.04	136862720	  1.59	化学制药	深圳	 2.43	7.09	92616	100504	  0.92	517	1153	--  	     154583.59	
="002673"	西部证券	0.79	16.68	0.13	16.68	16.69	166409	1361	          0.00	          2.42	16.48	16.93	16.41	16.55	    35.67	279071296	  0.60	证券	陕西	 3.14	16.77	75496	90913	  0.83	68	869	--  	      68761.11	
="600275"	武昌鱼	0.75	5.37	0.04	5.37	5.38	98058	18	         -0.18	          1.93	5.32	5.45	5.26	5.33	--  	52531900	  1.06	农业综合	湖北	 3.56	5.36	46021	52037	  0.88	548	573	--  	      50883.71	
="002700"	新疆浩源	0.73	24.97	0.18	24.97	24.98	51940	1521	         -0.04	          5.43	24.80	25.05	24.44	24.79	    56.16	128672104	  0.91	供气供热	新疆	 2.46	24.77	26134	25806	  1.01	250	374	--  	       9564.16	
="002162"	斯米克	0.69	8.75	0.06	8.75	8.76	82236	716	          0.00	          1.97	8.66	8.80	8.59	8.69	   377.28	71569488	  0.45	陶瓷	上海	 2.42	8.70	40467	41769	  0.97	417	432	--  	      41800.00	
="600238"	海南椰岛	0.65	9.36	0.06	9.36	9.37	68215	29	         -0.10	          1.54	9.26	9.40	9.18	9.30	    75.02	63287332	  0.91	红黄药酒	海南	 2.37	9.28	38496	29719	  1.30	125	215	--  	      44203.16	
="000545"	金浦钛业	0.64	14.17	0.09	14.16	14.17	45928	1004	          0.07	          2.94	14.14	14.20	13.83	14.08	   117.82	64598356	  0.85	化工原料	吉林	 2.63	14.07	19090	26838	  0.71	226	106	--  	      15637.36	
="600731"	湖南海利	0.63	9.54	0.06	9.53	9.54	43174	49	          0.42	          1.69	9.43	9.58	9.31	9.48	   594.81	40843480	  0.71	农药化肥	湖南	 2.85	9.46	20296	22878	  0.89	99	120	--  	      25557.66	
="002676"	顺威股份	0.62	17.87	0.11	17.87	17.88	14153	435	          0.11	          3.31	17.66	17.89	17.60	17.76	    54.44	25146214	  0.77	塑料	广东	 1.63	17.77	6621	7532	  0.88	70	189	--  	       4275.22	
="601998"	中信银行	0.61	4.94	0.03	4.93	4.94	426027	46	          0.00	          0.13	4.90	4.95	4.88	4.91	     5.37	209609056	  0.48	银行	北京	 1.43	4.92	205024	221003	  0.93	3504	4104	--  	    3190516.50	
="002588"	史丹利	0.56	32.06	0.18	32.05	32.06	14383	235	          0.12	          0.87	31.67	32.35	31.65	31.88	    16.62	46116804	  0.76	农药化肥	山东	 2.20	32.06	6200	8183	  0.76	18	13	--  	      16462.27	
="002185"	华天科技	0.56	14.25	0.08	14.24	14.25	115432	760	          0.00	          1.74	14.07	14.54	14.07	14.17	    31.56	165959056	  0.78	半导体	甘肃	 3.32	14.38	59273	56159	  1.06	306	221	--  	      66276.22	
="000605"	渤海股份	0.56	18.07	0.10	18.07	18.08	12500	134	          0.05	          1.41	17.81	18.38	17.81	17.97	    89.85	22689688	  0.48	水务	北京	 3.17	18.15	6159	6341	  0.97	61	15	--  	       8842.98	
="600086"	东方金钰	0.54	24.17	0.13	24.14	24.16	16050	9	          0.29	          0.46	24.04	24.25	23.91	24.04	    74.75	38677140	  0.67	服饰	湖北	 1.41	24.10	7315	8735	  0.84	78	146	--  	      35228.17	
="002271"	东方雨虹	0.53	28.19	0.15	28.18	28.19	17292	383	          0.07	          0.79	28.25	28.28	28.04	28.04	    20.52	48671180	  0.60	其他建材	北京	 0.86	28.15	9252	8040	  1.15	1257	269	--  	      21825.31	
="600269"	赣粤高速	0.52	3.83	0.02	3.82	3.83	128604	5	          0.00	          0.55	3.81	3.84	3.79	3.81	    10.98	49065864	  0.45	路桥	江西	 1.31	3.82	69756	58848	  1.19	2950	2795	--  	     233540.70	
="600673"	东阳光科	0.50	16.22	0.08	16.19	16.20	59527	179	          0.18	          0.72	16.17	16.57	15.98	16.14	   103.09	96456616	  0.35	铝	广东	 3.66	16.20	31008	28519	  1.09	127	26	--  	      82261.22	
="600617"	国新能源	0.50	26.39	0.13	26.35	26.57	20612	10	          0.22	          2.01	26.00	26.80	25.75	26.26	    37.53	54494364	  0.93	供气供热	山西	 4.00	26.44	9573	11039	  0.87	25	1	--  	      10263.63	
="601009"	南京银行	0.48	10.54	0.05	10.54	10.55	610704	179	          0.28	          2.06	10.51	10.59	10.39	10.49	     5.64	640538496	  0.85	银行	江苏	 1.91	10.49	292146	318558	  0.92	637	4678	--  	     296893.31	
="002231"	奥维通信	0.46	10.95	0.05	10.94	10.95	65748	1119	         -0.09	          3.23	10.90	10.99	10.59	10.90	--  	71225776	  0.64	通信设备	辽宁	 3.67	10.83	38522	27226	  1.41	94	1	--  	      20369.00	
="000563"	陕国投Ａ	0.46	8.76	0.04	8.76	8.77	196087	1427	         -0.34	          2.61	8.72	8.95	8.69	8.72	    32.68	173175024	  0.63	多元金融	陕西	 2.98	8.83	93149	102938	  0.90	2811	357	--  	      75266.72	
="600287"	江苏舜天	0.45	9.01	0.04	8.95	8.99	44259	30	          0.89	          1.01	8.91	9.05	8.80	8.97	    50.34	39528164	  0.82	商贸代理	江苏	 2.79	8.93	25083	19176	  1.31	30	20	--  	      43679.60	
="600058"	五矿发展	0.43	14.12	0.06	14.11	14.13	135169	212	          0.00	          1.26	14.03	14.24	13.90	14.06	    64.25	190351360	  0.42	商贸代理	北京	 2.42	14.08	68721	66448	  1.03	143	232	--  	     107191.07	
="600005"	武钢股份	0.38	2.62	0.01	2.61	2.62	393359	100	          0.00	          0.39	2.61	2.64	2.59	2.61	    25.75	102995600	  0.43	普钢	湖北	 1.92	2.62	189413	203946	  0.93	10879	5888	--  	    1009378.00	
="000902"	新洋丰	0.36	14.02	0.05	14.01	14.02	38778	214	         -0.07	          1.50	13.94	14.11	13.82	13.97	    14.71	54229488	  0.79	农药化肥	湖北	 2.08	13.98	15796	22982	  0.69	151	6	--  	      25800.00	
="300138"	晨光生物	0.34	11.85	0.04	11.84	11.85	22235	300	         -0.25	          1.76	11.79	11.92	11.65	11.81	   124.65	26197966	  0.95	食品	河北	 2.29	11.78	12020	10215	  1.18	2	149	--  	      12608.41	
="600291"	西水股份	0.30	13.44	0.04	13.43	13.44	48380	10	          0.14	          1.26	13.53	13.68	13.35	13.40	    16.85	65237636	  0.66	水泥	内蒙	 2.46	13.48	25343	23037	  1.10	20	112	--  	      38400.00	
="601336"	新华保险	0.21	28.37	0.06	28.35	28.37	72184	10	          0.00	          0.66	28.34	28.91	28.27	28.31	    10.49	206534704	  0.46	保险	北京	 2.26	28.61	35721	36463	  0.98	100	17	--  	     110058.07	
="600736"	苏州高新	0.20	5.07	0.01	5.06	5.07	141775	41	          0.39	          1.34	5.05	5.11	5.00	5.06	    39.14	71549272	  0.77	园区开发	江苏	 2.17	5.05	74557	67218	  1.11	1921	7692	--  	     105788.15	
="600000"	浦发银行	0.19	10.47	0.02	10.47	10.48	1453266	885	          0.09	          0.97	10.43	10.54	10.39	10.45	     4.21	1518565376	  0.55	银行	上海	 1.44	10.45	675725	777541	  0.87	1778	6374	--  	    1492277.75	
="600750"	江中药业	0.18	21.72	0.04	21.70	21.71	27676	12	          0.13	          0.92	21.59	21.93	21.31	21.68	    31.48	59669440	  0.44	中成药	江西	 2.86	21.56	15742	11934	  1.32	35	11	--  	      30000.00	
="600109"	国金证券	0.14	14.00	0.02	14.00	14.01	590974	30	          0.07	          2.28	13.88	14.22	13.81	13.98	    49.52	830175872	  0.49	证券	四川	 2.93	14.05	270701	320273	  0.85	565	454	--  	     258814.34	
="300117"	嘉寓股份	0.13	7.43	0.01	7.42	7.43	84711	479	          0.26	          2.60	7.47	7.75	7.40	7.42	    41.42	64164312	  2.19	装修装饰	北京	 4.72	7.57	41231	43480	  0.95	583	42	--  	      32580.00	
="600120"	浙江东方	0.12	17.20	0.02	17.20	17.23	218111	6	          0.17	          4.31	17.25	17.59	16.75	17.18	    16.07	376593280	  1.15	商贸代理	浙江	 4.89	17.27	113437	104674	  1.08	80	82	--  	      50547.33	
="601928"	凤凰传媒	0.00	10.61	0.00	--  	--  	0	0	          0.00	          0.00	--  	--  	--  	10.61	    27.58	0	  0.00	出版业	江苏	 0.00	10.61	0	0	--  	0	0	--  	      65788.35	
="601788"	光大证券	0.00	12.90	0.00	--  	--  	0	0	          0.00	          0.00	--  	--  	--  	12.90	    36.80	0	  0.00	证券	上海	 0.00	12.90	0	0	--  	0	0	--  	     341800.00	
="601700"	风范股份	0.00	17.58	0.00	--  	--  	0	0	          0.00	          0.00	--  	--  	--  	17.58	    35.59	0	  0.00	电气设备	江苏	 0.00	17.58	0	0	--  	0	0	--  	      23576.84	
="601179"	中国西电	0.00	5.19	0.00	5.18	5.19	273442	70	          0.00	          0.63	5.18	5.21	5.11	5.19	    30.94	141043472	  0.59	电气设备	陕西	 1.93	5.16	145591	127851	  1.14	594	1809	--  	     435700.00	
="600986"	科达股份	0.00	7.05	0.00	--  	--  	0	0	          0.00	          0.00	--  	--  	--  	7.05	    36.88	0	  0.00	建筑施工	山东	 0.00	7.05	0	0	--  	0	0	--  	      33526.96	
="600981"	汇鸿股份	0.00	4.21	0.00	--  	--  	0	0	          0.00	          0.00	--  	--  	--  	4.21	    92.48	0	  0.00	商贸代理	江苏	 0.00	4.21	0	0	--  	0	0	--  	      51610.64	
="600876"	洛阳玻璃	0.00	7.24	0.00	--  	--  	0	0	          0.00	          0.00	--  	--  	--  	7.24	   374.48	0	  0.00	玻璃	河南	 0.00	7.24	0	0	--  	0	0	--  	      25001.82	
="600792"	云煤能源	0.00	6.26	0.00	--  	--  	0	0	          0.00	          0.00	--  	--  	--  	6.26	   868.05	0	  0.00	焦炭加工	云南	 0.00	6.26	0	0	--  	0	0	--  	      95202.89	
="600749"	西藏旅游	0.00	12.18	0.00	--  	--  	0	0	          0.00	          0.00	--  	--  	--  	12.18	  1161.76	0	  0.00	旅游景点	西藏	 0.00	12.18	0	0	--  	0	0	--  	      18913.78	
="600575"	皖江物流	0.00	4.11	0.00	--  	--  	0	0	          0.00	          0.00	--  	--  	--  	4.11	--  	0	  0.00	港口	安徽	 0.00	4.11	0	0	--  	0	0	--  	     142320.00	
="600569"	安阳钢铁	0.00	2.32	0.00	--  	--  	0	0	          0.00	          0.00	--  	--  	--  	2.32	    78.40	0	  0.00	普钢	河南	 0.00	2.32	0	0	--  	0	0	--  	     239368.45	
="600517"	置信电气	0.00	12.45	0.00	--  	--  	0	0	          0.00	          0.00	--  	--  	--  	12.45	    84.39	0	  0.00	电气设备	上海	 0.00	12.45	0	0	--  	0	0	--  	     111366.89	
="600497"	驰宏锌锗	0.00	10.39	0.00	--  	--  	0	0	          0.00	          0.00	--  	--  	--  	10.39	    84.98	0	  0.00	铅锌	云南	 0.00	10.39	0	0	--  	0	0	--  	     166756.09	
="600369"	西南证券	0.00	10.54	0.00	--  	--  	0	0	          0.00	          0.00	--  	--  	--  	10.54	    25.05	0	  0.00	证券	重庆	 0.00	10.54	0	0	--  	0	0	--  	     232255.45	
="600365"	通葡股份	0.00	11.38	0.00	--  	--  	0	0	          0.00	          0.00	--  	--  	--  	11.38	  5686.21	0	  0.00	红黄药酒	吉林	 0.00	11.38	0	0	--  	0	0	--  	      14000.00	
="600318"	巢东股份	0.00	11.20	0.00	--  	--  	0	0	          0.00	          0.00	--  	--  	--  	11.20	    17.93	0	  0.00	水泥	安徽	 0.00	11.20	0	0	--  	0	0	--  	      24200.00	
="600300"	维维股份	0.00	5.65	0.00	--  	--  	0	0	          0.00	          0.00	--  	--  	--  	5.65	    83.78	0	  0.00	软饮料	江苏	 0.00	5.65	0	0	--  	0	0	--  	     167200.00	
="600241"	时代万恒	0.00	8.28	0.00	--  	--  	0	0	          0.00	          0.00	--  	--  	--  	8.28	--  	0	  0.00	商贸代理	辽宁	 0.00	8.28	0	0	--  	0	0	--  	      18020.00	
="600105"	永鼎股份	0.00	9.86	0.00	--  	--  	0	0	          0.00	          0.00	--  	--  	--  	9.86	    22.23	0	  0.00	通信设备	江苏	 0.00	9.86	0	0	--  	0	0	--  	      38095.46	
="600103"	青山纸业	0.00	3.66	0.00	--  	--  	0	0	          0.00	          0.00	--  	--  	--  	3.66	   601.14	0	  0.00	造纸	福建	 0.00	3.66	0	0	--  	0	0	--  	     106184.15	
="600091"	ST明科	0.00	7.02	0.00	--  	--  	0	0	          0.00	          0.00	--  	--  	--  	7.02	--  	0	  0.00	化工原料	内蒙	 0.00	7.02	0	0	--  	0	0	--  	      33652.60	
="600090"	啤酒花	0.00	8.13	0.00	--  	--  	0	0	          0.00	          0.00	--  	--  	--  	8.13	    36.46	0	  0.00	啤酒	新疆	 0.00	8.13	0	0	--  	0	0	--  	      36791.66	
="600020"	中原高速	0.00	3.11	0.00	3.10	3.11	69056	70	          0.00	          0.31	3.12	3.12	3.09	3.11	     9.85	21447116	  0.52	路桥	河南	 0.96	3.11	39075	29981	  1.30	7049	821	--  	     224737.19	
="300332"	天壕节能	--  	0.00	--  	--  	--  	0	0	--  	          0.00	--  	--  	--  	14.06	    40.57	0	  0.00	环境保护	北京	 0.00	14.06	0	0	--  	0	0	--  	      22666.75	
="300313"	天山生物	--  	0.00	--  	--  	--  	0	0	--  	          0.00	--  	--  	--  	23.69	   258.62	0	  0.00	农业综合	新疆	 0.00	23.69	0	0	--  	0	0	--  	       4177.81	
="300189"	神农大丰	--  	0.00	--  	--  	--  	0	0	--  	          0.00	--  	--  	--  	7.86	--  	0	  0.00	种植业	海南	 0.00	7.86	0	0	--  	0	0	--  	      33498.87	
="300072"	三聚环保	--  	0.00	--  	--  	--  	0	0	--  	          0.00	--  	--  	--  	27.13	    36.92	0	  0.00	化工原料	北京	 0.00	27.13	0	0	--  	0	0	--  	      45855.16	
="300013"	新宁物流	--  	0.00	--  	--  	--  	0	0	--  	          0.00	--  	--  	--  	9.26	   131.57	0	  0.00	仓储物流	江苏	 0.00	9.26	0	0	--  	0	0	--  	      18000.00	
="002688"	金河生物	0.00	17.07	0.00	17.07	17.08	28664	461	          0.05	          2.64	17.08	17.23	16.89	17.07	    44.91	48769936	  0.72	化学制药	内蒙	 1.99	17.01	16793	11871	  1.41	436	70	--  	      10849.66	
="002608"	舜天船舶	--  	0.00	--  	--  	--  	0	0	--  	          0.00	--  	--  	--  	12.79	    86.27	0	  0.00	船舶	江苏	 0.00	12.79	0	0	--  	0	0	--  	      32855.16	
="002558"	世纪游轮	--  	0.00	--  	--  	--  	0	0	--  	          0.00	--  	--  	--  	31.65	   271.60	0	  0.00	旅游服务	重庆	 0.00	31.65	0	0	--  	0	0	--  	       3244.39	
="002534"	杭锅股份	--  	0.00	--  	--  	--  	0	0	--  	          0.00	--  	--  	--  	19.00	    58.39	0	  0.00	专用机械	浙江	 0.00	19.00	0	0	--  	0	0	--  	      39168.26	
="002529"	海源机械	--  	0.00	--  	--  	--  	0	0	--  	          0.00	--  	--  	--  	15.03	--  	0	  0.00	专用机械	福建	 0.00	15.03	0	0	--  	0	0	--  	      15608.25	
="002509"	天广消防	--  	0.00	--  	--  	--  	0	0	--  	          0.00	--  	--  	--  	12.27	    51.77	0	  0.00	专用机械	福建	 0.00	12.27	0	0	--  	0	0	--  	      23109.89	
="002485"	希努尔	--  	0.00	--  	--  	--  	0	0	--  	          0.00	--  	--  	--  	10.13	--  	0	  0.00	服饰	山东	 0.00	10.13	0	0	--  	0	0	--  	      32000.00	
="002426"	胜利精密	--  	0.00	--  	--  	--  	0	0	--  	          0.00	--  	--  	--  	11.26	    68.41	0	  0.00	元器件	江苏	 0.00	11.26	0	0	--  	0	0	--  	      35306.58	
="002324"	普利特	--  	0.00	--  	--  	--  	0	0	--  	          0.00	--  	--  	--  	19.90	    26.33	0	  0.00	塑料	上海	 0.00	19.90	0	0	--  	0	0	--  	      15582.66	
="002323"	中联电气	--  	0.00	--  	--  	--  	0	0	--  	          0.00	--  	--  	--  	21.95	   130.92	0	  0.00	电气设备	江苏	 0.00	21.95	0	0	--  	0	0	--  	       8350.16	
="002220"	天宝股份	--  	0.00	--  	--  	--  	0	0	--  	          0.00	--  	--  	--  	8.18	    22.08	0	  0.00	食品	辽宁	 0.00	8.18	0	0	--  	0	0	--  	      38948.12	
="002103"	广博股份	--  	0.00	--  	--  	--  	0	0	--  	          0.00	--  	--  	--  	10.18	   172.72	0	  0.00	文教休闲	浙江	 0.00	10.18	0	0	--  	0	0	--  	      17095.44	
="002044"	江苏三友	--  	0.00	--  	--  	--  	0	0	--  	          0.00	--  	--  	--  	10.04	    43.13	0	  0.00	服饰	江苏	 0.00	10.04	0	0	--  	0	0	--  	      22410.00	
="002013"	中航机电	--  	0.00	--  	--  	--  	0	0	--  	          0.00	--  	--  	--  	22.15	    51.08	0	  0.00	汽车配件	湖北	 0.00	22.15	0	0	--  	0	0	--  	      29285.81	
="002009"	天奇股份	--  	0.00	--  	--  	--  	0	0	--  	          0.00	--  	--  	--  	16.30	    47.89	0	  0.00	工程机械	江苏	 0.00	16.30	0	0	--  	0	0	--  	      25991.22	
="002006"	*ST精功	--  	0.00	--  	--  	--  	0	0	--  	          0.00	--  	--  	--  	8.75	--  	0	  0.00	工程机械	浙江	 0.00	8.75	0	0	--  	0	0	--  	      43677.89	
="000920"	南方汇通	--  	0.00	--  	--  	--  	0	0	--  	          0.00	--  	--  	--  	13.23	    31.50	0	  0.00	运输设备	贵州	 0.00	13.23	0	0	--  	0	0	--  	      42200.00	
="000898"	鞍钢股份	0.00	4.04	0.00	4.03	4.04	251284	2126	          0.24	          0.41	4.01	4.07	4.01	4.04	    23.75	101444528	  0.38	普钢	辽宁	 1.49	4.04	135905	115379	  1.18	2479	8173	--  	     614893.63	
="000796"	易食股份	--  	0.00	--  	--  	--  	0	0	--  	          0.00	--  	--  	--  	7.23	    95.94	0	  0.00	食品	陕西	 0.00	7.23	0	0	--  	0	0	--  	      24652.30	
="000795"	太原刚玉	--  	0.00	--  	--  	--  	0	0	--  	          0.00	--  	--  	--  	10.92	--  	0	  0.00	矿物制品	山西	 0.00	10.92	0	0	--  	0	0	--  	      27679.44	
="000776"	广发证券	--  	0.00	--  	--  	--  	0	0	--  	          0.00	--  	--  	--  	13.47	    19.67	0	  0.00	证券	广东	 0.00	13.47	0	0	--  	0	0	--  	     591929.13	
="000710"	天兴仪表	--  	0.00	--  	--  	--  	0	0	--  	          0.00	--  	--  	--  	13.60	--  	0	  0.00	汽车配件	四川	 0.00	13.60	0	0	--  	0	0	--  	      15120.00	
="000672"	上峰水泥	0.00	7.76	0.00	7.75	7.76	57803	1137	         -0.12	          2.74	7.76	7.85	7.57	7.76	    15.70	44416352	  0.83	水泥	甘肃	 3.61	7.68	32346	25457	  1.27	179	176	--  	      21069.01	
="000627"	天茂集团	--  	0.00	--  	--  	--  	0	0	--  	          0.00	--  	--  	--  	4.10	    28.37	0	  0.00	化工原料	湖北	 0.00	4.10	0	0	--  	0	0	--  	     135358.98	
="000543"	皖能电力	0.00	8.29	0.00	8.28	8.29	85501	1563	          0.12	          0.83	8.29	8.34	8.25	8.29	     9.23	70902504	  0.48	火力发电	安徽	 1.09	8.29	45495	40006	  1.14	551	318	--  	     102515.75	
="000533"	万 家 乐	--  	0.00	--  	--  	--  	0	0	--  	          0.00	--  	--  	--  	5.97	    35.25	0	  0.00	家用电器	广东	 0.00	5.97	0	0	--  	0	0	--  	      68487.71	
="000525"	红 太 阳	--  	0.00	--  	--  	--  	0	0	--  	          0.00	--  	--  	--  	15.92	    15.22	0	  0.00	农药化肥	江苏	 0.00	15.92	0	0	--  	0	0	--  	      50698.30	
="000498"	山东路桥	--  	0.00	--  	--  	--  	0	0	--  	          0.00	--  	--  	--  	4.64	    27.67	0	  0.00	建筑施工	山东	 0.00	4.64	0	0	--  	0	0	--  	      35417.01	
="000415"	渤海租赁	--  	0.00	--  	--  	--  	0	0	--  	          0.00	--  	--  	--  	10.28	    19.57	0	  0.00	多元金融	新疆	 0.00	10.28	0	0	--  	0	0	--  	     126917.42	
="600655"	豫园商城	-0.09	11.07	-0.01	11.06	11.07	123645	84	          0.09	          0.86	11.10	11.23	10.98	11.08	    20.44	137164224	  0.40	百货	上海	 2.26	11.09	66977	56668	  1.18	774	134	--  	     143732.20	
="002142"	宁波银行	-0.09	10.93	-0.01	10.92	10.93	319880	3682	          0.00	          1.11	10.91	11.10	10.75	10.94	     5.81	348163264	  1.09	银行	浙江	 3.20	10.88	193302	126578	  1.53	330	100	--  	     287241.59	
="600801"	华新水泥	-0.12	8.12	-0.01	8.11	8.12	75483	86	          0.00	          0.78	8.15	8.18	8.08	8.13	    11.18	61364876	  0.62	水泥	湖北	 1.23	8.13	39544	35939	  1.10	1652	856	--  	      97167.99	
="600016"	民生银行	-0.15	6.45	-0.01	6.44	6.45	1494413	403	          0.31	          0.55	6.45	6.48	6.39	6.46	     4.48	961194048	  0.46	银行	北京	 1.39	6.43	700646	793767	  0.88	6541	3436	--  	    2710607.50	
="600881"	亚泰集团	-0.17	5.88	-0.01	5.87	5.88	225040	10	          0.17	          1.19	5.98	5.98	5.78	5.89	    52.07	131808936	  0.50	水泥	吉林	 3.40	5.86	108754	116286	  0.94	1114	265	--  	     189473.20	
="600999"	招商证券	-0.23	13.11	-0.03	13.10	13.11	384623	29	          0.07	          0.83	13.11	13.31	13.05	13.14	    22.54	506286880	  0.47	证券	深圳	 1.98	13.16	181473	203150	  0.89	202	412	--  	     466109.97	
="600985"	雷鸣科化	-0.24	16.85	-0.04	16.85	16.86	14957	2	          0.11	          1.15	16.91	17.12	16.79	16.89	    24.31	25311380	  0.69	化工原料	安徽	 1.95	16.92	7587	7370	  1.03	1	3	--  	      12960.00	
="002007"	华兰生物	-0.29	34.94	-0.10	34.94	34.95	82022	685	          0.11	          1.42	35.31	35.77	34.65	35.04	    36.04	288777984	  0.87	生物制药	河南	 3.20	35.21	42000	40022	  1.05	19	31	--  	      57686.69	
="000966"	长源电力	-0.32	9.48	-0.03	9.47	9.48	72987	684	          0.10	          1.32	9.54	9.59	9.44	9.51	     6.34	69440952	  1.20	火力发电	湖北	 1.58	9.51	43063	29924	  1.44	521	1637	--  	      55414.19	
="600795"	国电电力	-0.35	2.82	-0.01	2.82	2.83	942202	1	          0.00	          0.61	2.84	2.84	2.80	2.83	     7.12	266031120	  0.55	火力发电	辽宁	 1.41	2.82	566167	376035	  1.51	8281	72231	--  	    1539514.88	
="000877"	天山股份	-0.39	7.76	-0.03	7.76	7.77	192488	1644	         -0.12	          2.19	7.76	7.88	7.72	7.79	    16.67	150219328	  0.67	水泥	新疆	 2.05	7.80	96748	95740	  1.01	1227	7611	--  	      88001.99	
="600720"	祁连山	-0.48	8.38	-0.04	8.38	8.39	163780	50	          0.00	          2.11	8.40	8.47	8.31	8.42	     7.68	137429392	  0.59	水泥	甘肃	 1.90	8.39	85856	77924	  1.10	264	931	--  	      77616.27	
="601669"	中国电建	-0.50	3.97	-0.02	3.97	3.98	746770	529	         -0.25	          2.26	3.98	4.00	3.95	3.99	     8.60	296816928	  0.58	建筑施工	北京	 1.25	3.97	377194	369576	  1.02	3016	9084	--  	     330000.00	
="000916"	华北高速	-0.55	5.46	-0.03	5.46	5.48	69120	1264	         -0.18	          0.63	5.51	5.61	5.46	5.49	    20.32	38219104	  0.81	路桥	北京	 2.73	5.53	49404	19716	  2.51	185	19	--  	     108997.39	
="002465"	海格通信	-0.61	17.79	-0.11	17.79	17.80	196728	1680	         -0.16	          2.18	17.85	17.95	17.61	17.90	    74.83	350006272	  0.55	通信设备	广东	 1.90	17.79	110558	86170	  1.28	886	440	--  	      90429.34	
="002302"	西部建设	-0.63	14.27	-0.09	14.27	14.28	57362	734	          0.00	          2.12	14.28	14.48	14.03	14.36	    32.39	81763760	  0.81	水泥	新疆	 3.13	14.25	32674	24688	  1.32	182	178	--  	      27091.33	
="000900"	现代投资	-0.63	6.29	-0.04	6.28	6.29	89440	501	          0.00	          0.88	6.33	6.34	6.25	6.33	    16.36	56323840	  0.45	路桥	湖南	 1.42	6.30	45590	43850	  1.04	1742	213	--  	     101128.75	
="601901"	方正证券	-0.72	6.88	-0.05	6.88	6.89	1110097	6	          0.14	          1.82	6.93	6.99	6.86	6.93	    28.66	770385664	  0.44	证券	湖南	 1.88	6.94	575565	534532	  1.08	2238	3314	--  	     610000.00	
="000528"	柳    工	-0.75	7.92	-0.06	7.92	7.93	176785	4574	         -0.12	          1.57	7.95	8.01	7.90	7.98	    37.25	140502784	  0.58	工程机械	广西	 1.38	7.95	102686	74099	  1.39	10965	710	--  	     112508.84	
="000993"	闽东电力	-0.78	10.22	-0.08	10.22	10.23	36702	431	          0.00	          0.98	10.33	10.33	10.16	10.30	    32.42	37477472	  0.64	水力发电	福建	 1.65	10.21	21335	15367	  1.39	49	213	--  	      37300.00	
="300083"	劲胜精密	-0.88	24.84	-0.22	24.84	24.85	42721	338	         -0.63	          4.86	25.29	26.00	24.77	25.06	   120.94	108289920	  1.01	元器件	广东	 4.91	25.35	22116	20605	  1.07	6	138	--  	       8787.37	
="600676"	交运股份	-0.95	8.32	-0.08	8.32	8.33	114421	32	         -0.12	          1.46	8.41	8.45	8.28	8.40	    22.55	95710512	  0.37	汽车配件	上海	 2.02	8.36	62380	52041	  1.20	37	38	--  	      78214.10	
="600098"	广州发展	-0.95	6.24	-0.06	6.23	6.24	127108	65	          0.16	          0.52	6.29	6.32	6.21	6.30	    12.65	79430000	  0.41	火力发电	广东	 1.75	6.25	76104	51004	  1.49	318	92	--  	     243737.45	
="002557"	洽洽食品	-0.96	20.65	-0.20	20.58	20.65	18620	1045	          0.29	          0.55	20.87	20.93	20.52	20.85	    25.35	38493404	  0.58	食品	安徽	 1.97	20.67	12027	6593	  1.82	72	40	--  	      33800.00	
="600354"	敦煌种业	-1.20	8.21	-0.10	8.21	8.22	133857	81	         -0.24	          2.99	8.28	8.41	8.10	8.31	--  	110249200	  0.46	种植业	甘肃	 3.73	8.24	73029	60828	  1.20	69	130	--  	      44780.21	
="000816"	江淮动力	-1.27	7.00	-0.09	6.99	7.00	201117	1771	          0.14	          1.85	7.14	7.14	6.85	7.09	   176.81	140284576	  0.62	机械基件	江苏	 4.09	6.98	131692	69425	  1.90	1259	3088	--  	     108877.75	
="000623"	吉林敖东	-1.28	23.15	-0.30	23.15	23.16	166326	890	         -0.12	          2.11	23.48	23.48	23.03	23.45	    16.99	386180384	  0.58	中成药	吉林	 1.92	23.22	93738	72588	  1.29	1133	303	--  	      78904.07	
="600635"	大众公用	-1.30	6.06	-0.08	6.06	6.07	228206	60	         -0.16	          1.39	6.12	6.15	6.04	6.14	    37.06	138778048	  0.56	供气供热	上海	 1.79	6.08	135996	92210	  1.47	783	89	--  	     164486.98	
="000089"	深圳机场	-1.39	4.98	-0.07	4.97	4.98	86518	289	          0.00	          0.51	5.05	5.05	4.95	5.05	    32.93	43176044	  0.64	机场	深圳	 1.98	4.99	55016	31502	  1.75	460	11	--  	     169169.27	
="601058"	赛轮股份	-1.42	17.41	-0.25	17.40	17.41	22872	23	          0.05	          0.61	17.66	17.74	17.37	17.66	    19.61	40159712	  0.67	汽车配件	山东	 2.10	17.56	12704	10168	  1.25	32	13	--  	      37800.00	
="000750"	国海证券	-1.48	10.68	-0.16	10.68	10.69	378647	9090	          0.09	          1.88	10.80	10.92	10.66	10.84	    39.76	409131840	  0.48	证券	广西	 2.40	10.81	202312	176335	  1.15	6	1034	--  	     201821.09	
="600400"	红豆股份	-1.63	6.04	-0.10	6.04	6.05	96300	150	          0.33	          1.72	6.15	6.15	5.96	6.14	   109.56	58064588	  0.57	服饰	江苏	 3.09	6.03	59240	37060	  1.60	219	509	--  	      56039.96	
="601919"	中国远洋	-1.70	4.63	-0.08	4.63	4.64	362204	317	         -0.43	          0.47	4.70	4.73	4.61	4.71	--  	168917616	  0.67	水运	天津	 2.55	4.66	213288	148916	  1.43	681	269	--  	     763567.44	
="600033"	福建高速	-1.87	3.15	-0.06	3.14	3.15	347897	690	          0.00	          1.27	3.18	3.19	3.13	3.21	    12.99	109697560	  0.74	路桥	福建	 1.87	3.15	227517	120380	  1.89	1831	4273	--  	     274440.00	
="000632"	三木集团	-1.97	6.48	-0.13	6.48	6.49	100621	640	         -0.15	          2.16	6.55	6.66	6.45	6.61	   398.86	65817068	  0.89	综合类	福建	 3.18	6.54	61669	38952	  1.58	6298	427	--  	      46505.91	
="600162"	香江控股	-2.28	6.43	-0.15	6.43	6.44	367666	15	         -0.15	          4.79	6.57	6.64	6.37	6.58	    15.06	239154560	  0.82	全国地产	深圳	 4.10	6.50	218975	148691	  1.47	182	747	--  	      76781.27	
="000507"	珠海港	-2.34	7.50	-0.18	7.50	7.51	723373	9438	          0.13	          9.37	7.50	7.85	7.41	7.68	--  	548323648	  0.81	港口	广东	 5.73	7.58	363528	359845	  1.01	1215	1027	--  	      77214.38	
="600483"	福能股份	-2.40	10.18	-0.25	10.18	10.20	60953	205	          0.09	          2.11	10.32	10.37	10.08	10.43	    17.85	62193900	  0.56	火力发电	福建	 2.78	10.20	42100	18853	  2.23	110	40	--  	      28848.36	
="600970"	中材国际	-2.52	10.04	-0.26	10.04	10.05	421572	20	          0.09	          3.86	10.10	10.23	10.00	10.30	    16.67	425455584	  0.91	建筑施工	江苏	 2.23	10.09	233908	187664	  1.25	290	359	--  	     109329.72	
="600897"	厦门空港	-2.74	21.66	-0.61	21.65	21.66	72390	1	          0.74	          2.43	21.97	22.17	21.40	22.27	    13.38	157154704	  1.11	机场	福建	 3.46	21.71	41458	30932	  1.34	2444	19	--  	      29781.00	
="000601"	韶能股份	-2.81	6.58	-0.19	6.58	6.59	172758	1969	         -0.15	          1.74	6.76	6.76	6.51	6.77	    20.07	114067728	  0.42	火力发电	广东	 3.69	6.60	120151	52607	  2.28	266	1156	--  	      99398.67	
="002051"	中工国际	-2.82	23.81	-0.69	23.80	23.81	100177	1593	         -0.16	          1.31	24.25	24.25	23.57	24.50	    19.55	238847056	  0.75	建筑施工	北京	 2.78	23.84	59387	40790	  1.46	1899	51	--  	      76414.59	
="600528"	中铁二局	-2.83	7.20	-0.21	7.20	7.21	315940	5	          0.13	          2.17	7.41	7.44	7.16	7.41	    26.43	229350848	  0.76	建筑施工	四川	 3.78	7.26	192909	123031	  1.57	577	1005	--  	     145920.00	
="600082"	海泰发展	-2.94	6.60	-0.20	6.59	6.60	239093	812	          0.15	          3.80	6.70	6.78	6.57	6.80	    58.38	159288464	  1.01	园区开发	天津	 3.09	6.66	136949	102144	  1.34	499	1148	--  	      62998.89	
="000088"	盐 田 港	-3.02	8.35	-0.26	8.35	8.36	500799	8850	         -0.35	          2.58	8.45	8.75	8.33	8.61	    35.25	426232096	  1.01	港口	深圳	 4.88	8.51	270688	230111	  1.18	2001	138	--  	     194212.78	
="000652"	泰达股份	-3.11	5.92	-0.19	5.91	5.92	274031	4403	         -0.16	          1.87	6.11	6.11	5.90	6.11	--  	164043152	  0.74	综合类	天津	 3.44	5.99	158609	115422	  1.37	2082	1823	--  	     146567.00	
="000897"	津滨发展	-3.30	6.75	-0.23	6.74	6.75	732067	7160	          0.00	          4.53	6.86	6.93	6.72	6.98	   360.63	500043136	  1.00	区域地产	天津	 3.01	6.83	414847	317220	  1.31	6299	559	--  	     161708.06	
="600875"	东方电气	-3.36	16.12	-0.56	16.11	16.12	232496	32	         -0.06	          1.40	16.60	16.60	16.06	16.68	    22.24	377011008	  0.72	电气设备	四川	 3.24	16.22	130628	101868	  1.28	58	14	--  	     166386.00	
="300019"	硅宝科技	-3.45	17.62	-0.63	17.62	17.64	73099	622	         -0.05	          6.80	18.10	18.20	17.54	18.25	    36.54	129194152	  3.54	化工原料	四川	 3.62	17.67	50355	22744	  2.21	827	5	--  	      10745.41	
="000981"	银亿股份	-3.47	11.70	-0.42	11.66	11.70	43259	570	         -0.59	          0.50	12.10	12.14	11.64	12.12	    21.44	51188436	  1.38	区域地产	甘肃	 4.13	11.83	26614	16645	  1.60	34	21	--  	      85810.52	
="600153"	建发股份	-3.90	7.63	-0.31	7.63	7.64	785934	8	         -0.13	          2.77	7.80	7.97	7.62	7.94	    10.31	609927936	  1.15	商贸代理	福建	 4.41	7.76	403438	382496	  1.05	142	241	--  	     283520.06	
数据来源:通达信
