代码	名称	涨幅%%	现价	涨跌	买价	卖价	总量	现量	涨速%%	换手%%	今开	最高	最低	昨收	市盈(动)	总金额	量比	细分行业	地区	振幅%%	均价	内盘	外盘	内外比	买量	卖量	未匹配量	流通股本	
="000159"	国际实业	10.01	10.22	0.93	10.22	--  	296687	4245	          0.00	          6.17	9.19	10.22	9.10	9.29	    56.85	285881664	  1.35	石油贸易	新疆	12.06	9.64	174774	121913	  1.43	42672	0	--  	      48113.92	
="002547"	春兴精工	8.58	17.85	1.41	17.85	17.86	174767	1335	         -0.05	         12.15	16.51	18.05	16.51	16.44	    49.67	304596032	  2.16	通信设备	江苏	 9.37	17.43	65106	109661	  0.59	842	128	--  	      14378.58	
="600875"	东方电气	7.98	16.50	1.22	16.49	16.50	763299	68	          0.24	          4.59	15.33	16.79	15.33	15.28	    22.76	1221785216	  2.20	电气设备	四川	 9.55	16.01	326428	436871	  0.75	90	52	--  	     166386.00	
="000507"	珠海港	7.69	7.00	0.50	6.99	7.00	1090428	8324	          0.28	         14.12	6.64	7.15	6.61	6.50	--  	757029376	  1.35	港口	广东	 8.31	6.94	481314	609114	  0.79	6413	5159	--  	      77214.38	
="000088"	盐 田 港	7.20	8.04	0.54	8.04	8.05	826951	13067	          0.49	          4.26	7.71	8.22	7.71	7.50	    33.94	656338752	  1.10	港口	深圳	 6.80	7.94	359383	467568	  0.77	1320	2939	--  	     194212.78	
="600650"	锦江投资	6.83	13.60	0.87	13.58	13.60	106084	80	          0.66	          2.72	12.79	13.66	12.71	12.73	    33.41	141369312	  0.85	公共交通	上海	 7.46	13.33	45880	60204	  0.76	66	175	--  	      39056.01	
="300019"	硅宝科技	6.78	18.28	1.16	18.27	18.28	47376	656	         -0.10	          4.41	17.12	18.55	17.11	17.12	    37.90	85179400	  4.11	化工原料	四川	 8.41	17.98	12199	35177	  0.35	11	203	--  	      10745.41	
="002202"	金风科技	6.08	12.56	0.72	12.56	12.57	568509	15016	          0.31	          2.66	11.81	12.56	11.80	11.84	    21.24	695285440	  1.47	电气设备	新疆	 6.42	12.23	218217	350292	  0.62	6275	1579	--  	     213853.45	
="600162"	香江控股	5.44	6.40	0.33	6.38	6.39	945109	234	         -0.15	         12.31	6.68	6.68	6.02	6.07	    14.99	593836032	  5.13	全国地产	深圳	10.87	6.28	511248	433861	  1.18	1142	400	--  	      76781.27	
="002177"	御银股份	5.35	7.48	0.38	7.47	7.48	639570	5821	          0.00	         11.77	7.11	7.65	7.11	7.10	    35.87	474860576	  1.67	电脑设备	广东	 7.61	7.42	271524	368046	  0.74	2175	996	--  	      54339.60	
="002253"	川大智胜	5.34	35.50	1.80	35.50	35.51	51667	1984	          0.68	          4.11	33.90	35.75	33.88	33.70	   201.45	180644624	  1.53	软件服务	四川	 5.55	34.96	19285	32382	  0.60	1136	52	--  	      12585.73	
="000545"	金浦钛业	5.21	14.54	0.72	14.53	14.54	140109	513	         -0.20	          8.96	13.96	14.65	13.82	13.82	    97.68	199833184	  1.95	化工原料	吉林	 6.01	14.26	50457	89652	  0.56	93	275	--  	      15637.36	
="300346"	南大光电	4.55	41.60	1.81	41.57	41.60	38413	462	          0.14	         10.72	39.80	41.60	39.30	39.79	    87.95	155743808	  1.88	半导体	江苏	 5.78	40.54	16530	21883	  0.76	6	68	--  	       3584.05	
="002695"	煌上煌	4.44	34.31	1.46	34.30	34.31	29832	237	         -0.05	          6.95	32.90	34.37	32.81	32.85	    38.39	101076824	  1.86	食品	江西	 4.75	33.88	11047	18785	  0.59	123	20	--  	       4293.64	
="002588"	史丹利	4.40	32.54	1.37	32.53	32.54	29196	250	          0.06	          1.77	31.27	32.58	31.20	31.17	    16.87	92838480	  1.35	农药化肥	山东	 4.43	31.80	11537	17659	  0.65	146	112	--  	      16462.27	
="600728"	佳都科技	4.32	16.19	0.67	16.17	16.18	116752	176	         -0.12	          3.22	15.55	16.27	15.40	15.52	   520.85	184934224	  1.13	软件服务	广东	 5.61	15.84	43698	73054	  0.60	169	24	--  	      36280.03	
="300259"	新天科技	4.30	16.48	0.68	16.47	16.48	55509	325	          0.48	          3.90	15.66	16.65	15.60	15.80	    48.70	90257600	  1.93	电器仪表	河南	 6.65	16.26	24782	30727	  0.81	1	53	--  	      14223.29	
="600419"	天润乳业	4.26	22.76	0.93	22.74	22.75	15304	5	         -0.04	          1.91	21.70	22.84	21.70	21.83	   107.06	34261656	  1.36	乳制品	新疆	 5.22	22.39	5613	9691	  0.58	267	5	--  	       8016.00	
="300118"	东方日升	4.12	10.61	0.42	10.60	10.61	131713	5010	          0.18	          3.47	10.13	10.65	10.13	10.19	   156.60	136587456	  0.79	半导体	浙江	 5.10	10.37	62019	69694	  0.89	1006	379	--  	      37982.94	
="601313"	江南嘉捷	4.05	11.57	0.45	11.56	11.57	62332	1	          0.60	          2.32	11.16	11.67	11.12	11.12	    21.31	71125920	  0.85	运输设备	江苏	 4.95	11.41	26464	35868	  0.74	5	134	--  	      26852.53	
="002161"	远 望 谷	3.95	8.95	0.34	8.94	8.95	352187	6899	          0.11	          5.07	8.61	8.98	8.60	8.61	   472.55	310561664	  1.40	通信设备	深圳	 4.41	8.82	140155	212032	  0.66	801	248	--  	      69472.39	
="002350"	北京科锐	3.88	14.44	0.54	14.43	14.44	52050	217	          0.34	          2.39	13.90	14.58	13.90	13.90	    56.95	74493392	  1.54	电气设备	北京	 4.89	14.31	19729	32321	  0.61	9	159	--  	      21821.63	
="600565"	迪马股份	3.85	4.85	0.18	4.84	4.85	408789	110	          0.00	          5.68	4.69	4.95	4.64	4.67	    54.37	197039536	  3.10	全国地产	重庆	 6.64	4.82	145576	263213	  0.55	776	2474	--  	      72000.00	
="600622"	嘉宝集团	3.79	7.95	0.29	7.94	7.95	249353	70	          0.12	          4.85	7.65	7.96	7.61	7.66	    10.63	195312800	  2.01	综合类	上海	 4.57	7.83	110552	138801	  0.80	586	2696	--  	      51430.37	
="300193"	佳士科技	3.72	17.55	0.63	17.54	17.55	60153	1247	          0.22	          3.96	16.91	17.55	16.90	16.92	    49.00	103580624	  1.33	专用机械	深圳	 3.84	17.22	32979	27174	  1.21	151	559	--  	      15209.28	
="002615"	哈尔斯	3.61	31.60	1.10	31.58	31.60	23391	304	          0.19	          4.58	30.40	31.76	30.30	30.50	    38.14	72810040	  1.03	家居用品	浙江	 4.79	31.13	9971	13420	  0.74	136	149	--  	       5106.25	
="001896"	豫能控股	3.48	9.22	0.31	9.22	9.23	55128	1286	          0.21	          1.28	8.81	9.23	8.67	8.91	    14.18	49192416	  0.90	火力发电	河南	 6.29	8.92	26403	28725	  0.92	9	192	--  	      42999.25	
="000650"	仁和药业	3.45	7.50	0.25	7.50	7.51	177692	3398	         -0.13	          1.79	7.24	7.52	7.20	7.25	    27.84	130759096	  1.13	中成药	江西	 4.41	7.36	68659	109033	  0.63	212	1432	--  	      99040.99	
="300055"	万邦达	3.38	37.98	1.24	37.96	37.98	35664	157	          0.13	          2.08	36.55	38.16	36.55	36.74	    62.69	134720480	  1.62	环境保护	北京	 4.38	37.77	14438	21226	  0.68	3	13	--  	      17184.46	
="000877"	天山股份	3.34	8.04	0.26	8.04	8.05	544695	9872	          0.12	          6.19	7.70	8.08	7.51	7.78	    17.28	421958944	  0.77	水泥	新疆	 7.33	7.75	264793	279902	  0.95	1679	6641	--  	      88001.99	
="600138"	中青旅	3.31	16.86	0.54	16.85	16.86	219637	38	         -0.05	          3.53	16.35	17.01	16.27	16.32	    30.40	365424416	  1.41	旅游服务	北京	 4.53	16.64	96447	123190	  0.78	81	27	--  	      62302.50	
="000605"	渤海股份	3.27	18.01	0.57	18.01	18.02	32726	570	         -0.22	          3.70	17.44	18.20	17.38	17.44	    89.55	58774656	  2.20	水务	北京	 4.70	17.96	11140	21586	  0.52	269	3	--  	       8842.98	
="002691"	石中装备	3.24	15.62	0.49	15.62	15.63	53871	1320	          0.12	          8.17	15.14	15.64	14.96	15.13	    90.32	82809584	  1.64	专用机械	河北	 4.49	15.37	22524	31347	  0.72	87	808	--  	       6596.93	
="300302"	同有科技	3.20	25.80	0.80	25.80	25.81	16040	410	          0.00	          3.90	25.10	25.81	25.10	25.00	   235.50	41025792	  1.24	软件服务	北京	 2.84	25.58	6825	9215	  0.74	163	66	--  	       4113.33	
="600293"	三峡新材	3.16	7.50	0.23	7.50	7.51	95138	10	          1.07	          2.76	7.26	7.52	7.16	7.27	   229.68	69727216	  0.99	玻璃	湖北	 4.95	7.33	36921	58217	  0.63	58	704	--  	      34450.26	
="300270"	中威电子	3.09	23.01	0.69	23.01	23.03	14148	485	          0.13	          2.23	22.38	23.01	22.30	22.32	    89.35	32131148	  0.75	通信设备	浙江	 3.18	22.71	5493	8655	  0.63	22	50	--  	       6343.12	
="002700"	新疆浩源	3.01	23.65	0.69	23.65	23.66	36733	1260	          0.04	          3.84	22.98	23.75	22.75	22.96	    53.19	85359016	  0.66	供气供热	新疆	 4.36	23.24	16611	20122	  0.83	109	305	--  	       9564.16	
="002007"	华兰生物	2.99	34.81	1.01	34.81	34.83	127944	815	          0.05	          2.22	33.68	35.20	33.68	33.80	    35.91	443747968	  0.68	生物制药	河南	 4.50	34.68	55903	72041	  0.78	131	31	--  	      57686.69	
="002622"	永大集团	2.97	18.38	0.53	18.37	18.38	22960	188	          0.05	          2.38	17.99	18.48	17.92	17.85	    79.15	41714804	  1.28	电气设备	吉林	 3.14	18.17	9355	13605	  0.69	54	254	--  	       9653.75	
="300306"	远方光电	2.94	32.21	0.92	32.21	32.22	7975	50	         -0.06	          2.15	31.65	32.41	31.06	31.29	    47.56	25304376	  0.92	电器仪表	浙江	 4.31	31.73	3285	4690	  0.70	38	21	--  	       3707.95	
="300138"	晨光生物	2.92	12.70	0.36	12.70	12.71	63718	634	         -0.15	          5.05	12.30	12.76	12.22	12.34	   133.59	79851120	  1.17	食品	河北	 4.38	12.53	30071	33647	  0.89	20	102	--  	      12608.41	
="600120"	浙江东方	2.88	17.87	0.50	17.87	17.88	380500	37	          0.11	          7.53	17.51	18.41	17.29	17.37	    16.69	682057472	  1.00	商贸代理	浙江	 6.45	17.93	170965	209535	  0.82	17	118	--  	      50547.33	
="000981"	银亿股份	2.75	11.97	0.32	11.97	11.98	26172	426	          0.16	          0.30	11.66	12.10	11.66	11.65	    21.93	31188334	  0.69	区域地产	甘肃	 3.78	11.92	13294	12878	  1.03	73	95	--  	      85810.52	
="002479"	富春环保	2.72	10.20	0.27	10.20	10.21	140081	1077	          0.09	          1.92	9.93	10.25	9.80	9.93	    41.26	140999568	  1.08	火力发电	浙江	 4.53	10.07	61393	78688	  0.78	628	3445	--  	      73141.99	
="002680"	黄海机械	2.61	34.99	0.89	34.98	34.99	8224	32	          0.02	          3.43	34.29	35.08	34.01	34.10	   151.72	28583958	  1.07	工程机械	江苏	 3.14	34.75	3166	5058	  0.63	172	50	--  	       2399.22	
="300042"	朗科科技	2.60	17.74	0.45	17.73	17.74	23417	173	          0.11	          3.20	17.35	17.85	17.30	17.29	    86.52	41178176	  0.91	电脑设备	深圳	 3.18	17.58	9576	13841	  0.69	176	107	--  	       7327.91	
="000936"	华西股份	2.60	5.52	0.14	5.51	5.52	188036	1392	          0.18	          2.51	5.38	5.59	5.34	5.38	   105.14	103497864	  1.01	化纤	江苏	 4.65	5.50	77542	110494	  0.70	3629	1404	--  	      74768.59	
="002496"	辉丰股份	2.60	18.15	0.46	18.14	18.15	37129	748	          0.27	          2.01	17.70	18.17	17.41	17.69	    27.71	66082108	  0.73	农药化肥	江苏	 4.30	17.80	17502	19627	  0.89	50	107	--  	      18456.77	
="002215"	诺 普 信	2.54	10.09	0.25	10.08	10.09	58957	756	          0.09	          1.14	9.85	10.09	9.73	9.84	    29.91	58269072	  0.80	农药化肥	深圳	 3.66	9.88	24040	34917	  0.69	5333	719	--  	      51575.60	
="000972"	新中基	2.54	5.25	0.13	5.24	5.25	187596	2007	          0.00	          2.43	5.14	5.37	5.14	5.12	--  	98450920	  1.84	食品	新疆	 4.49	5.25	92107	95489	  0.96	1707	954	--  	      77128.35	
="600587"	新华医疗	2.54	36.39	0.90	36.39	36.40	59664	5	          0.16	          1.71	35.51	36.40	35.51	35.49	    45.13	215981792	  1.13	医疗保健	山东	 2.51	36.20	27544	32120	  0.86	19	202	--  	      34810.62	
="600308"	华泰股份	2.53	4.05	0.10	4.04	4.05	350319	489	          0.49	          3.00	3.90	4.06	3.85	3.95	    52.83	138639520	  1.38	造纸	山东	 5.32	3.96	134266	216053	  0.62	1360	21	--  	     116756.14	
="002162"	斯米克	2.50	8.60	0.21	8.58	8.60	125529	3351	          0.58	          3.00	8.42	8.64	8.34	8.39	   370.82	107072656	  0.42	陶瓷	上海	 3.58	8.53	57407	68122	  0.84	243	776	--  	      41800.00	
="300211"	亿通科技	2.44	23.50	0.56	23.48	23.50	12713	301	          0.21	          2.68	22.94	23.55	22.90	22.94	    98.64	29544920	  1.20	通信设备	江苏	 2.83	23.24	4985	7728	  0.65	14	29	--  	       4739.52	
="002406"	远东传动	2.42	12.29	0.29	12.28	12.29	58074	536	         -0.08	          3.29	12.05	12.33	11.95	12.00	    25.49	70648368	  1.02	汽车配件	河南	 3.17	12.17	21558	36516	  0.59	621	154	--  	      17661.66	
="600676"	交运股份	2.40	8.10	0.19	8.10	8.11	334861	4	         -0.12	          4.28	7.91	8.15	7.89	7.91	    21.96	269509504	  0.63	汽车配件	上海	 3.29	8.05	158767	176094	  0.90	103	269	--  	      78214.10	
="600165"	新日恒力	2.35	9.58	0.22	9.57	9.58	30487	1	         -0.20	          1.57	9.34	9.63	9.22	9.36	--  	28707900	  0.81	钢加工	宁夏	 4.38	9.42	11930	18557	  0.64	27	5	--  	      19395.34	
="600097"	开创国际	2.27	13.99	0.31	13.99	14.00	28496	70	          0.00	          2.47	13.68	14.00	13.65	13.68	    27.72	39510880	  1.16	渔业	上海	 2.56	13.87	11986	16510	  0.73	4	1091	--  	      11544.99	
="000016"	深康佳Ａ	2.23	5.96	0.13	5.95	5.96	126589	1670	          0.00	          2.11	5.81	5.98	5.81	5.83	   113.11	74846272	  0.66	家用电器	深圳	 2.92	5.91	50969	75620	  0.67	876	106	--  	      59991.50	
="000748"	长城信息	2.21	29.12	0.63	29.10	29.12	24231	121	         -0.03	          0.65	28.59	29.19	28.31	28.49	   127.94	69901432	  0.89	电脑设备	湖南	 3.09	28.85	6021	18210	  0.33	127	367	--  	      37556.21	
="000089"	深圳机场	2.20	5.10	0.11	5.10	5.11	191505	2915	         -0.19	          1.13	4.98	5.24	4.96	4.99	    33.73	98121368	  0.75	机场	深圳	 5.61	5.12	87948	103557	  0.85	2445	2025	--  	     169169.27	
="002560"	通达股份	2.20	20.42	0.44	20.42	20.43	27625	249	          0.00	          6.05	20.04	20.53	19.90	19.98	    80.70	56130252	  1.20	电气设备	河南	 3.15	20.32	11621	16004	  0.73	73	158	--  	       4567.37	
="002144"	宏达高科	2.15	21.35	0.45	21.34	21.35	41650	355	          0.04	          3.04	20.70	21.37	20.70	20.90	    29.76	87801408	  0.69	纺织	浙江	 3.21	21.08	18800	22850	  0.82	34	255	--  	      13679.36	
="002606"	大连电瓷	2.09	16.11	0.33	16.11	16.12	63475	812	          0.00	          5.27	15.66	16.30	15.62	15.78	   146.13	101432720	  0.69	电气设备	辽宁	 4.31	15.98	28705	34770	  0.83	821	470	--  	      12050.00	
="002361"	神剑股份	2.09	8.80	0.18	8.79	8.80	30127	358	          0.22	          1.70	8.59	8.80	8.59	8.62	    33.13	26192520	  0.64	化工原料	安徽	 2.44	8.69	12304	17823	  0.69	162	639	--  	      17698.19	
="300094"	国联水产	2.09	9.79	0.20	9.79	9.80	101296	181	         -0.20	          2.89	9.52	9.95	9.50	9.59	    87.11	99186656	  2.03	渔业	广东	 4.69	9.79	37754	63542	  0.59	617	108	--  	      35072.21	
="002220"	天宝股份	2.08	8.34	0.17	8.33	8.34	134634	1049	          0.00	          3.46	8.19	8.40	8.10	8.17	    22.51	111298928	  1.45	食品	辽宁	 3.67	8.27	71749	62885	  1.14	1019	87	--  	      38948.12	
="002676"	顺威股份	2.07	17.75	0.36	17.75	17.76	20412	204	          0.00	          4.77	17.28	17.98	17.28	17.39	    54.07	36146948	  0.98	塑料	广东	 4.03	17.71	9357	11055	  0.85	544	197	--  	       4275.22	
="600375"	华菱星马	2.05	13.41	0.27	13.41	13.42	160900	179	          0.29	          3.23	13.15	13.52	13.05	13.14	    53.11	214791008	  0.68	汽车整车	安徽	 3.58	13.35	74411	86489	  0.86	16	46	--  	      49788.89	
="002294"	信立泰	2.05	36.30	0.73	36.30	36.31	31509	202	          0.11	          1.10	35.70	36.49	35.31	35.57	    23.69	112749312	  0.82	化学制药	深圳	 3.32	35.78	13538	17971	  0.75	227	25	--  	      28698.46	
="600731"	湖南海利	2.04	8.99	0.18	8.99	9.00	45066	13	          0.00	          1.76	8.80	9.01	8.75	8.81	   560.51	40064196	  0.89	农药化肥	湖南	 2.95	8.89	20944	24122	  0.87	40	48	--  	      25557.66	
="600663"	陆家嘴	2.00	21.42	0.42	21.39	21.40	122520	159	         -0.23	          0.90	21.01	21.58	20.83	21.00	    30.41	261457440	  0.54	园区开发	上海	 3.57	21.34	49320	73200	  0.67	3	56	--  	     135808.41	
="002291"	星期六	1.98	8.24	0.16	8.23	8.24	32916	555	          0.12	          0.91	8.07	8.25	8.00	8.08	    77.92	26793728	  0.87	服饰	广东	 3.09	8.14	13461	19455	  0.69	8	443	--  	      36335.00	
="000551"	创元科技	1.96	10.91	0.21	10.90	10.91	121769	2668	          0.09	          3.04	10.70	10.91	10.58	10.70	    93.05	131080736	  0.91	专用机械	江苏	 3.08	10.76	56852	64917	  0.88	680	964	--  	      40008.03	
="600004"	白云机场	1.96	9.36	0.18	9.35	9.36	123953	62	          0.21	          1.08	9.20	9.50	9.19	9.18	    10.84	115902056	  0.83	机场	广东	 3.38	9.35	55009	68944	  0.80	110	645	--  	     115000.00	
="600336"	澳柯玛	1.94	6.29	0.12	6.27	6.28	248935	4	          0.15	          3.66	6.17	6.33	6.14	6.17	    35.03	155786768	  1.40	家用电器	山东	 3.08	6.26	104550	144385	  0.72	713	80	--  	      68007.20	
="601919"	中国远洋	1.93	4.76	0.09	4.76	4.77	969221	21	          0.00	          1.27	4.66	4.80	4.61	4.67	--  	456889728	  0.62	水运	天津	 4.07	4.71	504478	464743	  1.09	1417	8821	--  	     763567.44	
="300117"	嘉寓股份	1.92	7.45	0.14	7.44	7.45	41255	904	          0.13	          1.27	7.29	7.45	7.28	7.31	    41.53	30446116	  1.01	装修装饰	北京	 2.33	7.38	13676	27579	  0.50	497	741	--  	      32580.00	
="600970"	中材国际	1.91	11.18	0.21	11.18	11.19	1637210	82	          0.17	         14.97	11.45	11.65	10.75	10.97	    18.57	1829172608	  5.54	建筑施工	江苏	 8.20	11.17	704488	932722	  0.76	366	725	--  	     109329.72	
="002448"	中原内配	1.85	17.58	0.32	17.58	17.59	64120	459	         -0.28	          3.57	17.12	17.75	16.83	17.26	    21.26	111307160	  0.42	运输设备	河南	 5.33	17.36	30085	34035	  0.88	151	110	--  	      17946.90	
="300275"	梅安森	1.84	21.64	0.39	21.64	21.65	14213	383	          0.23	          1.35	21.11	21.73	21.11	21.25	    77.27	30558370	  0.51	软件服务	重庆	 2.92	21.50	3483	10730	  0.32	138	276	--  	      10505.59	
="600114"	东睦股份	1.82	15.68	0.28	15.68	15.69	28305	47	          0.38	          1.70	15.38	15.69	15.27	15.40	    44.80	43980944	  0.54	机械基件	浙江	 2.73	15.54	16579	11726	  1.41	36	55	--  	      16601.69	
="002478"	常宝股份	1.80	12.98	0.23	12.98	12.99	64933	337	          0.00	          2.48	12.72	13.14	12.61	12.75	    20.76	84002816	  1.49	普钢	江苏	 4.16	12.94	29783	35150	  0.85	106	15	--  	      26154.86	
="000837"	秦川机床	1.79	11.39	0.20	11.38	11.39	139079	946	          0.08	          5.44	11.21	11.50	11.16	11.19	  2425.42	157578112	  1.01	机床制造	陕西	 3.04	11.33	61465	77614	  0.79	801	1983	--  	      25558.96	
="000989"	九 芝 堂	1.78	15.99	0.28	15.98	15.99	86447	376	          0.06	          2.90	15.88	16.07	15.72	15.71	    30.63	137584992	  0.96	中成药	湖南	 2.23	15.92	39874	46573	  0.86	131	434	--  	      29760.52	
="002563"	森马服饰	1.76	35.82	0.62	35.81	35.82	9340	237	         -0.08	          1.33	35.20	35.98	34.91	35.20	    26.81	33277778	  0.56	服饰	浙江	 3.04	35.63	4740	4600	  1.03	5	5	--  	       7000.00	
="002521"	齐峰新材	1.76	12.16	0.21	12.16	12.17	66699	1249	          0.24	          2.17	11.96	12.17	11.80	11.95	    19.31	79812240	  0.66	造纸	山东	 3.10	11.97	29381	37318	  0.79	178	169	--  	      30760.26	
="002269"	美邦服饰	1.75	11.63	0.20	11.62	11.63	181040	2365	          0.08	          1.80	11.41	11.65	11.33	11.43	    39.03	208265120	  0.77	服饰	上海	 2.80	11.50	83171	97869	  0.85	474	815	--  	     100500.00	
="600095"	哈高科	1.69	7.20	0.12	7.19	7.20	115148	132	         -0.13	          3.19	7.08	7.36	6.95	7.08	   246.77	82432880	  1.61	食品	黑龙江	 5.79	7.16	56555	58593	  0.97	793	339	--  	      36126.35	
="002637"	赞宇科技	1.67	20.70	0.34	20.69	20.70	35670	641	          0.00	          3.70	20.15	20.88	19.91	20.36	    64.91	72683552	  0.73	日用化工	浙江	 4.76	20.38	15454	20216	  0.76	425	603	--  	       9650.91	
="600615"	丰华股份	1.66	13.50	0.22	13.50	13.51	37830	8	          0.37	          2.02	13.34	13.60	13.24	13.28	   174.11	50888296	  0.74	区域地产	上海	 2.71	13.45	18375	19455	  0.94	97	51	--  	      18762.44	
="600238"	海南椰岛	1.59	10.24	0.16	10.23	10.24	115510	16	          0.09	          2.61	10.08	10.28	9.94	10.08	    82.07	116660904	  0.68	红黄药酒	海南	 3.37	10.10	55655	59855	  0.93	48	25	--  	      44203.16	
="002093"	国脉科技	1.59	7.05	0.11	7.04	7.05	98538	3810	          0.14	          1.16	6.94	7.05	6.87	6.94	   125.45	68576560	  0.69	电信运营	福建	 2.59	6.96	49518	49020	  1.01	853	640	--  	      85291.22	
="300231"	银信科技	1.57	15.48	0.24	15.48	15.49	89186	453	         -0.12	          5.73	15.25	15.54	15.12	15.24	    60.89	137492864	  0.86	软件服务	北京	 2.76	15.42	34186	55000	  0.62	259	317	--  	      15562.79	
="600736"	苏州高新	1.55	5.25	0.08	5.24	5.25	347506	250	          0.19	          3.28	5.17	5.29	5.12	5.17	    40.53	181660160	  0.51	园区开发	江苏	 3.29	5.23	148365	199141	  0.75	59	51	--  	     105788.15	
="002501"	利源精制	1.53	18.54	0.28	18.53	18.54	79503	1644	          0.32	          2.37	18.26	18.55	18.12	18.26	    22.28	146163712	  0.58	铝	吉林	 2.35	18.38	36878	42625	  0.87	20	208	--  	      33565.53	
="000836"	鑫茂科技	1.48	7.53	0.11	7.53	7.54	98364	1252	          0.00	          3.36	7.42	7.65	7.39	7.42	--  	73922920	  1.47	软件服务	天津	 3.50	7.52	44302	54062	  0.82	134	711	--  	      29248.98	
="002232"	启明信息	1.48	12.38	0.18	12.38	12.39	64579	2564	          0.32	          1.62	12.16	12.38	12.14	12.20	  1096.48	79176864	  0.56	软件服务	吉林	 1.97	12.26	32191	32388	  0.99	657	623	--  	      39797.07	
="601700"	风范股份	1.45	16.14	0.23	16.14	16.15	28324	10	         -0.06	          1.20	15.89	16.25	15.89	15.91	    32.68	45627328	  0.66	电气设备	江苏	 2.26	16.11	15698	12626	  1.24	20	20	--  	      23576.84	
="002528"	英飞拓	1.44	14.07	0.20	14.06	14.07	55024	1690	          0.21	          1.63	13.85	14.07	13.70	13.87	   451.63	76793816	  0.56	电脑设备	深圳	 2.67	13.96	27749	27275	  1.02	449	368	--  	      33766.19	
="002572"	索菲亚	1.36	23.11	0.31	23.10	23.11	17823	73	         -0.08	          0.71	22.70	23.27	22.70	22.80	    38.59	41084608	  0.75	家居用品	广东	 2.50	23.05	8276	9547	  0.87	57	92	--  	      25138.69	
="002275"	桂林三金	1.34	20.37	0.27	20.37	20.38	78269	1276	          1.09	          1.49	20.10	20.77	19.81	20.10	    27.62	158691328	  1.71	中成药	广西	 4.78	20.28	27124	51145	  0.53	168	356	--  	      52434.82	
="002658"	雪迪龙	1.34	27.97	0.37	27.97	27.98	29493	447	          0.17	          3.94	27.69	27.97	27.33	27.60	    47.15	81571424	  0.88	电器仪表	北京	 2.32	27.66	13660	15833	  0.86	152	142	--  	       7494.56	
="600276"	恒瑞医药	1.32	39.10	0.51	39.07	39.08	52338	1	          0.00	          0.35	38.90	39.45	38.80	38.59	    39.49	204271376	  0.85	化学制药	江苏	 1.68	39.03	19647	32691	  0.60	20	4	--  	     149624.31	
="002318"	久立特材	1.32	26.92	0.35	26.92	26.93	111703	263	          0.07	          3.75	26.36	27.70	26.26	26.57	    38.47	301503904	  1.97	特钢	浙江	 5.42	26.99	52795	58908	  0.90	243	888	--  	      29783.93	
="002690"	美亚光电	1.32	46.16	0.60	46.16	46.20	11846	17	          0.10	          1.07	45.39	47.60	45.36	45.56	    60.48	55032092	  1.10	专用机械	安徽	 4.92	46.45	6311	5535	  1.14	53	1	--  	      11095.95	
="600643"	爱建股份	1.29	11.78	0.15	11.78	11.79	256219	31	          0.34	          3.13	11.68	11.80	11.49	11.63	    26.64	298325888	  0.61	多元金融	上海	 2.67	11.64	118913	137306	  0.87	46	491	--  	      81798.34	
="300103"	达刚路机	1.25	19.49	0.24	19.48	19.49	27962	1263	          0.05	          1.80	19.05	19.50	18.72	19.25	    71.17	53262684	  0.55	工程机械	陕西	 4.05	19.05	14784	13178	  1.12	23	898	--  	      15510.50	
="601369"	陕鼓动力	1.24	7.32	0.09	7.32	7.33	226433	10	          0.13	          1.38	7.18	7.37	7.12	7.23	    30.56	164033936	  1.00	机械基件	陕西	 3.46	7.24	113788	112645	  1.01	80	3540	--  	     163877.02	
="000993"	闽东电力	1.24	9.80	0.12	9.80	9.81	57351	418	         -0.10	          1.54	9.64	9.90	9.56	9.68	    31.09	55840016	  0.66	水力发电	福建	 3.51	9.74	26278	31073	  0.85	271	145	--  	      37300.00	
="000007"	零七股份	1.22	17.48	0.21	17.48	17.49	57306	234	          0.00	          2.78	17.23	17.72	17.20	17.27	--  	100227912	  1.87	酒店餐饮	深圳	 3.01	17.49	22581	34725	  0.65	39	53	--  	      20581.31	
="000035"	中国天楹	1.21	13.37	0.16	13.36	13.37	36769	1167	          0.07	          1.95	13.27	13.37	13.14	13.21	    62.53	48843244	  0.89	通信设备	深圳	 1.74	13.28	14224	22545	  0.63	160	506	--  	      18895.36	
="600077"	宋都股份	1.21	5.85	0.07	5.85	5.86	235413	230	         -0.17	          2.16	5.81	6.00	5.75	5.78	   780.33	138645360	  0.92	全国地产	浙江	 4.33	5.89	115228	120185	  0.96	4486	41	--  	     109096.45	
="002703"	浙江世宝	1.21	26.77	0.32	26.76	26.77	15021	934	         -0.11	         10.01	26.78	26.99	26.35	26.45	   151.21	39988412	  1.42	汽车配件	浙江	 2.42	26.62	5699	9322	  0.61	55	237	--  	       1500.00	
="000926"	福星股份	1.21	8.37	0.10	8.37	8.38	250912	1425	          0.00	          4.75	8.25	8.44	8.21	8.27	     7.71	208556816	  0.69	区域地产	湖北	 2.78	8.31	131683	119229	  1.10	392	1971	--  	      52853.94	
="002661"	克明面业	1.20	42.97	0.51	42.96	42.97	14692	157	         -0.04	          6.88	42.40	43.00	41.50	42.46	    43.24	62072472	  1.09	食品	湖南	 3.53	42.25	6916	7776	  0.89	44	17	--  	       2135.75	
="002457"	青龙管业	1.17	10.40	0.12	10.39	10.40	141692	898	          0.00	          5.59	10.31	10.42	10.25	10.28	    41.73	146879200	  1.40	塑料	宁夏	 1.65	10.37	62389	79303	  0.79	950	130	--  	      25365.41	
="600491"	龙元建设	1.16	4.35	0.05	4.35	4.36	241820	5	          0.00	          2.55	4.30	4.45	4.26	4.30	    19.77	105400096	  1.14	建筑施工	浙江	 4.42	4.36	103752	138068	  0.75	184	2304	--  	      94760.00	
="600160"	巨化股份	1.16	6.98	0.08	6.98	6.99	559314	50	          0.28	          3.09	6.82	7.06	6.69	6.90	    81.45	383911168	  0.88	化工原料	浙江	 5.36	6.86	284910	274404	  1.04	501	812	--  	     181091.59	
="601179"	中国西电	1.15	5.29	0.06	5.29	5.30	527830	167	          0.37	          1.21	5.18	5.35	5.14	5.23	    31.54	276633984	  0.59	电气设备	陕西	 4.02	5.24	271161	256669	  1.06	365	1627	--  	     435700.00	
="300091"	金通灵	1.13	23.17	0.26	23.15	23.17	12985	197	          0.47	          1.03	22.90	23.30	22.50	22.91	   403.32	29593604	  1.64	机械基件	江苏	 3.49	22.79	6741	6244	  1.08	20	150	--  	      12639.70	
="002244"	滨江集团	1.13	7.15	0.08	7.14	7.15	167364	1351	          0.14	          1.46	7.05	7.17	7.05	7.07	    12.74	119086336	  1.36	区域地产	浙江	 1.70	7.12	67439	99925	  0.67	602	2644	--  	     114773.00	
="002494"	华斯股份	1.12	16.30	0.18	16.26	16.30	23346	354	         -0.06	          2.40	16.11	16.36	16.06	16.12	    31.34	37827964	  0.95	服饰	河北	 1.86	16.20	9964	13382	  0.74	12	96	--  	       9726.16	
="600683"	京投银泰	1.10	6.41	0.07	6.40	6.41	77891	15	          0.15	          1.05	6.34	6.53	6.30	6.34	--  	49787376	  0.88	区域地产	浙江	 3.63	6.39	44889	33002	  1.36	101	135	--  	      74077.75	
="601007"	金陵饭店	1.10	11.94	0.13	11.94	11.95	30367	98	          0.33	          1.01	11.78	11.94	11.53	11.81	   136.60	35756644	  0.45	酒店餐饮	江苏	 3.47	11.77	16034	14333	  1.12	13	629	--  	      30000.00	
="600781"	辅仁药业	1.10	21.20	0.23	21.20	21.22	22135	150	          0.18	          1.25	21.10	21.22	20.85	20.97	   171.79	46665120	  0.63	中成药	河南	 1.76	21.08	11263	10872	  1.04	222	24	--  	      17759.28	
="000902"	新洋丰	1.06	14.25	0.15	14.24	14.25	72890	812	          0.00	          2.83	14.11	14.29	13.92	14.10	    14.95	102375416	  1.08	农药化肥	湖北	 2.62	14.05	34019	38871	  0.88	1020	499	--  	      25800.00	
="600708"	海博股份	1.01	9.01	0.09	9.01	9.02	69966	10	          0.00	          1.38	8.90	9.05	8.88	8.92	    32.40	62814424	  0.45	公共交通	上海	 1.91	8.98	34752	35214	  0.99	142	1596	--  	      50838.26	
="002656"	卡奴迪路	1.00	17.10	0.17	17.10	17.11	24631	145	          0.05	          4.12	16.85	17.15	16.85	16.93	   207.41	42005912	  0.70	服饰	广东	 1.77	17.05	11449	13182	  0.87	286	318	--  	       5975.00	
="601137"	博威合金	0.99	19.29	0.19	19.28	19.29	11665	15	          0.15	          0.54	19.10	19.39	18.91	19.10	    61.30	22344248	  0.93	铜	浙江	 2.51	19.15	4645	7020	  0.66	0	55	--  	      21500.00	
="600843"	上工申贝	0.97	13.60	0.13	13.59	13.60	46410	62	          0.29	          2.26	13.45	13.66	13.15	13.47	    90.58	62217216	  0.58	纺织机械	上海	 3.79	13.41	24618	21792	  1.13	38	272	--  	      20494.30	
="002169"	智光电气	0.95	10.59	0.10	10.58	10.59	113327	873	          0.09	          4.61	10.50	10.64	10.22	10.49	    95.42	118030976	  0.55	电气设备	广东	 4.00	10.42	55256	58071	  0.95	217	906	--  	      24588.78	
="002302"	西部建设	0.95	14.95	0.14	14.95	14.96	152366	3422	          1.08	          5.62	14.75	14.95	14.33	14.81	    33.93	221304112	  0.68	水泥	新疆	 4.19	14.52	80476	71890	  1.12	279	40	--  	      27091.33	
="600478"	科力远	0.93	24.88	0.23	24.87	24.88	46380	20	          0.04	          0.98	24.65	25.38	24.60	24.65	--  	115822288	  0.93	元器件	湖南	 3.16	24.97	24178	22202	  1.09	37	59	--  	      47223.51	
="002168"	深圳惠程	0.93	9.77	0.09	9.76	9.77	144995	1514	          0.20	          2.55	9.69	9.83	9.60	9.68	--  	141069072	  0.45	电气设备	深圳	 2.38	9.73	80866	64129	  1.26	1605	697	--  	      56803.58	
="000828"	东莞控股	0.92	6.57	0.06	6.56	6.57	73027	505	          0.00	          0.70	6.49	6.67	6.47	6.51	    12.02	47929808	  0.43	路桥	广东	 3.07	6.56	33108	39919	  0.83	768	1219	--  	     103951.70	
="601116"	三江购物	0.92	8.81	0.08	8.79	8.80	44611	6	          0.22	          1.11	8.72	8.81	8.63	8.73	    28.70	38813424	  0.94	超市连锁	浙江	 2.06	8.70	21832	22779	  0.96	245	4	--  	      40189.30	
="600812"	华北制药	0.90	6.75	0.06	6.74	6.75	90782	15	          0.14	          0.88	6.66	6.76	6.62	6.69	   366.78	60804560	  0.60	化学制药	河北	 2.09	6.70	45281	45501	  1.00	733	1048	--  	     102857.75	
="300204"	舒泰神	0.90	30.38	0.27	30.36	30.38	10816	230	          0.13	          0.46	30.00	30.38	29.80	30.11	    44.27	32602492	  0.65	生物制药	北京	 1.93	30.14	4380	6436	  0.68	5	106	--  	      23575.42	
="002537"	海立美达	0.88	18.42	0.16	18.41	18.42	11073	293	         -0.05	          0.74	18.33	18.43	18.15	18.26	    85.45	20277570	  0.54	机械基件	山东	 1.53	18.31	5012	6061	  0.83	42	143	--  	      15000.00	
="002187"	广百股份	0.86	11.72	0.10	11.71	11.72	21326	150	          0.34	          0.64	11.62	11.76	11.52	11.62	    18.30	24866802	  0.47	百货	广东	 2.07	11.66	9540	11786	  0.81	262	370	--  	      33572.48	
="600655"	豫园商城	0.83	9.76	0.08	9.75	9.76	122426	214	          0.20	          0.85	9.68	9.85	9.61	9.68	    18.02	119192264	  0.53	百货	上海	 2.48	9.74	59504	62922	  0.95	274	395	--  	     143732.20	
="000701"	厦门信达	0.81	12.41	0.10	12.40	12.41	49989	651	          0.08	          2.08	12.26	12.45	12.22	12.31	    43.71	61735324	  0.43	综合类	福建	 1.87	12.35	23961	26028	  0.92	447	478	--  	      24024.32	
="600328"	兰太实业	0.77	10.50	0.08	10.49	10.50	77049	5	          0.28	          2.15	10.32	10.59	10.22	10.42	   232.50	80018856	  0.67	化工原料	内蒙	 3.55	10.39	40347	36702	  1.10	111	9	--  	      35911.80	
="002598"	山东章鼓	0.76	10.54	0.08	10.53	10.54	78095	830	          0.28	          2.97	10.50	10.54	10.28	10.46	    41.66	81326464	  0.47	机械基件	山东	 2.49	10.41	41511	36584	  1.13	1403	163	--  	      26322.46	
="002687"	乔治白	0.76	11.99	0.09	11.97	11.99	29580	274	          0.08	          4.25	11.86	12.09	11.86	11.90	    42.67	35488196	  1.16	服饰	浙江	 1.93	12.00	14963	14617	  1.02	319	488	--  	       6961.27	
="000620"	新华联	0.73	6.87	0.05	6.86	6.87	129045	1055	          0.00	          0.81	6.83	6.91	6.78	6.82	    36.51	88481192	  0.93	区域地产	北京	 1.91	6.86	54863	74182	  0.74	615	731	--  	     159797.06	
="600380"	健康元	0.72	6.95	0.05	6.95	6.96	73457	40	          0.28	          0.48	6.90	6.99	6.84	6.90	    26.58	50821432	  0.52	化学制药	深圳	 2.17	6.92	36389	37068	  0.98	100	3486	--  	     154583.59	
="002524"	光正集团	0.69	7.27	0.05	7.26	7.27	177318	3050	          0.41	          3.61	7.15	7.27	7.07	7.22	--  	126920176	  0.74	钢加工	新疆	 2.77	7.16	107378	69940	  1.54	2031	871	--  	      49120.46	
="002046"	轴研科技	0.67	10.55	0.07	10.54	10.55	97505	1313	         -0.09	          2.86	10.46	10.62	10.28	10.48	   242.29	101818560	  0.61	机械基件	河南	 3.24	10.44	49533	47972	  1.03	202	775	--  	      34056.60	
="002444"	巨星科技	0.66	13.81	0.09	13.80	13.81	74180	824	         -0.07	          0.85	13.70	13.85	13.37	13.72	    25.22	100682416	  0.78	轻工机械	浙江	 3.50	13.57	41358	32822	  1.26	408	1075	--  	      87460.32	
="002620"	瑞和股份	0.65	18.50	0.12	18.49	18.50	10630	59	          0.05	          1.17	18.38	18.54	18.19	18.38	    36.98	19498202	  0.56	装修装饰	深圳	 1.90	18.34	4861	5769	  0.84	8	547	--  	       9100.98	
="002398"	建研集团	0.65	16.97	0.11	16.94	16.97	30370	669	          0.23	          1.59	16.82	17.00	16.71	16.86	    19.91	51275400	  0.60	建筑施工	福建	 1.72	16.88	12543	17827	  0.70	20	58	--  	      19113.78	
="002216"	三全食品	0.64	20.35	0.13	20.33	20.35	21794	225	          0.04	          0.78	20.22	20.47	20.02	20.22	    86.54	44092352	  0.60	食品	河南	 2.23	20.23	10528	11266	  0.93	68	106	--  	      27855.56	
="600033"	福建高速	0.63	3.18	0.02	3.18	3.19	340085	6551	          0.31	          1.24	3.13	3.19	3.13	3.16	    13.11	107553728	  0.26	路桥	福建	 1.90	3.16	182875	157210	  1.16	8362	3397	--  	     274440.00	
="002003"	伟星股份	0.61	9.89	0.06	9.88	9.89	37824	751	          0.10	          1.29	9.83	9.90	9.75	9.83	    13.04	37195148	  0.67	服饰	浙江	 1.53	9.83	19910	17914	  1.11	505	8	--  	      29320.38	
="600466"	迪康药业	0.61	6.61	0.04	6.61	6.62	89941	1	          0.15	          2.05	6.52	6.62	6.47	6.57	   163.22	58805244	  0.70	中成药	四川	 2.28	6.54	43465	46476	  0.94	699	1402	--  	      43900.58	
="600496"	精工钢构	0.60	10.12	0.06	10.11	10.12	40515	71	          0.00	          0.69	10.06	10.20	9.97	10.06	    24.50	40933424	  0.47	钢加工	安徽	 2.29	10.10	22763	17752	  1.28	166	2	--  	      58656.60	
="600802"	福建水泥	0.59	8.51	0.05	8.51	8.52	107167	52	          0.00	          2.81	8.46	8.53	8.30	8.46	--  	90030168	  0.44	水泥	福建	 2.72	8.40	58781	48386	  1.21	352	146	--  	      38187.37	
="600867"	通化东宝	0.59	17.15	0.10	17.14	17.15	117594	20	         -0.23	          1.15	17.10	17.53	17.06	17.05	    60.41	203713376	  0.67	生物制药	吉林	 2.76	17.32	54866	62728	  0.87	7	298	--  	     102460.04	
="002650"	加加食品	0.57	14.00	0.08	13.99	14.00	55369	1565	          0.35	          2.47	13.91	14.07	13.70	13.92	    42.59	76974872	  0.52	食品	湖南	 2.66	13.90	27181	28188	  0.96	209	751	--  	      22439.23	
="002109"	兴化股份	0.57	7.00	0.04	6.99	7.00	166173	945	         -0.14	          4.64	6.90	7.17	6.75	6.96	--  	115828304	  0.89	化工原料	陕西	 6.03	6.97	72166	94007	  0.77	3273	413	--  	      35840.00	
="000785"	武汉中商	0.56	9.02	0.05	9.02	9.03	22890	1598	          0.00	          0.91	9.02	9.09	8.93	8.97	    67.84	20562810	  0.49	百货	湖北	 1.78	8.98	12894	9996	  1.29	42	291	--  	      25109.36	
="002673"	西部证券	0.55	16.58	0.09	16.58	16.59	285424	1634	          0.12	          4.15	16.39	16.84	16.25	16.49	    35.46	472714080	  0.64	证券	陕西	 3.58	16.56	139567	145857	  0.96	1393	532	--  	      68761.11	
="600469"	风神股份	0.54	13.06	0.07	13.06	13.07	46805	50	         -0.07	          1.25	12.96	13.15	12.75	12.99	    11.99	60472764	  0.62	汽车配件	河南	 3.08	12.92	29600	17205	  1.72	51	187	--  	      37494.21	
="600675"	中华企业	0.54	5.61	0.03	5.61	5.62	238254	59	         -0.17	          1.28	5.58	5.69	5.56	5.58	    51.07	133847136	  0.56	区域地产	上海	 2.33	5.62	114318	123936	  0.92	958	1711	--  	     186705.94	
="002511"	中顺洁柔	0.53	11.30	0.06	11.30	11.31	84826	387	         -0.08	          2.10	11.23	11.49	11.00	11.24	    67.46	95565592	  0.98	造纸	广东	 4.36	11.27	35843	48983	  0.73	0	52	--  	      40451.92	
="600300"	维维股份	0.53	5.71	0.03	5.71	5.72	235616	200	          0.00	          1.41	5.67	5.83	5.63	5.68	    84.67	134444128	  0.63	软饮料	江苏	 3.52	5.71	122048	113568	  1.07	5842	1630	--  	     167200.00	
="000501"	鄂武商Ａ	0.51	13.83	0.07	13.83	13.84	35666	338	          0.00	          0.70	13.73	13.86	13.63	13.76	    10.85	49095548	  0.52	百货	湖北	 1.67	13.77	17470	18196	  0.96	96	146	--  	      50718.42	
="000601"	韶能股份	0.50	6.08	0.03	6.08	6.09	434359	1818	          0.16	          4.37	6.07	6.30	6.05	6.05	    18.55	266926192	  0.93	火力发电	广东	 4.13	6.15	223849	210510	  1.06	1224	1223	--  	      99398.67	
="000078"	海王生物	0.49	10.18	0.05	10.18	10.19	124830	1165	          0.00	          1.71	10.13	10.21	10.10	10.13	   103.22	126818304	  0.43	生物制药	深圳	 1.09	10.16	66222	58608	  1.13	621	1448	--  	      73076.79	
="601908"	京运通	0.49	12.33	0.06	12.34	12.35	130965	20	          0.00	          4.60	12.10	12.43	11.90	12.27	    62.91	159159984	  0.91	半导体	北京	 4.32	12.15	64182	66783	  0.96	20	94	--  	      28451.52	
="002399"	海普瑞	0.49	26.74	0.13	26.73	26.74	24565	162	          0.03	          0.31	26.67	26.85	26.35	26.61	    71.62	65244920	  0.54	化学制药	深圳	 1.88	26.56	11233	13332	  0.84	19	26	--  	      80020.00	
="600657"	信达地产	0.47	4.25	0.02	4.24	4.25	111201	87	          0.23	          0.73	4.23	4.30	4.19	4.23	    19.37	47175524	  0.69	全国地产	北京	 2.60	4.24	47831	63370	  0.75	1296	2132	--  	     152426.05	
="600693"	东百集团	0.46	8.68	0.04	8.68	8.69	37458	40	         -0.11	          1.09	8.59	8.72	8.59	8.64	    13.04	32476192	  0.48	百货	福建	 1.50	8.67	17992	19466	  0.92	14	132	--  	      34216.55	
="600993"	马应龙	0.46	21.99	0.10	21.99	22.00	60184	27	          0.36	          1.82	21.86	22.05	21.62	21.89	    30.40	131452704	  0.75	中成药	湖北	 1.96	21.84	32720	27464	  1.19	518	1665	--  	      33087.71	
="600086"	东方金钰	0.45	24.32	0.11	24.32	24.34	16534	58	          0.20	          0.47	24.18	24.50	24.15	24.21	    75.22	40199936	  0.55	服饰	湖北	 1.45	24.31	7737	8797	  0.88	72	32	--  	      35228.17	
="000729"	燕京啤酒	0.44	6.89	0.03	6.88	6.89	153475	4879	          0.14	          0.61	6.87	6.92	6.84	6.86	    15.85	105524080	  0.79	啤酒	北京	 1.17	6.88	66783	86692	  0.77	2565	1830	--  	     249943.92	
="600593"	大连圣亚	0.43	20.83	0.09	20.79	20.80	38362	18	          0.14	          4.17	20.66	21.94	20.55	20.74	    24.05	81734000	  1.84	旅游景点	辽宁	 6.70	21.31	14795	23567	  0.63	67	6	--  	       9200.00	
="600864"	哈投股份	0.43	9.43	0.04	9.42	9.43	90547	10	          0.00	          1.66	9.36	9.46	9.17	9.39	   118.64	84155424	  1.08	火力发电	黑龙江	 3.09	9.29	49180	41367	  1.19	622	65	--  	      54637.82	
="002042"	华孚色纺	0.39	5.09	0.02	5.08	5.09	112075	792	          0.39	          1.35	5.07	5.11	5.00	5.07	    16.00	56706176	  1.00	纺织	安徽	 2.17	5.06	54493	57582	  0.95	453	1214	--  	      82998.72	
="002082"	栋梁新材	0.38	10.64	0.04	10.63	10.64	62169	1644	          0.18	          3.34	10.54	10.67	10.40	10.60	    24.69	65541168	  0.36	铝	浙江	 2.55	10.54	33660	28509	  1.18	373	590	--  	      18605.09	
="600713"	南京医药	0.38	8.02	0.03	8.01	8.02	93250	10	          0.12	          1.34	7.99	8.08	7.93	7.99	    81.76	74623024	  0.43	医药连锁	江苏	 1.88	8.00	53263	39987	  1.33	194	84	--  	      69358.07	
="600881"	亚泰集团	0.37	5.36	0.02	5.36	5.37	189761	5	          0.18	          1.00	5.35	5.37	5.28	5.34	    47.47	100935704	  0.42	水泥	吉林	 1.69	5.32	96550	93211	  1.04	756	1417	--  	     189473.20	
="000668"	荣丰控股	0.34	14.58	0.05	14.58	14.59	14689	325	          0.82	          1.00	14.42	14.77	14.37	14.53	--  	21352448	  0.35	区域地产	上海	 2.75	14.54	7961	6728	  1.18	97	40	--  	      14668.41	
="600201"	金宇集团	0.34	35.26	0.12	35.25	35.27	17808	40	          0.00	          0.63	35.09	35.39	34.89	35.14	    24.41	62464892	  0.61	生物制药	内蒙	 1.42	35.08	8695	9113	  0.95	126	34	--  	      28081.49	
="600098"	广州发展	0.33	6.05	0.02	6.04	6.05	188939	18	          0.16	          0.78	6.04	6.08	5.87	6.03	    12.26	112669992	  0.62	火力发电	广东	 3.48	5.96	97814	91125	  1.07	368	2194	--  	     243737.45	
="000966"	长源电力	0.31	9.79	0.03	9.79	9.80	143576	1426	          0.00	          2.59	9.70	9.82	9.55	9.76	     6.54	138451536	  0.66	火力发电	湖北	 2.77	9.64	78085	65491	  1.19	249	326	--  	      55414.19	
="600985"	雷鸣科化	0.25	16.16	0.04	16.15	16.16	13072	9	         -0.06	          1.01	16.03	16.24	15.86	16.12	    23.31	20956228	  0.71	化工原料	安徽	 2.36	16.03	7040	6032	  1.17	5	79	--  	      12960.00	
="600851"	海欣股份	0.25	8.15	0.02	8.15	8.16	115757	120	          0.00	          1.57	8.14	8.17	8.02	8.13	    60.05	93805256	  0.74	纺织	上海	 1.85	8.10	71029	44728	  1.59	375	1670	--  	      73820.60	
="600337"	美克家居	0.23	8.72	0.02	8.73	8.75	61431	70	         -0.22	          0.96	8.75	8.91	8.66	8.70	    28.39	53738308	  0.82	家居用品	新疆	 2.87	8.75	32845	28586	  1.15	10	285	--  	      63833.23	
="601177"	杭齿前进	0.23	8.84	0.02	8.81	8.84	40089	160	          0.68	          1.00	8.76	8.84	8.65	8.82	   115.77	35121464	  0.47	机械基件	浙江	 2.15	8.76	22807	17282	  1.32	119	1077	--  	      40006.00	
="002036"	宜科科技	0.20	9.93	0.02	9.93	9.94	29316	501	          0.00	          1.48	9.85	9.97	9.80	9.91	   137.52	28983044	  0.46	服饰	浙江	 1.72	9.89	16991	12325	  1.38	38	525	--  	      19791.78	
="600798"	宁波海运	0.19	5.23	0.01	5.22	5.23	120339	45	          0.19	          1.38	5.20	5.28	5.15	5.22	--  	62711984	  0.32	水运	浙江	 2.49	5.21	71017	49322	  1.44	750	1852	--  	      87117.45	
="600896"	中海海盛	0.18	5.47	0.01	5.48	5.49	356233	80	          0.00	          6.13	5.37	5.54	5.28	5.46	--  	192042000	  0.96	水运	海南	 4.76	5.39	174544	181689	  0.96	441	467	--  	      58131.57	
="600082"	海泰发展	0.15	6.69	0.01	6.68	6.69	160405	80	          0.60	          2.55	6.66	6.73	6.53	6.68	    59.17	106350096	  0.36	园区开发	天津	 2.99	6.63	86199	74206	  1.16	160	70	--  	      62998.89	
="002259"	升达林业	0.14	6.94	0.01	6.94	6.95	116322	470	          0.00	          1.92	6.95	7.01	6.85	6.93	   350.46	80474072	  0.48	家居用品	四川	 2.31	6.92	64422	51900	  1.24	1556	1523	--  	      60716.10	
="600356"	恒丰纸业	0.12	8.05	0.01	8.03	8.04	65946	164	         -0.12	          2.61	8.01	8.25	8.01	8.04	    32.90	53557616	  2.04	造纸	黑龙江	 2.99	8.12	29360	36586	  0.80	682	36	--  	      25233.92	
="600078"	澄星股份	0.11	9.13	0.01	9.13	9.14	113100	6	          0.00	          1.71	9.06	9.20	9.03	9.12	   168.49	103135256	  0.74	化工原料	江苏	 1.86	9.12	67719	45381	  1.49	633	339	--  	      66257.28	
="600351"	亚宝药业	0.10	10.15	0.01	10.14	10.15	64297	10	          0.09	          1.02	10.17	10.19	10.05	10.14	    37.79	65042704	  0.50	中成药	山西	 1.38	10.12	39081	25216	  1.55	284	390	--  	      63295.19	
="601928"	凤凰传媒	0.00	10.71	0.00	--  	--  	0	0	          0.00	          0.00	--  	--  	--  	10.71	    27.84	0	  0.00	出版业	江苏	 0.00	10.71	0	0	--  	0	0	--  	      65788.35	
="601009"	南京银行	0.00	10.52	0.00	10.52	10.53	468682	10	          0.00	          1.58	10.53	10.64	10.41	10.52	     5.63	493775008	  0.36	银行	江苏	 2.19	10.54	220093	248589	  0.89	1063	203	--  	     296893.31	
="600986"	科达股份	0.00	7.05	0.00	--  	--  	0	0	          0.00	          0.00	--  	--  	--  	7.05	    36.88	0	  0.00	建筑施工	山东	 0.00	7.05	0	0	--  	0	0	--  	      33526.96	
="600981"	汇鸿股份	0.00	4.21	0.00	--  	--  	0	0	          0.00	          0.00	--  	--  	--  	4.21	    92.48	0	  0.00	商贸代理	江苏	 0.00	4.21	0	0	--  	0	0	--  	      51610.64	
="600876"	洛阳玻璃	0.00	7.24	0.00	--  	--  	0	0	          0.00	          0.00	--  	--  	--  	7.24	   374.48	0	  0.00	玻璃	河南	 0.00	7.24	0	0	--  	0	0	--  	      25001.82	
="600828"	成商集团	0.00	5.99	0.00	5.98	5.99	54902	2	          0.33	          0.96	5.98	6.04	5.88	5.99	    14.52	32679196	  0.70	百货	四川	 2.67	5.95	31428	23474	  1.34	61	1089	--  	      56981.73	
="600792"	云煤能源	0.00	6.26	0.00	--  	--  	0	0	          0.00	          0.00	--  	--  	--  	6.26	   868.05	0	  0.00	焦炭加工	云南	 0.00	6.26	0	0	--  	0	0	--  	      80045.00	
="600749"	西藏旅游	0.00	12.18	0.00	--  	--  	0	0	          0.00	          0.00	--  	--  	--  	12.18	  1161.76	0	  0.00	旅游景点	西藏	 0.00	12.18	0	0	--  	0	0	--  	      18913.78	
="600727"	鲁北化工	0.00	6.05	0.00	6.04	6.05	54207	39	          0.16	          1.54	6.04	6.09	5.96	6.05	   195.10	32662354	  0.76	农药化肥	山东	 2.15	6.03	31632	22575	  1.40	825	258	--  	      35092.66	
="600575"	皖江物流	0.00	4.11	0.00	--  	--  	0	0	          0.00	          0.00	--  	--  	--  	4.11	--  	0	  0.00	港口	安徽	 0.00	4.11	0	0	--  	0	0	--  	     142320.00	
="600569"	安阳钢铁	0.00	2.32	0.00	--  	--  	0	0	          0.00	          0.00	--  	--  	--  	2.32	    78.40	0	  0.00	普钢	河南	 0.00	2.32	0	0	--  	0	0	--  	     239368.45	
="600517"	置信电气	0.00	12.45	0.00	--  	--  	0	0	          0.00	          0.00	--  	--  	--  	12.45	    84.39	0	  0.00	电气设备	上海	 0.00	12.45	0	0	--  	0	0	--  	     111366.89	
="600497"	驰宏锌锗	0.00	10.39	0.00	--  	--  	0	0	          0.00	          0.00	--  	--  	--  	10.39	    84.98	0	  0.00	铅锌	云南	 0.00	10.39	0	0	--  	0	0	--  	     166756.09	
="600369"	西南证券	0.00	10.54	0.00	--  	--  	0	0	          0.00	          0.00	--  	--  	--  	10.54	    25.05	0	  0.00	证券	重庆	 0.00	10.54	0	0	--  	0	0	--  	     232255.45	
="600365"	通葡股份	0.00	11.38	0.00	--  	--  	0	0	          0.00	          0.00	--  	--  	--  	11.38	  5686.21	0	  0.00	红黄药酒	吉林	 0.00	11.38	0	0	--  	0	0	--  	      14000.00	
="600318"	巢东股份	0.00	11.20	0.00	--  	--  	0	0	          0.00	          0.00	--  	--  	--  	11.20	    17.93	0	  0.00	水泥	安徽	 0.00	11.20	0	0	--  	0	0	--  	      24200.00	
="600241"	时代万恒	0.00	8.28	0.00	--  	--  	0	0	          0.00	          0.00	--  	--  	--  	8.28	--  	0	  0.00	商贸代理	辽宁	 0.00	8.28	0	0	--  	0	0	--  	      18020.00	
="600153"	建发股份	0.00	7.35	0.00	7.35	7.36	714975	25	          0.00	          2.52	7.35	7.38	7.26	7.35	     9.93	522543136	  0.71	商贸代理	福建	 1.63	7.31	306891	408084	  0.75	144	3285	--  	     283520.06	
="600115"	东方航空	0.00	3.94	0.00	3.93	3.94	561092	10	          0.00	          0.72	3.94	3.97	3.83	3.94	    18.20	217632048	  0.44	空运	上海	 3.55	3.88	291475	269617	  1.08	17837	1422	--  	     778221.38	
="600105"	永鼎股份	0.00	9.86	0.00	--  	--  	0	0	          0.00	          0.00	--  	--  	--  	9.86	    22.23	0	  0.00	通信设备	江苏	 0.00	9.86	0	0	--  	0	0	--  	      38095.46	
="600103"	青山纸业	0.00	3.66	0.00	--  	--  	0	0	          0.00	          0.00	--  	--  	--  	3.66	   601.14	0	  0.00	造纸	福建	 0.00	3.66	0	0	--  	0	0	--  	     106184.15	
="600091"	ST明科	0.00	7.02	0.00	--  	--  	0	0	          0.00	          0.00	--  	--  	--  	7.02	--  	0	  0.00	化工原料	内蒙	 0.00	7.02	0	0	--  	0	0	--  	      33652.60	
="600090"	啤酒花	0.00	8.13	0.00	--  	--  	0	0	          0.00	          0.00	--  	--  	--  	8.13	    36.46	0	  0.00	啤酒	新疆	 0.00	8.13	0	0	--  	0	0	--  	      36791.66	
="600068"	葛洲坝	0.00	5.17	0.00	5.17	5.18	1039478	20	          0.19	          2.98	5.12	5.23	5.03	5.17	    10.24	533353664	  0.74	建筑施工	湖北	 3.87	5.13	455056	584422	  0.78	500	4826	--  	     348745.91	
="300332"	天壕节能	--  	0.00	--  	--  	--  	0	0	--  	          0.00	--  	--  	--  	14.06	    40.57	0	  0.00	环境保护	北京	 0.00	14.06	0	0	--  	0	0	--  	      22666.75	
="300313"	天山生物	--  	0.00	--  	--  	--  	0	0	--  	          0.00	--  	--  	--  	23.69	   258.62	0	  0.00	农业综合	新疆	 0.00	23.69	0	0	--  	0	0	--  	       4177.81	
="300230"	永利带业	--  	0.00	--  	--  	--  	0	0	--  	          0.00	--  	--  	--  	9.63	    29.42	0	  0.00	塑料	上海	 0.00	9.63	0	0	--  	0	0	--  	      10127.07	
="300189"	神农大丰	--  	0.00	--  	--  	--  	0	0	--  	          0.00	--  	--  	--  	7.86	--  	0	  0.00	种植业	海南	 0.00	7.86	0	0	--  	0	0	--  	      33498.87	
="300072"	三聚环保	--  	0.00	--  	--  	--  	0	0	--  	          0.00	--  	--  	--  	27.13	    36.92	0	  0.00	化工原料	北京	 0.00	27.13	0	0	--  	0	0	--  	      45855.16	
="300013"	新宁物流	--  	0.00	--  	--  	--  	0	0	--  	          0.00	--  	--  	--  	9.26	   131.57	0	  0.00	仓储物流	江苏	 0.00	9.26	0	0	--  	0	0	--  	      18000.00	
="002608"	舜天船舶	--  	0.00	--  	--  	--  	0	0	--  	          0.00	--  	--  	--  	12.79	    86.27	0	  0.00	船舶	江苏	 0.00	12.79	0	0	--  	0	0	--  	      32855.16	
="002558"	世纪游轮	--  	0.00	--  	--  	--  	0	0	--  	          0.00	--  	--  	--  	31.65	   271.60	0	  0.00	旅游服务	重庆	 0.00	31.65	0	0	--  	0	0	--  	       3244.39	
="002534"	杭锅股份	--  	0.00	--  	--  	--  	0	0	--  	          0.00	--  	--  	--  	19.00	    58.39	0	  0.00	专用机械	浙江	 0.00	19.00	0	0	--  	0	0	--  	      39168.26	
="002529"	海源机械	--  	0.00	--  	--  	--  	0	0	--  	          0.00	--  	--  	--  	15.03	--  	0	  0.00	专用机械	福建	 0.00	15.03	0	0	--  	0	0	--  	      15608.25	
="002509"	天广消防	--  	0.00	--  	--  	--  	0	0	--  	          0.00	--  	--  	--  	12.27	    51.77	0	  0.00	专用机械	福建	 0.00	12.27	0	0	--  	0	0	--  	      23109.89	
="002485"	希努尔	--  	0.00	--  	--  	--  	0	0	--  	          0.00	--  	--  	--  	10.13	--  	0	  0.00	服饰	山东	 0.00	10.13	0	0	--  	0	0	--  	      32000.00	
="002450"	康得新	--  	0.00	--  	--  	--  	0	0	--  	          0.00	--  	--  	--  	32.67	    33.05	0	  0.00	化工原料	江苏	 0.00	32.67	0	0	--  	0	0	--  	      94531.45	
="002426"	胜利精密	--  	0.00	--  	--  	--  	0	0	--  	          0.00	--  	--  	--  	11.26	    68.41	0	  0.00	元器件	江苏	 0.00	11.26	0	0	--  	0	0	--  	      35306.58	
="002324"	普利特	--  	0.00	--  	--  	--  	0	0	--  	          0.00	--  	--  	--  	19.90	    26.33	0	  0.00	塑料	上海	 0.00	19.90	0	0	--  	0	0	--  	      15582.66	
="002323"	中联电气	--  	0.00	--  	--  	--  	0	0	--  	          0.00	--  	--  	--  	21.95	   130.92	0	  0.00	电气设备	江苏	 0.00	21.95	0	0	--  	0	0	--  	       8350.16	
="002103"	广博股份	--  	0.00	--  	--  	--  	0	0	--  	          0.00	--  	--  	--  	10.18	   172.72	0	  0.00	文教休闲	浙江	 0.00	10.18	0	0	--  	0	0	--  	      17095.44	
="002084"	海鸥卫浴	--  	0.00	--  	--  	--  	0	0	--  	          0.00	--  	--  	--  	7.60	    89.04	0	  0.00	家居用品	广东	 0.00	7.60	0	0	--  	0	0	--  	      40605.57	
="002044"	江苏三友	--  	0.00	--  	--  	--  	0	0	--  	          0.00	--  	--  	--  	10.04	    43.13	0	  0.00	服饰	江苏	 0.00	10.04	0	0	--  	0	0	--  	      22410.00	
="002035"	华帝股份	0.00	13.43	0.00	13.43	13.44	30856	108	          0.22	          1.04	13.44	13.50	13.21	13.43	    17.90	41194100	  0.54	家用电器	广东	 2.16	13.35	15728	15128	  1.04	136	5	--  	      29677.21	
="002013"	中航机电	--  	0.00	--  	--  	--  	0	0	--  	          0.00	--  	--  	--  	22.15	    51.08	0	  0.00	汽车配件	湖北	 0.00	22.15	0	0	--  	0	0	--  	      29285.81	
="002009"	天奇股份	--  	0.00	--  	--  	--  	0	0	--  	          0.00	--  	--  	--  	16.30	    47.89	0	  0.00	工程机械	江苏	 0.00	16.30	0	0	--  	0	0	--  	      25991.22	
="002006"	*ST精功	--  	0.00	--  	--  	--  	0	0	--  	          0.00	--  	--  	--  	8.75	--  	0	  0.00	工程机械	浙江	 0.00	8.75	0	0	--  	0	0	--  	      43677.89	
="000920"	南方汇通	--  	0.00	--  	--  	--  	0	0	--  	          0.00	--  	--  	--  	13.23	    31.50	0	  0.00	运输设备	贵州	 0.00	13.23	0	0	--  	0	0	--  	      42200.00	
="000796"	易食股份	--  	0.00	--  	--  	--  	0	0	--  	          0.00	--  	--  	--  	7.23	    95.94	0	  0.00	食品	陕西	 0.00	7.23	0	0	--  	0	0	--  	      24652.30	
="000795"	太原刚玉	--  	0.00	--  	--  	--  	0	0	--  	          0.00	--  	--  	--  	10.92	--  	0	  0.00	矿物制品	山西	 0.00	10.92	0	0	--  	0	0	--  	      27679.44	
="000725"	京东方Ａ	0.00	2.63	0.00	2.62	2.63	2046116	14776	          0.00	          1.78	2.62	2.64	2.59	2.63	    37.53	534565120	  0.49	元器件	北京	 1.90	2.61	1125446	920670	  1.22	23623	45579	--  	    1150574.38	
="000710"	天兴仪表	--  	0.00	--  	--  	--  	0	0	--  	          0.00	--  	--  	--  	13.60	--  	0	  0.00	汽车配件	四川	 0.00	13.60	0	0	--  	0	0	--  	      15120.00	
="000627"	天茂集团	--  	0.00	--  	--  	--  	0	0	--  	          0.00	--  	--  	--  	4.10	    28.37	0	  0.00	化工原料	湖北	 0.00	4.10	0	0	--  	0	0	--  	     135358.98	
="000533"	万 家 乐	--  	0.00	--  	--  	--  	0	0	--  	          0.00	--  	--  	--  	5.97	    35.25	0	  0.00	家用电器	广东	 0.00	5.97	0	0	--  	0	0	--  	      68487.71	
="000498"	山东路桥	--  	0.00	--  	--  	--  	0	0	--  	          0.00	--  	--  	--  	4.64	    27.67	0	  0.00	建筑施工	山东	 0.00	4.64	0	0	--  	0	0	--  	      35417.01	
="000415"	渤海租赁	--  	0.00	--  	--  	--  	0	0	--  	          0.00	--  	--  	--  	10.28	    19.57	0	  0.00	多元金融	新疆	 0.00	10.28	0	0	--  	0	0	--  	     126917.42	
="000403"	*ST生化	--  	0.00	--  	--  	--  	0	0	--  	          0.00	--  	--  	--  	22.56	    38.45	0	  0.00	生物制药	江西	 0.00	22.56	0	0	--  	0	0	--  	      18151.84	
="000090"	天健集团	--  	0.00	--  	--  	--  	0	0	--  	          0.00	--  	--  	--  	8.44	    25.79	0	  0.00	建筑施工	深圳	 0.00	8.44	0	0	--  	0	0	--  	      55253.07	
="002481"	双塔食品	-0.06	15.70	-0.01	15.70	15.71	18936	262	         -0.06	          0.51	15.66	15.74	15.49	15.71	    45.51	29549128	  0.58	食品	山东	 1.59	15.60	12384	6552	  1.89	676	151	--  	      37455.17	
="000929"	兰州黄河	-0.09	10.57	-0.01	10.57	10.58	30648	243	          0.00	          1.65	10.52	10.64	10.47	10.58	    32.65	32365262	  1.04	啤酒	甘肃	 1.61	10.56	17618	13030	  1.35	223	747	--  	      18558.80	
="600161"	天坛生物	-0.11	28.14	-0.03	28.14	28.15	42485	31	          0.14	          0.82	28.15	28.45	27.88	28.17	    42.38	119428104	  0.45	生物制药	北京	 2.02	28.11	19509	22976	  0.85	5	54	--  	      51546.69	
="300099"	尤洛卡	-0.13	15.01	-0.02	15.01	15.05	19918	188	         -0.13	          1.84	14.95	15.13	14.91	15.03	   189.10	29946212	  0.34	电器仪表	山东	 1.46	15.03	9822	10096	  0.97	40	71	--  	      10838.75	
="000863"	三湘股份	-0.14	7.06	-0.01	7.06	7.07	41006	586	          0.00	          2.35	7.07	7.12	6.98	7.07	   119.62	28899156	  0.65	区域地产	上海	 1.98	7.05	23727	17279	  1.37	453	2265	--  	      17462.02	
="300196"	长海股份	-0.14	20.67	-0.03	20.60	20.67	22774	181	          0.58	          2.09	20.70	20.94	20.40	20.70	    27.89	47007352	  0.87	玻璃	江苏	 2.61	20.64	12314	10460	  1.18	9	6	--  	      10918.94	
="000897"	津滨发展	-0.15	6.54	-0.01	6.53	6.54	490328	6308	          0.46	          3.03	6.48	6.60	6.42	6.55	   349.41	319069184	  0.64	区域地产	天津	 2.75	6.51	271519	218809	  1.24	1894	1281	--  	     161708.06	
="600635"	大众公用	-0.17	6.02	-0.01	6.02	6.03	178315	126	          0.16	          1.08	6.03	6.08	5.95	6.03	    36.81	107081312	  0.46	供气供热	上海	 2.16	6.01	99149	79166	  1.25	50	1865	--  	     164486.98	
="600127"	金健米业	-0.17	5.90	-0.01	5.90	5.91	78964	30	          0.16	          1.45	5.92	5.93	5.81	5.91	--  	46308928	  0.59	农业综合	湖南	 2.03	5.86	48580	30384	  1.60	29	833	--  	      54445.96	
="601028"	玉龙股份	-0.17	17.22	-0.03	17.21	17.22	52561	191	         -0.46	          5.41	17.00	17.50	16.83	17.25	    47.90	89894008	  0.68	钢加工	江苏	 3.88	17.10	29319	23242	  1.26	3	409	--  	       9722.50	
="600306"	*ST商城	-0.18	11.16	-0.02	11.14	11.16	14962	14	         -0.08	          0.84	11.18	11.29	11.00	11.18	--  	16641987	  0.93	百货	辽宁	 2.59	11.12	10181	4781	  2.13	124	54	--  	      17727.78	
="002596"	海南瑞泽	-0.18	10.89	-0.02	10.88	10.89	45696	447	          0.00	          2.81	10.92	10.92	10.70	10.91	   107.94	49395340	  0.94	其他建材	海南	 2.02	10.81	24618	21078	  1.17	237	659	--  	      16256.37	
="600012"	皖通高速	-0.19	5.27	-0.01	5.27	5.28	54138	241	          0.38	          0.46	5.25	5.31	5.20	5.28	     9.78	28470006	  0.35	路桥	安徽	 2.08	5.26	25970	28168	  0.92	64	850	--  	     116560.00	
="002083"	孚日股份	-0.19	5.19	-0.01	5.18	5.19	111798	521	          0.00	          1.36	5.19	5.21	5.10	5.20	    22.57	57607848	  0.71	纺织	山东	 2.12	5.15	62925	48873	  1.29	1139	1336	--  	      82370.27	
="002027"	七喜控股	-0.21	9.31	-0.02	9.30	9.31	58684	655	         -0.32	          2.88	9.30	9.35	9.09	9.33	  2056.76	53968816	  0.99	电脑设备	广东	 2.79	9.20	37211	21473	  1.73	312	65	--  	      20348.88	
="600512"	腾达建设	-0.26	3.80	-0.01	3.80	3.81	257149	10	          0.00	          3.49	3.77	3.85	3.68	3.81	    75.68	96854520	  0.80	建筑施工	浙江	 4.46	3.77	149191	107958	  1.38	172	3546	--  	      73694.06	
="000589"	黔轮胎Ａ	-0.31	6.35	-0.02	6.35	6.36	69822	301	          0.00	          1.43	6.35	6.37	6.25	6.37	    28.46	44065956	  0.86	汽车配件	贵州	 1.88	6.31	40282	29540	  1.36	1080	564	--  	      48884.73	
="600567"	山鹰纸业	-0.38	2.60	-0.01	2.59	2.60	560132	50	          0.38	          3.53	2.60	2.63	2.53	2.61	    42.47	144600480	  0.64	造纸	安徽	 3.83	2.58	310221	249911	  1.24	6265	4158	--  	     158601.70	
="002420"	毅昌股份	-0.41	7.28	-0.03	7.27	7.28	42520	755	          0.13	          1.13	7.29	7.30	7.19	7.31	   206.83	30822580	  0.63	塑料	广东	 1.50	7.25	25057	17463	  1.43	359	69	--  	      37782.35	
="000998"	隆平高科	-0.47	17.10	-0.08	17.10	17.11	107170	1448	          0.00	          1.29	17.19	17.24	17.01	17.18	   110.08	183144448	  0.55	种植业	湖南	 1.34	17.09	52808	54362	  0.97	194	64	--  	      83123.59	
="000875"	吉电股份	-0.47	4.23	-0.02	4.22	4.23	179632	1145	          0.23	          2.72	4.27	4.27	4.16	4.25	   456.46	75415104	  0.44	火力发电	吉林	 2.59	4.20	106899	72733	  1.47	1483	2946	--  	      66003.21	
="000543"	皖能电力	-0.47	8.44	-0.04	8.42	8.44	183933	1811	          0.35	          1.79	8.45	8.47	8.32	8.48	     9.39	154249680	  0.66	火力发电	安徽	 1.77	8.39	103379	80554	  1.28	155	572	--  	     102515.75	
="002603"	以岭药业	-0.48	33.04	-0.16	33.03	33.04	27148	386	          0.12	          1.41	33.36	33.36	32.88	33.20	    48.09	89622528	  0.54	中成药	河北	 1.45	33.01	15635	11513	  1.36	209	33	--  	      19244.43	
="600897"	厦门空港	-0.49	20.43	-0.10	20.45	20.46	33316	5	         -0.19	          1.12	20.35	20.55	20.12	20.53	    12.62	68016720	  0.33	机场	福建	 2.09	20.42	17776	15540	  1.14	15	33	--  	      29781.00	
="601886"	江河创建	-0.51	7.86	-0.04	7.85	7.86	188407	82	          0.12	          2.08	7.79	7.91	7.72	7.90	    24.87	147037968	  0.77	装修装饰	北京	 2.41	7.80	115243	73164	  1.58	407	204	--  	      90723.52	
="601113"	华鼎股份	-0.51	5.88	-0.03	5.88	5.89	63488	1	          0.34	          0.99	5.91	5.95	5.71	5.91	  1507.69	37079268	  0.73	化纤	浙江	 4.06	5.84	33462	30026	  1.11	144	194	--  	      64000.00	
="002073"	软控股份	-0.51	13.65	-0.07	13.65	13.66	234198	2813	         -0.07	          3.78	13.74	13.88	13.39	13.72	    62.94	317265664	  0.63	软件服务	山东	 3.57	13.55	125469	108729	  1.15	1513	589	--  	      61879.48	
="600269"	赣粤高速	-0.54	3.67	-0.02	3.66	3.67	331329	1994	          0.00	          1.42	3.70	3.72	3.61	3.69	    10.52	121389592	  0.51	路桥	江西	 2.98	3.66	150091	181238	  0.83	2853	21	--  	     233540.70	
="002026"	山东威达	-0.56	10.68	-0.06	10.67	10.68	28348	163	          0.09	          1.24	10.74	10.74	10.48	10.74	    34.10	30009426	  0.53	机械基件	山东	 2.42	10.59	17248	11100	  1.55	65	376	--  	      22815.00	
="600035"	楚天高速	-0.59	3.39	-0.02	3.41	3.42	192842	194	         -0.58	          1.59	3.43	3.48	3.34	3.41	    11.47	65809208	  0.58	路桥	湖北	 4.11	3.41	82247	110595	  0.74	894	2487	--  	     121114.82	
="000100"	TCL 集团	-0.62	3.21	-0.02	3.20	3.21	2464845	25424	          0.31	          3.03	3.22	3.24	3.16	3.23	    10.25	786306176	  0.58	家用电器	广东	 2.48	3.19	1264363	1200482	  1.05	17925	27110	--  	     813618.25	
="600359"	新农开发	-0.65	10.72	-0.07	10.70	10.71	132586	10	         -0.46	          4.13	10.67	10.82	10.43	10.79	--  	141330896	  0.97	农业综合	新疆	 3.61	10.66	57717	74869	  0.77	51	7	--  	      32100.00	
="601158"	重庆水务	-0.65	6.11	-0.04	6.10	6.11	111634	68	          0.00	          0.23	6.18	6.18	6.03	6.15	    15.35	67948224	  0.67	水务	重庆	 2.44	6.09	56010	55624	  1.01	1025	172	--  	     480000.00	
="600800"	天津磁卡	-0.66	7.52	-0.05	7.51	7.52	110606	4	          0.00	          1.81	7.50	7.60	7.41	7.57	--  	83124864	  0.43	综合类	天津	 2.51	7.52	58639	51967	  1.13	1190	419	--  	      61031.10	
="300240"	飞力达	-0.67	14.86	-0.10	14.86	14.87	20099	285	         -0.33	          1.24	14.98	14.99	14.64	14.96	    56.11	29816302	  0.80	仓储物流	江苏	 2.34	14.83	10635	9464	  1.12	397	19	--  	      16245.00	
="600795"	国电电力	-0.69	2.89	-0.02	2.88	2.89	3194638	488	          0.34	          2.08	2.90	2.90	2.82	2.91	     7.30	911917504	  0.48	火力发电	辽宁	 2.75	2.85	1488617	1706021	  0.87	3247	53255	--  	    1539514.88	
="600609"	金杯汽车	-0.72	4.13	-0.03	4.12	4.13	212905	26	          0.73	          1.95	4.13	4.15	4.00	4.16	--  	86674632	  0.95	汽车整车	辽宁	 3.61	4.07	125907	86998	  1.45	3210	387	--  	     109266.71	
="600502"	安徽水利	-0.73	9.51	-0.07	9.51	9.52	140683	5	          0.21	          2.80	9.56	9.64	9.31	9.58	    19.41	133230880	  0.66	建筑施工	安徽	 3.44	9.47	72506	68177	  1.06	98	227	--  	      50193.00	
="600533"	栖霞建设	-0.74	4.02	-0.03	4.01	4.02	137107	604	          0.00	          1.31	4.08	4.08	3.99	4.05	    40.90	55166576	  0.78	区域地产	江苏	 2.22	4.02	57063	80044	  0.71	801	1681	--  	     105000.00	
="000735"	罗 牛 山	-0.80	7.43	-0.06	7.43	7.44	332145	1906	          0.00	          3.77	7.40	7.49	7.28	7.49	    88.97	245503328	  1.01	农业综合	海南	 2.80	7.39	172233	159912	  1.08	2306	1940	--  	      88008.24	
="600508"	上海能源	-0.80	9.86	-0.08	9.86	9.87	50509	32	          0.30	          0.70	9.91	9.99	9.71	9.94	    74.99	49696592	  0.74	煤炭开采	上海	 2.82	9.84	30331	20178	  1.50	380	185	--  	      72271.79	
="600806"	昆明机床	-0.83	5.98	-0.05	5.97	5.98	66665	42	          0.33	          1.71	6.02	6.08	5.85	6.03	--  	39557620	  0.67	机床制造	云南	 3.81	5.93	37854	28811	  1.31	471	448	--  	      39018.62	
="002041"	登海种业	-0.85	34.96	-0.30	34.95	34.96	25525	269	          0.17	          0.77	35.26	35.60	34.58	35.26	    57.49	89467504	  0.90	种植业	山东	 2.89	35.05	13066	12459	  1.05	343	207	--  	      32943.82	
="002293"	罗莱家纺	-0.85	25.53	-0.22	25.52	25.53	24293	438	          0.00	          0.87	25.75	26.03	25.36	25.75	    19.43	62338876	  0.61	服饰	江苏	 2.60	25.66	13392	10901	  1.23	291	372	--  	      28072.61	
="600506"	香梨股份	-0.88	13.50	-0.12	13.49	13.50	28285	10	          0.14	          1.91	13.64	13.64	13.35	13.62	--  	38063896	  0.57	种植业	新疆	 2.13	13.46	17383	10902	  1.59	20	110	--  	      14770.69	
="600354"	敦煌种业	-0.88	7.86	-0.07	7.86	7.87	107187	83	          0.00	          2.39	7.93	7.93	7.78	7.93	--  	84085536	  0.72	种植业	甘肃	 1.89	7.84	58372	48815	  1.20	34	1024	--  	      44780.21	
="000514"	渝 开 发	-0.89	6.68	-0.06	6.67	6.68	123408	2525	          0.14	          1.46	6.70	6.71	6.55	6.74	    34.89	81877976	  0.56	区域地产	重庆	 2.37	6.63	76540	46868	  1.63	521	99	--  	      84377.09	
="000752"	西藏发展	-0.90	14.30	-0.13	14.30	14.31	109994	1100	          0.35	          4.17	14.29	14.59	13.96	14.43	   208.50	156538832	  0.70	啤酒	西藏	 4.37	14.23	65050	44944	  1.45	960	2	--  	      26375.01	
="002172"	澳洋科技	-0.94	7.39	-0.07	7.38	7.39	74731	250	          0.13	          1.39	7.45	7.55	7.23	7.46	--  	54959756	  0.86	化纤	江苏	 4.29	7.35	40585	34146	  1.19	715	326	--  	      53754.96	
="000553"	沙隆达Ａ	-0.94	13.72	-0.13	13.72	13.73	56802	521	          0.07	          1.56	13.86	13.88	13.59	13.85	    14.25	77825176	  0.58	农药化肥	湖北	 2.09	13.70	35109	21693	  1.62	109	51	--  	      36389.37	
="600020"	中原高速	-0.95	3.12	-0.03	3.11	3.12	167948	65	          0.32	          0.75	3.16	3.17	3.07	3.15	     9.88	52270236	  0.45	路桥	河南	 3.17	3.11	87808	80140	  1.10	3482	4520	--  	     224737.19	
="300022"	吉峰农机	-0.95	8.32	-0.08	8.32	8.33	94323	903	          0.00	          2.99	8.40	8.40	8.20	8.40	--  	78380536	  0.82	其他连锁	四川	 2.38	8.31	55975	38348	  1.46	426	2548	--  	      31565.72	
="002264"	新 华 都	-0.98	9.07	-0.09	9.07	9.08	109756	900	          0.22	          2.17	9.11	9.17	8.95	9.16	    77.18	99336312	  0.45	超市连锁	福建	 2.40	9.05	66402	43354	  1.53	792	481	--  	      50638.42	
="300203"	聚光科技	-1.02	22.43	-0.23	22.43	22.45	49222	563	         -0.22	          1.11	22.67	22.79	21.87	22.66	    68.07	109806408	  0.81	电器仪表	浙江	 4.06	22.31	27017	22205	  1.22	21	65	--  	      44500.00	
="600062"	华润双鹤	-1.03	21.20	-0.22	21.20	21.21	122438	157	         -0.09	          2.14	21.40	21.40	21.03	21.42	    21.16	258761872	  0.77	化学制药	北京	 1.73	21.13	68222	54216	  1.26	37	48	--  	      57169.58	
="000717"	韶钢松山	-1.07	2.77	-0.03	2.77	2.78	603243	13256	          0.00	          5.35	2.73	2.80	2.68	2.80	--  	164719120	  0.74	钢加工	广东	 4.29	2.73	310003	293240	  1.06	3316	5926	--  	     112803.64	
="002251"	步 步 高	-1.12	16.80	-0.19	16.79	16.80	84979	990	         -0.11	          1.56	16.90	17.08	16.56	16.99	    22.41	142356432	  0.73	超市连锁	湖南	 3.06	16.75	51879	33100	  1.57	6	104	--  	      54401.89	
="002243"	通产丽星	-1.13	8.77	-0.10	8.77	8.78	43221	698	          0.11	          1.39	8.87	8.93	8.65	8.87	--  	37787756	  0.88	塑料	深圳	 3.16	8.74	19824	23397	  0.85	470	559	--  	      30990.90	
="600005"	武钢股份	-1.13	2.62	-0.03	2.61	2.62	768907	266	          0.38	          0.76	2.65	2.65	2.57	2.65	    25.75	200460896	  0.39	普钢	湖北	 3.02	2.61	431821	337086	  1.28	6395	9009	--  	    1009378.00	
="002333"	罗普斯金	-1.15	13.75	-0.16	13.73	13.75	36257	617	         -0.36	          1.50	13.82	13.92	13.56	13.91	    56.51	49916392	  1.03	铝	江苏	 2.59	13.77	16918	19339	  0.87	16	316	--  	      24248.49	
="000683"	远兴能源	-1.18	5.01	-0.06	5.01	5.02	138377	899	          0.00	          1.80	5.08	5.10	4.95	5.07	    28.83	69268544	  0.61	化工原料	内蒙	 2.96	5.01	85581	52796	  1.62	1108	3133	--  	      76781.39	
="600221"	海南航空	-1.19	2.50	-0.03	2.50	2.51	3772767	1028	          0.40	          3.19	2.50	2.52	2.41	2.53	    12.10	929998144	  0.48	空运	海南	 4.35	2.47	1908820	1863947	  1.02	17173	32382	--  	    1181206.38	
="600671"	天目药业	-1.19	17.44	-0.21	17.41	17.43	16649	1	          0.22	          1.37	17.52	17.75	17.23	17.65	   724.85	28926464	  0.47	中成药	浙江	 2.95	17.37	10161	6488	  1.57	5	10	--  	      12172.04	
="000652"	泰达股份	-1.21	5.73	-0.07	5.73	5.74	206598	3458	         -0.17	          1.41	5.76	5.78	5.66	5.80	--  	118391232	  0.71	综合类	天津	 2.07	5.73	129828	76770	  1.69	345	1055	--  	     146567.00	
="600811"	东方集团	-1.26	7.08	-0.09	7.07	7.08	277195	67	          0.14	          1.66	7.14	7.15	6.99	7.17	     7.85	195858064	  0.72	综合类	黑龙江	 2.23	7.07	162654	114541	  1.42	1161	33	--  	     166680.53	
="600439"	瑞贝卡	-1.26	4.70	-0.06	4.70	4.71	224987	32	          0.21	          2.39	4.73	4.80	4.65	4.76	    25.58	105996960	  1.10	服饰	河南	 3.15	4.71	127784	97203	  1.31	343	930	--  	      94332.11	
="000886"	海南高速	-1.26	4.69	-0.06	4.68	4.69	214197	2091	          0.00	          2.22	4.70	4.79	4.64	4.75	    51.23	100691248	  0.72	路桥	海南	 3.16	4.70	114143	100054	  1.14	1987	98	--  	      96284.88	
="601100"	恒立油缸	-1.31	12.76	-0.17	12.77	12.78	46860	15	          0.31	          1.90	12.68	12.88	12.55	12.93	    80.24	59357636	  0.75	工程机械	江苏	 2.55	12.67	28976	17884	  1.62	86	10	--  	      24727.50	
="000667"	美好集团	-1.41	2.79	-0.04	2.79	2.80	606596	4106	          0.35	          2.37	2.83	2.85	2.74	2.83	   190.48	169315616	  0.70	全国地产	云南	 3.89	2.79	351203	255393	  1.38	7918	14730	--  	     255959.23	
="002370"	亚太药业	-1.43	17.26	-0.25	17.26	17.28	28389	194	          0.05	          1.97	17.53	17.59	17.24	17.51	    94.38	49268740	  0.75	化学制药	浙江	 2.00	17.35	16475	11914	  1.38	119	105	--  	      14417.91	
="002470"	金正大	-1.50	26.19	-0.40	26.19	26.24	39948	265	         -0.07	          0.67	26.80	26.80	26.02	26.59	    16.87	105261600	  0.78	农药化肥	山东	 2.93	26.35	21628	18320	  1.18	135	250	--  	      59254.00	
="600573"	惠泉啤酒	-1.54	9.58	-0.15	9.56	9.57	28415	116	          0.41	          1.14	9.66	9.78	9.43	9.73	    43.65	27126620	  0.74	啤酒	福建	 3.60	9.55	19153	9262	  2.07	90	40	--  	      25000.00	
="600532"	宏达矿业	-1.55	10.13	-0.16	10.12	10.13	46112	44	          0.00	          2.79	10.32	10.32	9.98	10.29	    25.73	46625556	  0.36	普钢	山东	 3.30	10.11	25847	20265	  1.28	81	103	--  	      16510.25	
="600463"	空港股份	-1.58	10.60	-0.17	10.57	10.60	33019	29	         -0.09	          1.31	10.75	10.75	10.43	10.77	    56.63	34861620	  0.73	园区开发	北京	 2.97	10.56	21384	11635	  1.84	146	31	--  	      25200.00	
="002483"	润邦股份	-1.58	13.09	-0.21	13.08	13.09	81395	451	          0.07	          2.26	13.01	13.17	12.80	13.30	    39.47	105998120	  1.18	工程机械	江苏	 2.78	13.02	44258	37137	  1.19	62	43	--  	      36000.00	
="000563"	陕国投Ａ	-1.58	8.71	-0.14	8.70	8.71	232996	2330	          0.00	          3.10	8.76	8.83	8.53	8.85	    32.49	202007952	  0.66	多元金融	陕西	 3.39	8.67	140157	92839	  1.51	765	432	--  	      75266.72	
="600543"	莫高股份	-1.59	9.29	-0.15	9.30	9.31	56631	10	          0.21	          1.76	9.40	9.44	9.18	9.44	    92.72	52479124	  0.94	红黄药酒	甘肃	 2.75	9.27	40194	16437	  2.45	40	355	--  	      32112.00	
="002086"	东方海洋	-1.67	11.18	-0.19	11.18	11.20	55042	481	          0.00	          2.31	11.31	11.35	11.05	11.37	    54.63	61425048	  0.53	渔业	山东	 2.64	11.16	33548	21494	  1.56	821	226	--  	      23780.85	
="000623"	吉林敖东	-1.72	21.66	-0.38	21.66	21.67	212315	884	         -0.13	          2.69	22.00	22.11	21.36	22.04	    15.90	460395392	  0.89	中成药	吉林	 3.40	21.68	117271	95044	  1.23	1884	111	--  	      78904.07	
="601111"	中国国航	-1.73	4.54	-0.08	4.53	4.54	573764	53	          0.00	          0.69	4.58	4.61	4.46	4.62	    14.11	259220560	  0.52	空运	北京	 3.25	4.52	292611	281153	  1.04	2048	2580	--  	     832927.13	
="600029"	南方航空	-1.73	3.40	-0.06	3.40	3.41	802638	459	          0.00	          1.14	3.42	3.45	3.34	3.46	    19.93	271476000	  0.48	空运	广东	 3.18	3.38	419512	383126	  1.09	575	4119	--  	     702265.00	
="000528"	柳    工	-1.74	8.45	-0.15	8.45	8.46	952847	6716	         -0.11	          8.47	8.40	8.50	8.20	8.60	    39.74	795495808	  1.37	工程机械	广西	 3.49	8.35	509434	443413	  1.15	2319	5031	--  	     112508.84	
="002110"	三钢闽光	-1.76	6.15	-0.11	6.14	6.15	61989	691	          0.49	          1.16	6.27	6.29	6.05	6.26	--  	37989232	  0.64	普钢	福建	 3.83	6.13	39685	22304	  1.78	382	231	--  	      53470.00	
="002208"	合肥城建	-1.76	8.94	-0.16	8.94	8.96	28038	307	          0.00	          0.89	9.09	9.09	8.86	9.10	    38.48	25030500	  0.64	区域地产	安徽	 2.53	8.93	17193	10845	  1.59	297	136	--  	      31671.60	
="600589"	广东榕泰	-1.83	6.43	-0.12	6.42	6.44	107796	50	          0.00	          1.79	6.57	6.57	6.35	6.55	    64.51	69383280	  0.94	塑料	广东	 3.36	6.44	58799	48997	  1.20	614	369	--  	      60173.00	
="601588"	北辰实业	-1.88	3.65	-0.07	3.64	3.65	515406	110	          0.82	          1.94	3.70	3.74	3.56	3.72	    28.72	187218752	  0.66	区域地产	北京	 4.84	3.63	294627	220779	  1.33	1650	760	--  	     266000.00	
="601107"	四川成渝	-1.89	3.64	-0.07	3.65	3.66	137462	3	         -0.54	          0.64	3.71	3.71	3.61	3.71	     9.80	50199152	  0.53	路桥	四川	 2.70	3.65	66856	70606	  0.95	281	310	--  	     216274.00	
="000900"	现代投资	-1.92	6.14	-0.12	6.14	6.15	250072	3666	         -0.16	          2.47	6.27	6.28	6.03	6.26	    15.97	153228416	  0.72	路桥	湖南	 3.99	6.13	138649	111423	  1.24	3010	520	--  	     101128.75	
="600125"	铁龙物流	-1.94	7.58	-0.15	7.57	7.58	282349	56	         -0.26	          2.16	7.70	7.73	7.44	7.73	    27.96	213563696	  0.66	铁路	辽宁	 3.75	7.56	161634	120715	  1.34	1109	46	--  	     130552.18	
="002075"	沙钢股份	-1.95	4.52	-0.09	4.51	4.52	194073	1394	          0.00	          1.23	4.62	4.66	4.48	4.61	   102.11	87818632	  0.79	特钢	江苏	 3.90	4.53	122927	71146	  1.73	1144	489	--  	     157626.48	
="000816"	江淮动力	-1.96	6.51	-0.13	6.51	6.52	190726	1278	          0.30	          1.75	6.60	6.62	6.45	6.64	   164.43	124274792	  0.58	机械基件	江苏	 2.56	6.52	112382	78344	  1.43	674	2842	--  	     108877.75	
="600415"	小商品城	-2.22	7.04	-0.16	7.04	7.05	218290	4	          0.14	          0.80	7.22	7.24	6.90	7.20	    44.77	154134112	  0.86	商品城	浙江	 4.72	7.06	116279	102011	  1.14	217	609	--  	     272160.72	
="600710"	常林股份	-2.25	4.78	-0.11	4.77	4.78	281610	38	          0.20	          4.40	4.80	4.84	4.68	4.89	--  	133732360	  0.77	工程机械	江苏	 3.27	4.75	165879	115731	  1.43	264	1406	--  	      64028.39	
="600215"	长春经开	-2.49	5.87	-0.15	5.86	5.87	130784	54	         -0.33	          2.81	5.97	6.01	5.77	6.02	--  	76742896	  0.77	园区开发	吉林	 3.99	5.87	69727	61057	  1.14	250	144	--  	      46503.28	
="600223"	鲁商置业	-2.67	5.10	-0.14	5.09	5.10	167361	28	          0.19	          1.67	5.25	5.26	5.06	5.24	    30.91	85852528	  0.75	区域地产	山东	 3.82	5.13	97388	69973	  1.39	460	3043	--  	     100096.79	
="600865"	百大集团	-2.88	8.44	-0.25	8.43	8.44	71191	30	          0.11	          1.89	8.68	8.72	8.39	8.69	    18.71	60548088	  1.37	百货	浙江	 3.80	8.50	52437	18754	  2.80	113	52	--  	      37624.03	
="600400"	红豆股份	-3.04	6.07	-0.19	6.08	6.09	460443	206	         -0.16	          8.22	6.42	6.51	5.91	6.26	   110.10	284413184	  1.13	服饰	江苏	 9.58	6.18	225289	235154	  0.96	347	335	--  	      56039.96	
="601118"	海南橡胶	-3.74	8.49	-0.33	8.49	8.50	1556287	42	          0.11	          3.96	8.60	8.69	8.38	8.82	  3087.82	1325013760	  1.28	橡胶	海南	 3.51	8.51	819750	736537	  1.11	2875	141	--  	     393117.16	
="000928"	中钢国际	-3.89	12.35	-0.50	12.35	12.36	132967	1475	         -0.16	          4.70	12.70	12.70	11.98	12.85	    65.83	163743488	  1.25	建筑施工	吉林	 5.60	12.31	75830	57137	  1.33	295	267	--  	      28289.90	
="600483"	福能股份	-5.93	10.15	-0.64	10.13	10.14	197195	42	          0.09	          6.84	10.36	10.57	10.12	10.79	    17.80	203372544	  1.03	火力发电	福建	 4.17	10.31	109159	88036	  1.24	959	30	--  	      28848.36	
数据来源:通达信
