代码	名称	涨幅%%	现价	涨跌	买价	卖价	总量	现量	涨速%%	换手%%	今开	最高	最低	昨收	市盈(动)	总金额	量比	细分行业	地区	振幅%%	均价	内盘	外盘	内外比	买量	卖量	未匹配量	流通股本(万)	
="600705"	中航资本	10.02	27.57	2.51	27.57	--  	9638	5	0.00	          0.13	27.57	27.57	27.57	25.06	    26.07	26572710	  0.11	多元金融	黑龙江	0.00	27.57	8542	1096	  7.79	349763	0	--  	      74464.21	
="600015"	华夏银行	9.98	12.34	1.12	12.34	--  	3882989	21	0.00	          5.99	11.41	12.34	11.30	11.22	     6.25	4703796224	  1.85	银行	北京	9.27	12.11	2185292	1697696	  1.29	132105	0	--  	     648768.69	
="600761"	安徽合力	9.98	15.65	1.42	15.65	--  	182381	50	0.00	          2.96	14.35	15.65	14.35	14.23	    14.96	280581344	  0.69	工程机械	安徽	9.14	15.38	128917	53464	  2.41	71947	0	--  	      61681.73	
="000157"	中联重科	9.97	6.84	0.62	6.84	--  	5046826	3096	0.00	          8.06	6.34	6.84	6.32	6.22	    39.52	3404492544	  1.16	工程机械	湖南	8.36	6.75	2764275	2282550	  1.21	226575	0	--  	     626117.19	
="600801"	华新水泥	9.57	10.42	0.91	10.41	10.42	565511	35	0.38	          5.82	9.51	10.44	9.51	9.51	    14.35	571589504	  1.37	水泥	湖北	9.78	10.11	255389	310122	  0.82	477	245	--  	      97167.99	
="600058"	五矿发展	7.25	16.71	1.13	16.72	16.73	405460	33	0.60	          3.78	15.66	16.77	15.55	15.58	    76.03	655705984	  1.13	商贸代理	北京	7.83	16.17	169435	236024	  0.72	55	232	--  	     107191.07	
="000401"	冀东水泥	6.03	12.48	0.71	12.48	12.49	303223	7720	0.72	          2.50	11.68	12.74	11.67	11.77	   608.11	372940192	  1.12	水泥	河北	9.09	12.30	131667	171555	  0.77	2395	134	--  	     121233.36	
="600089"	特变电工	5.68	12.65	0.68	12.65	12.66	1308513	1087	1.36	          4.13	12.05	12.66	11.84	11.97	    22.29	1609765760	  0.84	电气设备	新疆	6.85	12.30	597280	711232	  0.84	929	801	--  	     316591.31	
="000338"	潍柴动力	5.64	26.99	1.44	26.99	27.00	463547	5536	0.00	          4.43	25.79	27.50	25.79	25.55	     9.10	1241718784	  0.97	汽车配件	山东	6.69	26.79	218771	244775	  0.89	127	1397	--  	     104608.49	
="600720"	祁连山	5.59	10.39	0.55	10.39	10.40	582874	7	0.00	          7.51	9.88	10.45	9.88	9.84	     9.52	597805888	  1.21	水泥	甘肃	5.79	10.26	241785	341088	  0.71	224	7684	--  	      77616.27	
="600018"	上港集团	5.23	6.44	0.32	6.44	6.45	1487793	599	0.31	          0.65	6.17	6.48	6.10	6.12	    23.49	936586496	  0.60	港口	上海	6.21	6.30	703520	784273	  0.90	1435	9930	--  	    2275518.00	
="000800"	一汽轿车	5.06	15.56	0.75	15.56	15.57	326703	5441	0.25	          2.31	14.81	15.57	14.68	14.81	    77.12	498504224	  0.66	汽车整车	吉林	6.01	15.26	151657	175045	  0.87	297	522	--  	     141175.41	
="000422"	湖北宜化	4.99	7.57	0.36	7.57	7.58	608309	2788	0.26	          6.96	7.25	7.88	7.25	7.21	   280.44	461510176	  1.76	农药化肥	湖北	8.74	7.59	267766	340542	  0.79	887	411	--  	      87374.47	
="600449"	宁夏建材	4.94	12.11	0.57	12.10	12.11	177583	72	0.33	          3.71	11.55	12.21	11.55	11.54	    15.61	212510736	  0.95	水泥	宁夏	5.72	11.97	67642	109941	  0.62	217	92	--  	      47818.10	
="000789"	万年青	4.65	13.29	0.59	13.29	13.30	218448	2757	0.37	          5.34	12.71	13.58	12.71	12.70	    10.87	289009248	  1.50	水泥	江西	6.85	13.23	90907	127540	  0.71	34	837	--  	      40888.75	
="002146"	荣盛发展	4.63	13.78	0.61	13.77	13.78	346749	2253	0.14	          2.08	13.22	13.83	13.22	13.17	     9.52	469837184	  0.99	全国地产	河北	4.63	13.55	174414	172335	  1.01	293	1252	--  	     166646.34	
="000758"	中色股份	4.62	14.72	0.65	14.71	14.72	462817	7100	0.13	          5.13	14.00	14.78	13.80	14.07	   154.39	667966976	  0.82	铅锌	北京	6.97	14.43	208179	254638	  0.82	4080	1238	--  	      90156.15	
="601369"	陕鼓动力	4.57	8.92	0.39	8.92	8.93	211506	2	-0.22	          1.29	8.58	9.13	8.57	8.53	    37.24	187670992	  0.72	机械基件	陕西	6.57	8.87	95629	115877	  0.83	294	169	--  	     163877.02	
="600511"	国药股份	4.39	30.88	1.30	30.85	30.86	35883	1	-0.06	          1.29	29.59	31.90	29.59	29.58	    29.58	110824992	  1.05	医药商业	北京	7.81	30.88	15347	20536	  0.75	14	41	--  	      27764.33	
="600875"	东方电气	4.21	19.55	0.79	19.56	19.57	350213	9	0.51	          2.10	18.88	19.59	18.70	18.76	    26.97	674425856	  0.58	电气设备	四川	4.74	19.26	165617	184595	  0.90	72	782	--  	     166386.00	
="601988"	中国银行	4.20	3.72	0.15	3.72	3.73	15866906	440	0.26	          0.81	3.66	3.73	3.56	3.57	     6.80	5814137856	  0.79	银行	北京	4.76	3.66	6667648	9199257	  0.72	29378	110122	--  	   19591296.00	
="000063"	中兴通讯	4.19	18.42	0.74	18.42	18.43	896808	11421	0.05	          3.20	17.68	18.45	17.53	17.68	    25.93	1624911104	  0.76	通信设备	深圳	5.20	18.12	408059	488749	  0.83	184	1908	--  	     280129.03	
="601288"	农业银行	4.05	3.34	0.13	3.33	3.34	9365371	1973	0.60	          0.33	3.27	3.36	3.21	3.21	     5.34	3085447168	  0.72	银行	北京	4.67	3.29	3784113	5581257	  0.68	44359	6972	--  	   28416352.00	
="601633"	长城汽车	4.05	38.83	1.51	38.85	38.86	55525	33	0.10	          0.28	37.00	38.88	37.00	37.32	    15.86	211522832	  0.69	汽车整车	河北	5.04	38.10	25695	29829	  0.86	8	10	--  	     200924.30	
="000877"	天山股份	3.97	9.43	0.36	9.42	9.43	487872	3744	0.10	          5.54	9.10	9.57	9.01	9.07	    20.26	457644992	  1.00	水泥	新疆	6.17	9.38	230240	257631	  0.89	1137	562	--  	      88001.99	
="600309"	万华化学	3.88	22.48	0.84	22.48	22.49	397932	12	0.13	          1.84	21.70	23.10	21.56	21.64	    17.38	894144896	  0.93	化工原料	山东	7.12	22.47	193811	204120	  0.95	777	395	--  	     216233.45	
="601857"	中国石油	3.80	9.84	0.36	9.84	9.85	1389302	1078	0.92	          0.09	9.50	9.86	9.41	9.48	    14.06	1336171136	  0.59	石油开采	北京	4.75	9.62	658655	730646	  0.90	12267	246	--  	   16192208.00	
="600143"	金发科技	3.75	6.91	0.25	6.90	6.91	1378115	45	0.14	          5.38	6.76	6.96	6.51	6.66	    29.06	934133376	  1.68	塑料	广东	6.76	6.78	618186	759928	  0.81	5952	3772	--  	     256000.00	
="000778"	新兴铸管	3.70	5.60	0.20	5.59	5.60	913103	17290	0.35	          2.51	5.44	5.61	5.41	5.40	    22.82	504067168	  0.65	钢加工	河北	3.70	5.52	452662	460441	  0.98	1903	306	--  	     364209.41	
="600718"	东软集团	3.66	17.00	0.60	17.01	17.02	478656	52	0.11	          3.90	16.50	17.16	16.35	16.40	    73.04	803076416	  1.10	软件服务	辽宁	4.94	16.78	234787	243869	  0.96	121	20	--  	     122759.42	
="600581"	八一钢铁	3.66	5.67	0.20	5.67	5.68	281473	311	1.25	          3.67	5.47	5.68	5.42	5.47	--  	156195888	  0.67	普钢	新疆	4.75	5.55	148539	132934	  1.12	69	1292	--  	      76644.89	
="600278"	东方创业	3.63	12.56	0.44	12.56	12.57	75016	5	0.23	          1.44	12.21	12.70	12.03	12.12	    51.51	92808672	  0.61	商贸代理	上海	5.53	12.37	33647	41369	  0.81	23	415	--  	      52224.17	
="000978"	桂林旅游	3.63	9.43	0.33	9.43	9.44	56149	851	-0.10	          1.56	9.18	9.52	9.13	9.10	--  	52549584	  0.57	旅游景点	广西	4.29	9.36	25866	30282	  0.85	804	801	--  	      36010.00	
="603128"	华贸物流	3.59	15.02	0.52	15.02	15.03	60893	2	0.46	          3.81	14.60	15.08	14.40	14.50	    56.36	89604312	  0.56	仓储物流	上海	4.69	14.72	28701	32192	  0.89	28	64	--  	      16000.00	
="600280"	中央商场	3.51	13.57	0.46	13.45	13.60	64262	2	0.07	          1.12	13.13	13.62	12.98	13.11	    11.82	86411240	  0.69	百货	江苏	4.88	13.45	23613	40648	  0.58	4	532	--  	      57416.73	
="603001"	奥康国际	3.50	18.34	0.62	18.34	18.35	49129	2	0.05	          4.20	17.94	18.43	17.73	17.72	    29.73	89673976	  1.23	服饰	浙江	3.95	18.25	20914	28214	  0.74	11	13	--  	      11694.90	
="600067"	冠城大通	3.43	7.54	0.25	7.54	7.55	222565	2	0.26	          1.87	7.30	7.62	7.27	7.29	    19.80	166551936	  0.74	全国地产	福建	4.80	7.48	109610	112954	  0.97	842	468	--  	     119334.20	
="600740"	山西焦化	3.40	7.00	0.23	7.01	7.02	146705	419	0.14	          2.23	6.86	7.05	6.80	6.77	   194.87	102087496	  0.66	焦炭加工	山西	3.69	6.96	64459	82246	  0.78	150	923	--  	      65683.27	
="601666"	平煤股份	3.30	5.95	0.19	5.95	5.96	471186	18	0.16	          2.00	5.80	5.96	5.77	5.76	   121.90	276696736	  0.59	煤炭开采	河南	3.30	5.87	220016	251170	  0.88	3449	2163	--  	     236116.50	
="600642"	申能股份	3.29	6.28	0.20	6.28	6.29	592207	83	0.48	          1.30	6.14	6.29	6.06	6.08	    15.07	365977984	  0.55	火力发电	上海	3.78	6.18	304077	288129	  1.06	1290	2723	--  	     455203.84	
="002255"	海陆重工	3.23	17.26	0.54	17.26	17.27	374061	1719	0.29	         18.83	16.90	17.44	16.42	16.72	    66.01	636138240	  1.71	专用机械	江苏	6.10	17.01	141242	232818	  0.61	1847	30	--  	      19860.33	
="600036"	招商银行	3.22	14.76	0.46	14.75	14.76	3680295	607	0.00	          1.78	14.51	14.97	14.34	14.30	     6.10	5389584896	  0.85	银行	深圳	4.41	14.64	1713201	1967093	  0.87	53	1771	--  	    2062894.50	
="000983"	西山煤电	3.17	8.14	0.25	8.14	8.15	709828	8055	0.24	          2.25	8.02	8.15	7.88	7.89	    56.15	568875392	  0.54	煤炭开采	山西	3.42	8.01	354968	354859	  1.00	6367	4502	--  	     315117.00	
="600612"	老凤祥	3.15	33.09	1.01	33.09	33.10	10954	20	0.00	          0.35	32.21	33.21	32.20	32.08	    17.90	36121348	  1.14	服饰	上海	3.15	32.98	6185	4768	  1.30	6	44	--  	      31710.96	
="000042"	中洲控股	3.14	14.11	0.43	14.11	14.12	53922	995	0.14	          1.13	13.69	14.24	13.69	13.68	    16.60	75812056	  0.63	全国地产	深圳	4.02	14.06	28576	25345	  1.13	40	195	--  	      47879.07	
="600583"	海油工程	3.09	11.01	0.33	11.01	11.02	2999604	333	1.19	          7.41	10.64	11.27	10.57	10.68	    14.08	3280024832	  0.94	石油开采	天津	6.55	10.93	1292810	1706794	  0.76	16	3620	--  	     404901.41	
="601088"	中国神华	3.06	18.85	0.56	18.85	18.86	659925	31	0.26	          0.40	18.35	18.87	18.33	18.29	     9.49	1225692928	  0.56	煤炭开采	北京	2.95	18.57	348715	311209	  1.12	788	12	--  	    1649103.75	
="000021"	长城开发	3.02	7.84	0.23	7.83	7.84	374036	2632	0.00	          2.54	7.60	7.89	7.56	7.61	    63.07	291256896	  1.28	电脑设备	深圳	4.34	7.79	180959	193077	  0.94	867	1227	--  	     146981.44	
="601398"	工商银行	3.00	4.46	0.13	4.46	4.47	5493031	93	0.22	          0.21	4.38	4.50	4.34	4.33	     5.33	2432539648	  0.64	银行	北京	3.70	4.43	2373345	3119685	  0.76	6815	14458	--  	   26471778.00	
="000690"	宝新能源	2.95	6.29	0.18	6.28	6.29	434474	7654	0.15	          2.54	6.15	6.29	6.02	6.11	     9.78	268568544	  0.60	火力发电	广东	4.42	6.18	200999	233475	  0.86	221	997	--  	     171265.66	
="600050"	中国联通	2.90	4.62	0.13	4.62	4.63	3344904	117	0.00	          1.58	4.50	4.64	4.48	4.49	    20.98	1528064128	  0.62	电信运营	上海	3.56	4.57	1559498	1785406	  0.87	5768	9859	--  	    2119659.75	
="600009"	上海机场	2.86	19.06	0.53	19.06	19.07	128745	125	0.31	          1.18	18.55	19.07	18.55	18.53	    17.45	242411232	  0.50	机场	上海	2.81	18.83	62270	66474	  0.94	46	138	--  	     109347.64	
="601699"	潞安环能	2.86	11.51	0.32	11.50	11.51	348692	152	0.52	          1.52	11.35	11.58	11.22	11.19	    31.28	396865472	  0.52	煤炭开采	山西	3.22	11.38	171568	177124	  0.97	920	851	--  	     230108.41	
="002325"	洪涛股份	2.84	11.21	0.31	11.21	11.22	88114	1437	0.08	          1.77	10.90	11.24	10.80	10.90	    26.36	97024608	  0.95	装修装饰	深圳	4.04	11.01	32092	56021	  0.57	160	530	--  	      49715.00	
="600804"	鹏博士	2.75	18.30	0.49	18.29	18.30	240510	3	0.16	          1.79	17.90	18.37	17.66	17.81	    45.24	434440672	  0.72	电信运营	四川	3.99	18.06	118657	121852	  0.97	45	115	--  	     134194.16	
="600107"	美尔雅	2.74	8.63	0.23	8.63	8.64	80358	255	0.70	          2.23	8.38	8.64	8.35	8.40	--  	68618112	  0.59	服饰	湖北	3.45	8.54	37621	42737	  0.88	20	254	--  	      36000.00	
="000988"	华工科技	2.74	13.14	0.35	13.13	13.14	192473	2306	-0.07	          2.16	12.91	13.38	12.81	12.79	    59.49	253325088	  1.17	电器仪表	湖北	4.46	13.16	91561	100912	  0.91	324	479	--  	      89111.65	
="002033"	丽江旅游	2.69	15.67	0.41	15.67	15.68	48745	262	-0.06	          2.48	15.26	15.84	15.21	15.26	    20.37	76107368	  1.22	旅游景点	云南	4.13	15.61	25161	23584	  1.07	27	96	--  	      19658.59	
="601933"	永辉超市	2.66	8.88	0.23	8.88	8.89	382343	24	0.11	          1.24	8.76	8.92	8.66	8.65	    33.40	336015040	  0.87	超市连锁	福建	3.01	8.79	179152	203190	  0.88	650	640	--  	     307160.00	
="600007"	中国国贸	2.65	14.35	0.37	14.33	14.35	24723	29	-0.34	          0.25	14.10	14.44	14.08	13.98	    25.26	35247400	  0.38	园区开发	北京	2.58	14.26	11754	12968	  0.91	188	30	--  	     100728.25	
="601789"	宁波建工	2.53	9.74	0.24	9.74	9.75	148214	212	0.20	          3.38	9.48	9.77	9.41	9.50	    25.97	142295520	  0.61	建筑施工	浙江	3.79	9.60	73225	74989	  0.98	20	248	--  	      43807.98	
="600121"	郑州煤电	2.50	5.73	0.14	5.72	5.73	89552	36	0.17	          1.28	5.62	5.73	5.61	5.59	--  	50755864	  0.48	煤炭开采	河南	2.15	5.67	42153	47398	  0.89	82	429	--  	      69834.40	
="000725"	京东方Ａ	2.48	3.31	0.08	3.30	3.31	3414075	81183	0.60	          2.97	3.24	3.32	3.21	3.23	    47.23	1114600064	  0.67	元器件	北京	3.41	3.26	1540131	1873944	  0.82	58130	18772	--  	    1150574.38	
="601899"	紫金矿业	2.47	3.32	0.08	3.31	3.32	3014201	995	0.30	          1.91	3.24	3.32	3.21	3.24	    27.37	987318144	  0.48	黄金	福建	3.40	3.28	1186751	1827450	  0.65	5481	14689	--  	    1580380.38	
="600028"	中国石化	2.39	6.00	0.14	6.00	6.01	3906649	3345	0.33	          0.43	5.88	6.01	5.84	5.86	    10.27	2320192512	  0.61	石油加工	北京	2.90	5.94	1592786	2313863	  0.69	13264	14596	--  	    9128216.00	
="000937"	冀中能源	2.35	8.26	0.19	8.26	8.27	283476	5329	0.60	          1.28	8.17	8.26	8.05	8.07	   412.85	231212288	  0.57	煤炭开采	河北	2.60	8.16	150311	133165	  1.13	10246	310	--  	     220706.56	
="600739"	辽宁成大	2.31	20.82	0.47	20.84	20.85	489453	106	0.28	          3.59	20.45	21.06	20.31	20.35	    32.51	1012974464	  0.70	商贸代理	辽宁	3.69	20.70	239346	250107	  0.96	22	887	--  	     136470.98	
="600123"	兰花科创	2.25	10.00	0.22	10.01	10.02	245530	60	0.40	          2.15	9.87	10.02	9.78	9.78	   487.55	243119168	  0.48	煤炭开采	山西	2.45	9.90	122833	122696	  1.00	189	884	--  	     114240.00	
="601101"	昊华能源	2.23	8.70	0.19	8.70	8.71	214514	46	0.57	          1.79	8.56	8.70	8.40	8.51	    53.11	183900336	  0.57	煤炭开采	北京	3.53	8.57	101631	112883	  0.90	484	417	--  	     119999.82	
="000899"	赣能股份	2.22	6.92	0.15	6.91	6.92	116496	1158	0.00	          2.10	6.81	6.93	6.76	6.77	    11.91	79975600	  0.59	火力发电	江西	2.51	6.87	57199	59297	  0.96	877	1869	--  	      55518.16	
="600362"	江西铜业	2.17	17.46	0.37	17.48	17.49	314760	141	0.22	          1.52	17.10	17.62	16.83	17.09	    19.51	543800064	  0.46	铜	江西	4.62	17.28	156134	158626	  0.98	74	697	--  	     207524.73	
="600348"	阳泉煤业	2.11	9.19	0.19	9.19	9.20	967273	110	0.76	          4.02	9.40	9.60	8.81	9.00	    39.25	888011776	  1.06	煤炭开采	山西	8.78	9.18	524783	442489	  1.19	951	513	--  	     240500.00	
="601238"	广汽集团	2.09	8.78	0.18	8.78	8.79	112590	100	0.00	          1.86	8.62	8.80	8.57	8.60	    18.65	98022896	  0.61	汽车整车	广东	2.67	8.71	43390	69199	  0.63	48	1399	--  	      60431.64	
="002092"	中泰化学	2.07	7.89	0.16	7.89	7.90	216551	4937	0.25	          1.74	7.78	7.89	7.73	7.73	    32.72	169521536	  0.62	化工原料	新疆	2.07	7.83	103181	113370	  0.91	1544	2217	--  	     124236.88	
="600284"	浦东建设	2.06	11.39	0.23	11.40	11.41	174669	10	0.44	          2.64	11.14	11.41	11.06	11.16	    24.93	196705856	  0.50	建筑施工	上海	3.14	11.26	79634	95035	  0.84	118	283	--  	      66104.00	
="600823"	世茂股份	2.04	12.52	0.25	12.49	12.50	116655	31	-0.07	          1.00	12.41	12.58	12.28	12.27	    14.27	145445792	  0.67	全国地产	上海	2.44	12.47	64928	51727	  1.26	15	145	--  	     117059.53	
="000926"	福星股份	2.00	9.69	0.19	9.68	9.69	252156	3589	0.10	          4.77	9.54	9.69	9.49	9.50	     8.93	241505904	  0.87	区域地产	湖北	2.11	9.58	119636	132519	  0.90	1220	607	--  	      52853.94	
="601339"	百隆东方	1.99	10.76	0.21	10.75	10.76	39776	50	-0.27	          2.07	10.56	10.79	10.56	10.55	    15.18	42569492	  0.66	纺织	浙江	2.18	10.70	17569	22206	  0.79	115	20	--  	      19200.00	
="601139"	深圳燃气	1.94	8.39	0.16	8.38	8.40	85509	492	0.00	          0.43	8.23	8.43	8.15	8.23	    21.39	71055632	  0.66	供气供热	深圳	3.40	8.31	40746	44762	  0.91	275	1187	--  	     198045.67	
="600805"	悦达投资	1.92	11.70	0.22	11.68	11.69	185236	10	0.08	          2.18	11.55	11.75	11.47	11.48	     9.94	215479968	  0.69	综合类	江苏	2.44	11.63	96854	88381	  1.10	412	442	--  	      84920.21	
="600873"	梅花生物	1.78	6.87	0.12	6.87	6.88	598798	10	-0.86	          1.93	6.76	7.08	6.71	6.75	    59.04	412184000	  1.32	食品	西藏	5.48	6.88	259508	339290	  0.76	217	260	--  	     310822.66	
="600688"	上海石化	1.72	4.14	0.07	4.13	4.14	772064	25	0.48	          3.24	4.06	4.15	4.05	4.07	--  	316601984	  0.48	石油加工	上海	2.46	4.10	340890	431174	  0.79	2496	5856	--  	     238500.00	
="600101"	明星电力	1.70	9.57	0.16	9.57	9.58	65237	30	0.31	          2.01	9.41	9.58	9.38	9.41	    20.38	61781264	  0.53	水力发电	四川	2.13	9.47	35495	29742	  1.19	55	513	--  	      32417.90	
="601888"	中国国旅	1.67	43.29	0.71	43.24	43.28	43189	1	-0.04	          0.44	42.65	43.40	42.15	42.58	    26.58	184695808	  0.50	旅游服务	北京	2.94	42.76	23059	20130	  1.15	42	39	--  	      97623.77	
="000598"	兴蓉投资	1.66	7.95	0.13	7.95	7.96	1633412	17222	-0.25	          9.44	7.88	8.04	7.52	7.82	    26.46	1266002816	  0.74	环境保护	四川	6.65	7.75	832442	800969	  1.04	17666	3381	--  	     173051.20	
="600978"	宜华木业	1.64	6.19	0.10	6.19	6.20	296159	210	0.48	          2.00	6.09	6.20	6.06	6.09	    15.32	181213952	  0.57	家居用品	广东	2.30	6.12	140606	155553	  0.90	190	8917	--  	     148287.00	
="600489"	中金黄金	1.48	10.29	0.15	10.28	10.29	423025	153	0.19	          1.44	10.17	10.37	10.13	10.14	    57.79	433439840	  0.46	黄金	北京	2.37	10.25	207409	215616	  0.96	785	196	--  	     294322.88	
="000876"	新 希 望	1.44	14.80	0.21	14.79	14.80	233581	2330	0.00	          1.35	14.70	14.93	14.57	14.59	    14.71	344385056	  0.57	饲料	四川	2.47	14.74	124271	109309	  1.14	163	169	--  	     172830.80	
="002415"	海康威视	1.40	22.52	0.31	22.51	22.52	159057	1027	0.08	          0.50	22.28	22.73	22.01	22.21	    25.03	357827136	  0.86	电器仪表	浙江	3.24	22.50	82989	76067	  1.09	163	310	--  	     315046.75	
="601928"	凤凰传媒	1.39	11.68	0.16	11.67	11.68	303555	136	0.08	          4.28	11.59	11.77	11.47	11.52	    30.36	353108512	  0.79	出版业	江苏	2.60	11.63	152574	150980	  1.01	335	159	--  	      70878.35	
="000069"	华侨城Ａ	1.34	6.79	0.09	6.79	6.80	973008	8032	0.14	          3.13	6.76	6.84	6.65	6.70	    13.16	656420096	  0.69	旅游景点	深圳	2.84	6.75	464017	508991	  0.91	6429	7450	--  	     311246.41	
="600621"	华鑫股份	1.33	7.62	0.10	7.61	7.62	51636	92	0.13	          0.99	7.56	7.66	7.52	7.52	    31.72	39231220	  0.57	全国地产	上海	1.86	7.60	25441	26195	  0.97	94	544	--  	      52408.23	
="600066"	宇通客车	1.21	20.97	0.25	20.96	20.97	87403	2	0.33	          0.70	21.14	21.14	20.51	20.72	    17.73	181909472	  0.57	汽车整车	河南	3.04	20.81	48081	39322	  1.22	21	312	--  	     124421.64	
="600874"	创业环保	1.19	11.05	0.13	11.05	11.06	342611	13	0.36	          3.15	10.94	11.07	10.60	10.92	    46.49	372370624	  0.69	环境保护	天津	4.30	10.87	174449	168161	  1.04	89	354	--  	     108722.84	
="000012"	南  玻Ａ	1.18	8.57	0.10	8.57	8.58	299311	3667	0.23	          2.30	8.48	8.61	8.44	8.47	    18.09	255413312	  0.60	玻璃	深圳	2.01	8.53	155242	144069	  1.08	4317	2281	--  	     130276.85	
="000726"	鲁  泰Ａ	1.10	11.02	0.12	11.02	11.03	115638	527	0.09	          2.06	10.92	11.18	10.88	10.90	    11.12	127673848	  1.05	纺织	山东	2.75	11.04	52489	63149	  0.83	569	41	--  	      56110.69	
="300172"	中电环保	1.07	23.62	0.25	23.61	23.62	53760	492	-0.12	          5.26	23.30	23.99	22.70	23.37	    65.79	125612408	  0.71	环境保护	江苏	5.52	23.37	27543	26216	  1.05	246	911	--  	      10224.55	
="600641"	万业企业	1.05	5.79	0.06	5.78	5.79	78393	20	0.17	          0.97	5.71	5.83	5.71	5.73	    13.35	45223328	  0.67	区域地产	上海	2.09	5.77	37953	40440	  0.94	24	1339	--  	      80615.88	
="600195"	中牧股份	1.04	16.50	0.17	16.50	16.51	79557	20	0.36	          1.85	16.39	16.59	16.21	16.33	    22.27	130626432	  0.94	饲料	北京	2.33	16.42	40159	39398	  1.02	2	100	--  	      42980.00	
="002221"	东华能源	1.03	15.75	0.16	15.74	15.75	51544	1631	0.25	          1.15	15.73	15.90	15.32	15.59	   179.23	80407080	  0.61	石油贸易	江苏	3.72	15.60	24678	26865	  0.92	15	1131	--  	      44718.82	
="600377"	宁沪高速	1.02	6.95	0.07	6.95	6.96	173194	60	0.43	          0.46	6.92	6.99	6.82	6.88	    12.70	119839632	  0.97	路桥	江苏	2.47	6.92	111851	61342	  1.82	279	413	--  	     379275.53	
="600059"	古越龙山	1.00	9.05	0.09	9.04	9.05	150926	447	-0.11	          1.87	9.01	9.07	8.91	8.96	    76.17	135939664	  0.74	红黄药酒	浙江	1.79	9.01	75724	75201	  1.01	956	200	--  	      80852.40	
="300070"	碧水源	0.88	35.40	0.31	35.40	35.41	108882	1244	0.28	          1.68	35.50	35.50	34.50	35.09	   170.14	381695040	  0.74	环境保护	北京	2.85	35.06	56031	52850	  1.06	377	2	--  	      64693.33	
="000799"	酒 鬼 酒	0.84	15.54	0.13	15.53	15.54	186537	2603	0.19	          8.32	15.31	15.60	15.08	15.41	--  	286270304	  1.04	白酒	湖南	3.37	15.35	93314	93222	  1.00	833	814	--  	      22420.16	
="300299"	富春通信	0.84	13.26	0.11	13.25	13.26	28895	445	-0.59	          3.93	13.17	13.69	12.95	13.15	   138.83	38711976	  0.67	通信设备	福建	5.63	13.40	15555	13339	  1.17	33	55	--  	       7358.18	
="600199"	金种子酒	0.77	11.82	0.09	11.82	11.83	348783	68	0.33	          6.28	11.63	11.99	11.43	11.73	    87.58	407282688	  0.94	白酒	安徽	4.77	11.68	175891	172892	  1.02	14	132	--  	      55577.50	
="600252"	中恒集团	0.74	16.42	0.12	16.42	16.43	210763	27	0.00	          1.93	16.31	16.57	16.25	16.30	    19.38	345193472	  0.70	中成药	广西	1.96	16.38	117185	93578	  1.25	84	308	--  	     109174.75	
="600085"	同仁堂	0.71	21.30	0.15	21.30	21.31	95928	3	0.04	          0.73	21.10	21.54	21.00	21.15	    36.15	203903216	  0.78	中成药	北京	2.55	21.26	42433	53495	  0.79	60	261	--  	     131114.31	
="002646"	青青稞酒	0.66	21.30	0.14	21.30	21.31	68778	1114	0.04	          1.53	21.03	21.55	20.84	21.16	    26.58	145777920	  0.80	白酒	青海	3.36	21.20	33875	34903	  0.97	589	72	--  	      45000.00	
="000729"	燕京啤酒	0.65	7.75	0.05	7.74	7.75	523626	1941	-0.25	          2.09	7.71	7.88	7.50	7.70	    17.82	399974560	  3.11	啤酒	北京	4.94	7.64	316124	207501	  1.52	159	1511	--  	     249943.92	
="600744"	华银电力	0.64	4.70	0.03	4.70	4.71	177217	546	0.00	          3.74	4.64	4.71	4.55	4.67	--  	82286616	  0.55	火力发电	湖南	3.43	4.64	93677	83539	  1.12	4203	1350	--  	      47438.44	
="002064"	华峰氨纶	0.56	10.70	0.06	10.70	10.71	114187	838	-0.09	          1.71	10.74	10.78	10.52	10.64	    22.30	121905776	  0.66	化纤	浙江	2.44	10.68	55596	58591	  0.95	521	320	--  	      66669.71	
="600271"	航天信息	0.52	30.80	0.16	30.81	30.82	248322	23	0.35	          2.69	30.44	31.36	30.10	30.64	    23.63	760593408	  1.22	电脑设备	北京	4.11	30.63	126764	121557	  1.04	67	28	--  	      92340.00	
="600690"	青岛海尔	0.49	18.50	0.09	18.50	18.51	385178	79	0.16	          1.41	18.43	18.68	18.18	18.41	    10.02	708851392	  0.83	家用电器	山东	2.72	18.40	207749	177428	  1.17	72	140	--  	     273684.13	
="300262"	巴安水务	0.44	20.39	0.09	20.38	20.39	169535	2030	0.64	         10.78	20.01	20.77	19.68	20.30	    65.03	341329824	  1.24	环境保护	上海	5.37	20.13	80662	88872	  0.91	820	566	--  	      15727.58	
="000826"	桑德环境	0.39	28.34	0.11	28.34	28.35	133027	1113	0.03	          1.58	28.64	28.64	27.85	28.23	    35.01	374358400	  0.60	环境保护	湖北	2.80	28.14	67331	65696	  1.02	1052	312	--  	      83933.35	
="300202"	聚龙股份	0.36	30.65	0.11	30.65	30.66	11226	167	0.00	          0.20	30.42	30.93	30.22	30.54	   121.84	34182580	  0.63	专用机械	辽宁	2.32	30.45	5375	5850	  0.92	15	454	--  	      54950.39	
="000538"	云南白药	0.27	58.71	0.16	58.70	58.71	82425	1210	-0.08	          0.79	58.69	58.89	57.59	58.55	    23.58	479470112	  0.61	中成药	云南	2.22	58.17	46847	35577	  1.32	160	109	--  	     104136.53	
="600259"	广晟有色	0.25	55.30	0.14	55.30	55.31	64423	131	0.23	          2.58	55.61	55.83	53.13	55.16	  1210.98	351759360	  0.46	小金属	海南	4.89	54.60	32394	32028	  1.01	6	4	--  	      24940.00	
="000636"	风华高科	0.23	8.73	0.02	8.73	8.74	61495	798	0.22	          0.92	8.70	8.78	8.66	8.71	   101.02	53538244	  0.63	元器件	广东	1.38	8.71	31463	30032	  1.05	593	474	--  	      67093.63	
="600197"	伊力特	0.16	12.21	0.02	12.21	12.22	130742	2	0.08	          2.96	12.19	12.28	12.05	12.19	    14.86	158762528	  0.99	白酒	新疆	1.89	12.14	70968	59774	  1.19	495	421	--  	      44100.00	
="002304"	洋河股份	0.01	76.31	0.01	76.30	76.31	45213	661	0.22	          0.51	75.80	76.31	74.11	76.30	    15.47	340255680	  0.95	白酒	江苏	2.88	75.26	25072	20140	  1.24	153	32	--  	      87925.92	
="600986"	科达股份	0.00	7.05	0.00	--  	--  	0	0	0.00	          0.00	--  	--  	--  	7.05	    36.88	0	  0.00	建筑施工	山东	0.00	7.05	0	0	--  	0	0	--  	      33526.96	
="600981"	汇鸿股份	0.00	4.21	0.00	--  	--  	0	0	0.00	          0.00	--  	--  	--  	4.21	    92.48	0	  0.00	商贸代理	江苏	0.00	4.21	0	0	--  	0	0	--  	      51610.64	
="600876"	洛阳玻璃	0.00	7.24	0.00	--  	--  	0	0	0.00	          0.00	--  	--  	--  	7.24	   374.48	0	  0.00	玻璃	河南	0.00	7.24	0	0	--  	0	0	--  	      25001.82	
="600749"	西藏旅游	0.00	12.18	0.00	--  	--  	0	0	0.00	          0.00	--  	--  	--  	12.18	  1161.76	0	  0.00	旅游景点	西藏	0.00	12.18	0	0	--  	0	0	--  	      18913.78	
="600575"	皖江物流	0.00	4.11	0.00	--  	--  	0	0	0.00	          0.00	--  	--  	--  	4.11	--  	0	  0.00	港口	安徽	0.00	4.11	0	0	--  	0	0	--  	     142320.00	
="600486"	扬农化工	0.00	31.26	0.00	--  	--  	0	0	0.00	          0.00	--  	--  	--  	31.26	    19.09	0	  0.00	农药化肥	江苏	0.00	31.26	0	0	--  	0	0	--  	      25824.91	
="600365"	通葡股份	0.00	11.38	0.00	--  	--  	0	0	0.00	          0.00	--  	--  	--  	11.38	  5686.21	0	  0.00	红黄药酒	吉林	0.00	11.38	0	0	--  	0	0	--  	      14000.00	
="600318"	巢东股份	0.00	11.20	0.00	--  	--  	0	0	0.00	          0.00	--  	--  	--  	11.20	    17.93	0	  0.00	水泥	安徽	0.00	11.20	0	0	--  	0	0	--  	      24200.00	
="600241"	时代万恒	0.00	8.28	0.00	--  	--  	0	0	0.00	          0.00	--  	--  	--  	8.28	--  	0	  0.00	商贸代理	辽宁	0.00	8.28	0	0	--  	0	0	--  	      18020.00	
="600105"	永鼎股份	0.00	9.86	0.00	--  	--  	0	0	0.00	          0.00	--  	--  	--  	9.86	    22.23	0	  0.00	通信设备	江苏	0.00	9.86	0	0	--  	0	0	--  	      38095.46	
="600103"	青山纸业	0.00	3.66	0.00	--  	--  	0	0	0.00	          0.00	--  	--  	--  	3.66	   601.14	0	  0.00	造纸	福建	0.00	3.66	0	0	--  	0	0	--  	     106184.15	
="600091"	ST明科	0.00	7.02	0.00	--  	--  	0	0	0.00	          0.00	--  	--  	--  	7.02	--  	0	  0.00	化工原料	内蒙	0.00	7.02	0	0	--  	0	0	--  	      33652.60	
="600090"	啤酒花	0.00	8.13	0.00	--  	--  	0	0	0.00	          0.00	--  	--  	--  	8.13	    36.46	0	  0.00	啤酒	新疆	0.00	8.13	0	0	--  	0	0	--  	      36791.66	
="300342"	天银机电	--  	17.85	--  	--  	--  	0	0	--  	          0.00	--  	--  	--  	17.85	    39.14	0	  0.00	元器件	江苏	0.00	17.85	0	0	--  	0	0	--  	       6650.00	
="300332"	天壕节能	--  	14.06	--  	--  	--  	0	0	--  	          0.00	--  	--  	--  	14.06	    40.57	0	  0.00	环境保护	北京	0.00	14.06	0	0	--  	0	0	--  	      22666.75	
="300313"	天山生物	--  	23.69	--  	--  	--  	0	0	--  	          0.00	--  	--  	--  	23.69	   258.62	0	  0.00	农业综合	新疆	0.00	23.69	0	0	--  	0	0	--  	       4177.81	
="300144"	宋城演艺	--  	30.12	--  	--  	--  	0	0	--  	          0.00	--  	--  	--  	30.12	    39.83	0	  0.00	旅游景点	浙江	0.00	30.12	0	0	--  	0	0	--  	      19553.75	
="002608"	舜天船舶	--  	12.79	--  	--  	--  	0	0	--  	          0.00	--  	--  	--  	12.79	    86.27	0	  0.00	船舶	江苏	0.00	12.79	0	0	--  	0	0	--  	      32855.16	
="002558"	世纪游轮	--  	31.65	--  	--  	--  	0	0	--  	          0.00	--  	--  	--  	31.65	   271.60	0	  0.00	旅游服务	重庆	0.00	31.65	0	0	--  	0	0	--  	       3244.39	
="002529"	海源机械	--  	15.03	--  	--  	--  	0	0	--  	          0.00	--  	--  	--  	15.03	--  	0	  0.00	专用机械	福建	0.00	15.03	0	0	--  	0	0	--  	      15608.25	
="002509"	天广消防	--  	12.27	--  	--  	--  	0	0	--  	          0.00	--  	--  	--  	12.27	    51.77	0	  0.00	专用机械	福建	0.00	12.27	0	0	--  	0	0	--  	      23109.89	
="002324"	普利特	--  	19.90	--  	--  	--  	0	0	--  	          0.00	--  	--  	--  	19.90	    26.33	0	  0.00	塑料	上海	0.00	19.90	0	0	--  	0	0	--  	      15582.66	
="002323"	中联电气	--  	21.95	--  	--  	--  	0	0	--  	          0.00	--  	--  	--  	21.95	   130.92	0	  0.00	电气设备	江苏	0.00	21.95	0	0	--  	0	0	--  	       8350.16	
="002168"	深圳惠程	--  	10.13	--  	--  	--  	0	0	--  	          0.00	--  	--  	--  	10.13	--  	0	  0.00	电气设备	深圳	0.00	10.13	0	0	--  	0	0	--  	      56803.58	
="002155"	辰州矿业	--  	9.91	--  	--  	--  	0	0	--  	          0.00	--  	--  	--  	9.91	    71.87	0	  0.00	黄金	湖南	0.00	9.91	0	0	--  	0	0	--  	      99608.52	
="002044"	江苏三友	--  	10.04	--  	--  	--  	0	0	--  	          0.00	--  	--  	--  	10.04	    43.13	0	  0.00	服饰	江苏	0.00	10.04	0	0	--  	0	0	--  	      22410.00	
="002009"	天奇股份	--  	16.30	--  	--  	--  	0	0	--  	          0.00	--  	--  	--  	16.30	    47.89	0	  0.00	工程机械	江苏	0.00	16.30	0	0	--  	0	0	--  	      25991.22	
="002006"	*ST精功	--  	8.75	--  	--  	--  	0	0	--  	          0.00	--  	--  	--  	8.75	--  	0	  0.00	工程机械	浙江	0.00	8.75	0	0	--  	0	0	--  	      43677.89	
="000796"	易食股份	--  	7.23	--  	--  	--  	0	0	--  	          0.00	--  	--  	--  	7.23	    95.94	0	  0.00	食品	陕西	0.00	7.23	0	0	--  	0	0	--  	      24652.30	
="000627"	天茂集团	--  	4.10	--  	--  	--  	0	0	--  	          0.00	--  	--  	--  	4.10	    28.37	0	  0.00	化工原料	湖北	0.00	4.10	0	0	--  	0	0	--  	     135358.98	
="000533"	万 家 乐	--  	5.97	--  	--  	--  	0	0	--  	          0.00	--  	--  	--  	5.97	    35.25	0	  0.00	家用电器	广东	0.00	5.97	0	0	--  	0	0	--  	      68487.71	
="000514"	渝 开 发	--  	7.08	--  	--  	--  	0	0	--  	          0.00	--  	--  	--  	7.08	    36.98	0	  0.00	区域地产	重庆	0.00	7.08	0	0	--  	0	0	--  	      84377.09	
="000498"	山东路桥	--  	4.64	--  	--  	--  	0	0	--  	          0.00	--  	--  	--  	4.64	    27.67	0	  0.00	建筑施工	山东	0.00	4.64	0	0	--  	0	0	--  	      35417.01	
="000488"	晨鸣纸业	--  	6.15	--  	--  	--  	0	0	--  	          0.00	--  	--  	--  	6.15	    26.18	0	  0.00	造纸	山东	0.00	6.15	0	0	--  	0	0	--  	     110503.72	
="002431"	棕榈园林	-0.10	20.76	-0.02	20.75	20.76	97999	1374	0.19	          3.87	20.80	21.20	20.43	20.78	    29.77	203234224	  0.97	建筑施工	广东	3.71	20.74	53983	44016	  1.23	446	19	--  	      25304.64	
="601098"	中南传媒	-0.29	17.02	-0.05	17.02	17.03	143871	32	0.11	          0.80	17.07	17.09	16.69	17.07	    24.56	242518816	  0.80	出版业	湖南	2.34	16.86	78544	65327	  1.20	44	990	--  	     179600.00	
="600326"	西藏天路	-0.32	9.41	-0.03	9.41	9.42	315829	205	0.21	          5.77	9.29	9.60	9.10	9.44	    75.71	295769888	  0.70	建筑施工	西藏	5.30	9.36	153849	161980	  0.95	271	180	--  	      54720.00	
="600305"	恒顺醋业	-0.34	17.43	-0.06	17.43	17.44	19144	14	0.11	          0.75	17.20	17.60	17.20	17.49	    71.47	33330072	  0.63	食品	江苏	2.29	17.41	11531	7612	  1.51	4	71	--  	      25430.00	
="600779"	水井坊	-0.86	10.39	-0.09	10.39	10.40	203089	72	0.09	          6.88	10.48	10.49	10.10	10.48	--  	209206992	  1.02	白酒	四川	3.72	10.30	112613	90475	  1.24	840	1485	--  	      29532.34	
="000830"	鲁西化工	-1.06	5.61	-0.06	5.61	5.62	715941	7443	0.17	          4.89	5.75	5.75	5.53	5.67	    20.40	402420544	  1.14	农药化肥	山东	3.88	5.62	406302	309638	  1.31	6948	1941	--  	     146398.02	
="600277"	亿利能源	-1.40	9.84	-0.14	9.84	9.85	597849	50	0.10	          2.86	10.05	10.12	9.76	9.98	    40.63	590145152	  0.91	化工原料	内蒙	3.61	9.87	348076	249773	  1.39	726	207	--  	     208958.95	
="300251"	光线传媒	-1.80	24.55	-0.45	24.54	24.55	273254	3712	0.28	          5.14	24.91	25.08	24.01	25.00	    94.85	667679808	  0.64	影视音像	北京	4.28	24.43	148880	124374	  1.20	213	259	--  	      53120.28	
数据来源:通达信
