代码	名称	涨幅%%	现价	涨跌	买价	卖价	总量	现量	涨速%%	换手%%	今开	最高	最低	昨收	市盈(动)	总金额	量比	细分行业	地区	振幅%%	均价	内盘	外盘	内外比	买量	卖量	未匹配量	流通股本	
="000036"	华联控股	10.05	4.16	0.38	4.16	--  	345519	979	          0.00	          3.07	3.80	4.16	3.79	3.78	  3893.98	142180704	  1.53	全国地产	深圳	 9.79	4.11	278123	67396	  4.13	278119	0	--  	     112388.02	
="600736"	苏州高新	10.04	5.48	0.50	5.48	--  	1219817	20	          0.00	         11.53	5.48	5.48	5.26	4.98	    42.31	667149888	  4.00	园区开发	江苏	 4.42	5.47	905486	314331	  2.88	145401	0	--  	     105788.15	
="600808"	马钢股份	10.00	2.75	0.25	2.74	2.75	5441184	68	          0.00	          9.12	2.75	2.75	2.61	2.50	--  	1474845696	  5.68	普钢	安徽	 5.60	2.71	3097475	2343709	  1.32	4472	57935	--  	     596775.13	
="002593"	日上集团	8.44	14.01	1.09	14.00	14.01	48011	1764	         -0.63	          3.68	12.92	14.17	12.66	12.92	    70.09	63613688	  1.29	汽车配件	福建	11.69	13.25	19697	28314	  0.70	325	293	--  	      13042.04	
="600083"	博信股份	7.83	11.43	0.83	11.43	11.44	78482	15	          0.35	          3.47	10.65	11.60	10.43	10.60	   621.96	86892072	  2.62	元器件	广东	11.04	11.07	32375	46107	  0.70	8	60	--  	      22598.08	
="600238"	海南椰岛	6.48	10.03	0.61	10.04	10.05	250425	132	          1.21	          5.67	9.30	10.10	9.27	9.42	    80.39	245399232	  1.58	红黄药酒	海南	 8.81	9.80	119171	131254	  0.91	13	1236	--  	      44203.16	
="000828"	东莞控股	6.40	6.65	0.40	6.64	6.65	262938	996	          0.15	          2.53	6.30	6.88	6.24	6.25	    12.17	173894304	  2.61	路桥	广东	10.24	6.61	112322	150616	  0.75	527	2814	--  	     103951.70	
="600005"	武钢股份	6.02	2.64	0.15	2.64	2.65	3234024	172	         -0.37	          3.20	2.53	2.74	2.52	2.49	    31.13	865692928	  4.11	普钢	湖北	 8.84	2.68	1854951	1379073	  1.35	3257	11788	--  	    1009378.00	
="601100"	恒立油缸	5.85	12.48	0.69	12.48	12.49	73040	33	         -0.23	          2.95	11.82	12.89	11.78	11.79	    78.48	90784192	  2.58	工程机械	江苏	 9.41	12.43	31077	41963	  0.74	10	535	--  	      24727.50	
="002082"	栋梁新材	5.77	11.36	0.62	11.35	11.36	239123	1491	         -0.35	         12.85	10.76	11.68	10.31	10.74	    26.36	259866144	  2.33	铝	浙江	12.76	10.87	104935	134188	  0.78	15149	2540	--  	      18605.09	
="600035"	楚天高速	5.56	3.42	0.18	3.41	3.42	413912	13	          0.29	          3.42	3.23	3.50	3.23	3.24	    16.01	139879104	  1.90	路桥	湖北	 8.33	3.38	176073	237839	  0.74	352	2277	--  	     121114.82	
="600375"	华菱星马	5.08	13.23	0.64	13.23	13.24	430863	310	          0.07	          8.65	12.50	13.46	12.42	12.59	    40.59	561534464	  2.29	汽车整车	安徽	 8.26	13.03	196922	233941	  0.84	430	542	--  	      49788.89	
="600795"	国电电力	4.95	2.97	0.14	2.97	2.98	11937618	7368	          0.00	          7.75	2.91	3.03	2.85	2.83	     7.50	3516601856	  6.53	火力发电	辽宁	 6.36	2.95	4827475	7110143	  0.68	2842	11561	--  	    1539514.88	
="601588"	北辰实业	4.79	3.94	0.18	3.93	3.94	1210119	240	          0.76	          4.55	3.77	4.12	3.75	3.76	    31.00	475637792	  2.31	区域地产	北京	 9.84	3.93	529504	680615	  0.78	1548	367	--  	     266000.00	
="002264"	新 华 都	4.65	9.22	0.41	9.21	9.22	336344	3246	          0.21	          6.64	8.85	9.49	8.79	8.81	    78.46	308479712	  1.22	超市连锁	福建	 7.95	9.17	152072	184272	  0.83	650	782	--  	      50638.42	
="600077"	宋都股份	4.19	5.72	0.23	5.72	5.75	330811	400	         -0.34	          3.03	5.49	5.94	5.48	5.49	   762.99	188781120	  2.29	全国地产	浙江	 8.38	5.71	156063	174748	  0.89	172	1015	--  	     109096.45	
="603123"	翠微股份	4.17	11.74	0.47	11.73	11.74	212049	4	         -0.42	         18.86	11.20	12.34	11.19	11.27	    38.37	249065408	  4.11	百货	北京	10.20	11.75	83131	128918	  0.64	167	548	--  	      11246.00	
="002479"	富春环保	4.07	9.98	0.39	9.98	9.99	227637	2228	          0.40	          3.11	9.55	10.00	9.51	9.59	    40.37	223846896	  1.53	火力发电	浙江	 5.11	9.83	92846	134791	  0.69	350	1985	--  	      73141.99	
="002560"	通达股份	4.06	19.98	0.78	19.97	19.98	27747	604	          0.05	          6.08	19.20	19.99	19.03	19.20	    78.96	54319932	  2.63	电气设备	河南	 5.00	19.58	10622	17125	  0.62	109	196	--  	       4567.37	
="002370"	亚太药业	4.03	17.54	0.68	17.53	17.54	57033	216	          0.57	          3.96	16.81	17.85	16.81	16.86	    95.91	99673496	  2.70	化学制药	浙江	 6.17	17.48	27035	29998	  0.90	22	58	--  	      14417.91	
="002673"	西部证券	3.96	15.76	0.60	15.76	15.77	595119	3253	         -0.06	          8.65	15.30	16.38	15.28	15.16	    33.70	946329600	  1.89	证券	陕西	 7.26	15.90	269894	325225	  0.83	2651	958	--  	      68761.11	
="600120"	浙江东方	3.91	16.21	0.61	16.20	16.22	488430	27	         -0.12	          9.66	15.50	16.88	15.41	15.60	    14.02	794704512	  2.15	商贸代理	浙江	 9.42	16.27	225216	263214	  0.86	487	168	--  	      50547.33	
="002696"	百洋股份	3.88	13.64	0.51	13.64	13.65	68682	1121	          0.07	          8.60	13.18	13.90	12.97	13.13	    49.45	93116216	  2.60	渔业	广西	 7.08	13.56	32445	36237	  0.90	97	459	--  	       7990.91	
="600635"	大众公用	3.40	6.09	0.20	6.08	6.09	661375	10	          0.00	          4.02	5.91	6.13	5.86	5.89	    37.24	399334464	  2.82	供气供热	上海	 4.58	6.04	306207	355168	  0.86	603	632	--  	     164486.98	
="002302"	西部建设	3.23	14.40	0.45	14.39	14.40	299297	3465	         -0.06	         11.05	14.00	15.00	13.65	13.95	    32.68	428970848	  3.43	水泥	新疆	 9.68	14.33	139588	159709	  0.87	352	253	--  	      27091.33	
="600758"	红阳能源	3.22	10.57	0.33	10.56	10.57	80366	87	          0.18	          6.99	10.24	10.60	9.94	10.24	   220.26	82825432	  0.81	供气供热	辽宁	 6.45	10.31	43677	36689	  1.19	111	211	--  	      11505.03	
="601007"	金陵饭店	3.17	11.70	0.36	11.69	11.70	108042	5	          0.17	          3.60	11.30	11.82	11.19	11.34	   133.85	125785368	  1.77	酒店餐饮	江苏	 5.56	11.64	46636	61406	  0.76	120	94	--  	      30000.00	
="600533"	栖霞建设	3.06	4.04	0.12	4.04	4.05	249332	47	         -0.24	          2.37	3.93	4.19	3.93	3.92	    41.10	100701968	  1.77	区域地产	江苏	 6.63	4.04	121033	128299	  0.94	843	1202	--  	     105000.00	
="600215"	长春经开	3.00	5.50	0.16	5.49	5.50	113986	89	          0.54	          2.45	5.32	5.57	5.32	5.34	--  	62223828	  2.42	园区开发	吉林	 4.68	5.46	49238	64748	  0.76	180	977	--  	      46503.28	
="002177"	御银股份	2.97	7.28	0.21	7.28	7.29	580715	10530	          0.00	         10.69	7.07	7.35	7.03	7.07	    34.91	416344736	  1.39	电脑设备	广东	 4.53	7.17	247215	333500	  0.74	4705	6260	--  	      54339.60	
="600415"	小商品城	2.94	7.00	0.20	6.98	6.99	296976	10	          0.14	          1.09	6.82	7.08	6.81	6.80	    44.51	206749728	  2.40	商品城	浙江	 3.97	6.96	116195	180781	  0.64	259	45	--  	     272160.72	
="600755"	厦门国贸	2.83	8.00	0.22	8.00	8.01	2052195	298	          0.00	         15.42	7.86	8.31	7.70	7.78	    14.30	1652734080	  1.16	商贸代理	福建	 7.84	8.05	990607	1061588	  0.93	658	647	--  	     133083.59	
="600004"	白云机场	2.80	9.17	0.25	9.18	9.19	186699	293	         -0.10	          1.62	8.93	9.39	8.82	8.92	    10.62	171009280	  1.71	机场	广东	 6.39	9.16	81741	104958	  0.78	17	83	--  	     115000.00	
="600811"	东方集团	2.75	7.09	0.19	7.09	7.10	541412	50	          0.14	          3.25	6.98	7.16	6.94	6.90	    12.37	382363456	  2.24	综合类	黑龙江	 3.19	7.06	250280	291132	  0.86	5412	5494	--  	     166680.53	
="002615"	哈尔斯	2.73	30.08	0.80	30.07	30.08	26846	948	          0.19	          5.26	29.29	30.10	29.29	29.28	    36.30	80111352	  1.11	家居用品	浙江	 2.77	29.84	10629	16217	  0.66	12	17	--  	       5106.25	
="600409"	三友化工	2.70	6.47	0.17	6.47	6.48	457148	247	          0.00	          2.74	6.30	6.53	6.30	6.30	    38.53	294625760	  1.60	化工原料	河北	 3.65	6.44	188480	268668	  0.70	4031	3922	--  	     166971.91	
="600643"	爱建股份	2.68	11.89	0.31	11.88	11.90	682925	218	          0.08	          8.35	11.58	12.20	11.50	11.58	    26.89	809752512	  2.97	多元金融	上海	 6.04	11.86	290223	392702	  0.74	174	1321	--  	      81798.34	
="002269"	美邦服饰	2.68	11.51	0.30	11.51	11.52	264717	9936	          0.52	          2.63	11.21	11.52	11.00	11.21	    38.62	298301184	  1.29	服饰	上海	 4.64	11.27	128150	136567	  0.94	450	4495	--  	     100500.00	
="600657"	信达地产	2.66	4.24	0.11	4.23	4.24	198796	5	          0.23	          1.30	4.16	4.25	4.12	4.13	    19.32	83223744	  1.55	全国地产	北京	 3.15	4.19	82701	116095	  0.71	1960	134	--  	     152426.05	
="002598"	山东章鼓	2.55	10.84	0.27	10.84	10.85	158203	5592	          0.37	          6.01	10.50	10.84	10.49	10.57	    42.84	168829296	  1.44	机械基件	山东	 3.31	10.67	73679	84524	  0.87	37	1462	--  	      26322.46	
="600160"	巨化股份	2.54	6.46	0.16	6.46	6.47	475746	60	          0.00	          2.63	6.33	6.55	6.30	6.30	    75.38	306247232	  1.87	化工原料	浙江	 3.97	6.44	221993	253753	  0.87	766	4603	--  	     181091.59	
="300055"	万邦达	2.38	37.00	0.86	37.00	37.08	34746	338	         -0.02	          2.02	36.13	37.16	36.13	36.14	    61.07	128219344	  1.96	环境保护	北京	 2.85	36.90	15483	19263	  0.80	22	20	--  	      17184.46	
="002243"	通产丽星	2.34	8.74	0.20	8.74	8.75	75572	317	          0.00	          2.44	8.70	9.17	8.60	8.54	--  	66613048	  1.85	塑料	深圳	 6.67	8.81	33910	41662	  0.81	117	648	--  	      30990.90	
="000837"	秦川机床	2.31	11.05	0.25	11.05	11.06	178083	1630	          0.18	          6.97	10.86	11.24	10.60	10.80	--  	195874736	  1.87	机床制造	陕西	 5.93	11.00	86367	91716	  0.94	1292	831	--  	      25558.96	
="002293"	罗莱家纺	2.26	24.87	0.55	24.86	24.87	45669	345	          0.00	          1.63	24.32	24.94	24.15	24.32	    18.92	112605336	  1.80	服饰	江苏	 3.25	24.66	20079	25590	  0.78	95	437	--  	      28072.61	
="600713"	南京医药	2.25	8.18	0.18	8.18	8.19	377861	10	          0.12	          5.45	7.91	8.31	7.90	8.00	   109.98	307077440	  2.98	医药连锁	江苏	 5.13	8.13	146228	231633	  0.63	4129	768	--  	      69358.07	
="600665"	天地源	2.22	4.14	0.09	4.13	4.14	212877	49	          0.24	          2.46	4.13	4.20	4.07	4.05	    24.01	88234312	  3.11	全国地产	上海	 3.21	4.14	89262	123615	  0.72	684	576	--  	      86412.25	
="600062"	华润双鹤	2.21	21.69	0.47	21.70	21.74	138169	3	          0.46	          2.42	21.22	21.74	21.11	21.22	    21.65	295590112	  0.98	化学制药	北京	 2.97	21.39	60312	77857	  0.77	2	130	--  	      57169.58	
="601258"	庞大集团	2.20	6.03	0.13	6.02	6.03	294405	24	          0.16	          1.12	5.90	6.03	5.89	5.90	   126.45	176339536	  1.33	汽车服务	河北	 2.37	5.99	146811	147594	  0.99	261	2326	--  	     262150.00	
="002026"	山东威达	2.16	10.88	0.23	10.88	10.89	82313	911	          0.27	          3.61	10.65	11.14	10.50	10.65	    34.74	89487376	  1.68	机械基件	山东	 6.01	10.87	36870	45443	  0.81	294	100	--  	      22815.00	
="601566"	九牧王	2.14	12.87	0.27	12.85	12.86	48370	10	          0.15	          0.84	12.62	12.87	12.60	12.60	    18.09	61801872	  1.67	服饰	福建	 2.14	12.78	21771	26599	  0.82	29	71	--  	      57463.71	
="600218"	全柴动力	2.13	13.43	0.28	13.42	13.44	66712	10	         -0.07	          2.35	13.17	13.58	13.12	13.15	    83.81	89244384	  1.16	农用机械	安徽	 3.50	13.38	31132	35580	  0.87	69	270	--  	      28340.00	
="603002"	宏昌电子	2.06	8.41	0.17	8.40	8.41	118357	100	          0.11	          6.23	8.28	8.46	8.19	8.24	    51.38	98408528	  1.59	化工原料	广东	 3.28	8.31	56655	61702	  0.92	525	288	--  	      19000.00	
="002536"	西泵股份	1.96	28.55	0.55	28.55	28.56	32967	115	          0.00	          7.43	28.05	28.77	28.05	28.00	    59.56	93935512	  1.42	汽车配件	河南	 2.57	28.49	16177	16790	  0.96	126	39	--  	       4438.20	
="002620"	瑞和股份	1.82	18.45	0.33	18.45	18.46	32616	42	          0.00	          3.58	18.05	18.78	18.05	18.12	    36.88	60032780	  2.09	装修装饰	深圳	 4.03	18.41	17151	15465	  1.11	47	117	--  	       9100.98	
="600320"	振华重工	1.81	4.49	0.08	4.51	4.52	397091	1008	          0.44	          1.43	4.41	4.54	4.37	4.41	   170.49	176763360	  1.89	工程机械	上海	 3.85	4.45	193092	203999	  0.95	2055	5804	--  	     276833.13	
="600675"	中华企业	1.80	5.65	0.10	5.65	5.66	743747	1462	          0.17	          3.98	5.55	5.77	5.52	5.55	    51.43	421948096	  2.15	区域地产	上海	 4.50	5.67	353962	389785	  0.91	1798	4062	--  	     186705.94	
="600220"	江苏阳光	1.79	3.99	0.07	3.98	3.99	496536	579	          0.00	          2.78	3.95	4.04	3.89	3.92	   109.12	196937280	  1.84	纺织	江苏	 3.83	3.97	238730	257806	  0.93	5272	976	--  	     178334.03	
="600615"	丰华股份	1.73	13.50	0.23	13.50	13.51	70577	35	          0.22	          3.76	13.30	13.75	13.26	13.27	   174.11	95097104	  1.65	区域地产	上海	 3.69	13.47	31710	38867	  0.82	29	56	--  	      18762.44	
="601700"	风范股份	1.73	16.46	0.28	16.46	16.47	48764	253	         -0.18	          2.07	16.16	16.50	15.94	16.18	    33.33	79012232	  1.59	电气设备	江苏	 3.46	16.20	28009	20755	  1.35	82	64	--  	      23576.84	
="002087"	新野纺织	1.67	4.88	0.08	4.87	4.88	110193	1497	          0.00	          2.12	4.81	4.90	4.75	4.80	    36.06	53270464	  1.44	纺织	河南	 3.13	4.83	48611	61582	  0.79	746	724	--  	      51961.51	
="002294"	信立泰	1.65	36.29	0.59	36.28	36.29	45243	286	         -0.08	          1.58	35.59	36.38	35.23	35.70	    23.68	161891328	  0.86	化学制药	深圳	 3.22	35.78	22077	23166	  0.95	27	13	--  	      28698.46	
="600115"	东方航空	1.64	3.71	0.06	3.71	3.72	1362975	50	          0.27	          1.75	3.58	3.78	3.51	3.65	    17.14	499565792	  1.52	空运	上海	 7.40	3.67	666411	696564	  0.96	1868	4031	--  	     778221.38	
="601369"	陕鼓动力	1.62	6.91	0.11	6.90	6.91	186675	8	          0.00	          1.14	6.80	6.98	6.77	6.80	    28.85	128476664	  1.87	机械基件	陕西	 3.09	6.88	97907	88768	  1.10	1497	1893	--  	     163877.02	
="002406"	远东传动	1.59	12.13	0.19	12.13	12.14	72443	801	          0.00	          4.10	11.96	12.23	11.90	11.94	    25.16	87566048	  1.51	汽车配件	河南	 2.76	12.09	32460	39983	  0.81	489	680	--  	      17661.66	
="000025"	特  力Ａ	1.57	12.27	0.19	12.27	12.28	19648	267	          0.08	          1.10	12.20	12.65	12.18	12.08	   487.59	24343846	  1.90	汽车服务	深圳	 3.89	12.39	8187	11461	  0.71	739	498	--  	      17929.46	
="600439"	瑞贝卡	1.54	4.62	0.07	4.61	4.62	215217	100	          0.00	          2.28	4.55	4.63	4.52	4.55	    25.15	98618672	  1.71	服饰	河南	 2.42	4.58	90021	125196	  0.72	1316	2870	--  	      94332.11	
="000725"	京东方Ａ	1.54	2.64	0.04	2.64	2.65	3991673	40060	          0.00	          3.47	2.60	2.66	2.56	2.60	    37.67	1041222592	  2.03	元器件	北京	 3.85	2.61	1667205	2324468	  0.72	16294	130638	--  	    1150574.38	
="000606"	青海明胶	1.53	7.28	0.11	7.28	7.29	164574	1192	          0.00	          4.05	7.16	7.32	7.13	7.17	--  	119175344	  2.03	化学制药	青海	 2.65	7.24	74570	90004	  0.83	72	2286	--  	      40596.35	
="000056"	深国商	1.43	17.04	0.24	17.04	17.05	66905	2915	          0.11	          4.68	16.80	17.08	16.46	16.80	--  	112382744	  1.42	房产服务	深圳	 3.69	16.80	31119	35786	  0.87	285	674	--  	      14305.55	
="600386"	北巴传媒	1.42	12.11	0.17	12.11	12.12	131881	58	          0.24	          3.27	11.94	12.13	11.82	11.94	    25.31	158179152	  0.62	公共交通	北京	 2.60	11.99	63085	68796	  0.92	21	288	--  	      40320.00	
="000551"	创元科技	1.40	10.85	0.15	10.84	10.85	136942	2354	          0.09	          3.42	10.72	10.89	10.66	10.70	    92.54	147725888	  0.92	专用机械	江苏	 2.15	10.79	67691	69251	  0.98	400	1586	--  	      40008.03	
="000514"	渝 开 发	1.36	6.72	0.09	6.72	6.73	231475	4606	          0.14	          2.74	6.69	6.86	6.55	6.63	    35.10	154542720	  0.75	区域地产	重庆	 4.68	6.68	121753	109722	  1.11	620	2882	--  	      84377.09	
="002205"	国统股份	1.31	17.73	0.23	17.72	17.73	33310	598	          0.00	          2.87	17.50	17.79	17.32	17.50	    40.19	58506956	  1.22	其他建材	新疆	 2.69	17.56	14818	18492	  0.80	854	1050	--  	      11615.20	
="000571"	新大洲Ａ	1.31	5.41	0.07	5.41	5.42	155672	2388	          0.00	          2.12	5.35	5.42	5.28	5.34	    35.76	83332032	  1.58	煤炭开采	海南	 2.62	5.35	73955	81717	  0.91	101	2869	--  	      73542.67	
="002703"	浙江世宝	1.31	25.53	0.33	25.53	25.54	7668	119	          0.27	          5.11	25.18	25.63	25.08	25.20	   144.20	19438126	  0.97	汽车配件	浙江	 2.18	25.35	3966	3702	  1.07	622	22	--  	       1500.00	
="600419"	天润乳业	1.27	22.35	0.28	22.30	22.38	11509	191	          0.08	          1.44	22.15	22.58	22.07	22.07	   105.14	25690080	  1.04	乳制品	新疆	 2.31	22.32	5317	6192	  0.86	8	18	--  	       8016.00	
="002622"	永大集团	1.26	17.72	0.22	17.72	17.73	21508	110	          0.16	          2.23	17.52	17.85	17.41	17.50	    76.31	37990884	  1.19	电气设备	吉林	 2.51	17.66	8903	12605	  0.71	11	205	--  	       9653.75	
="000598"	兴蓉投资	1.24	5.70	0.07	5.69	5.70	671542	6866	          0.00	          3.88	5.65	5.70	5.60	5.63	    18.97	379703264	  1.38	环境保护	四川	 1.78	5.65	336315	335227	  1.00	11744	21140	--  	     173051.20	
="002701"	奥瑞金	1.22	23.15	0.28	23.14	23.15	120779	924	         -0.08	          3.73	22.98	23.48	22.88	22.87	    15.93	280586176	  1.31	广告包装	北京	 2.62	23.23	59785	60994	  0.98	181	509	--  	      32411.50	
="002042"	华孚色纺	1.22	4.97	0.06	4.97	4.98	97578	504	          0.20	          1.18	4.95	4.97	4.89	4.91	    15.63	48124364	  1.51	纺织	安徽	 1.63	4.93	52014	45564	  1.14	1082	4987	--  	      82998.72	
="600864"	哈投股份	1.21	9.18	0.11	9.18	9.19	92169	27	          0.00	          1.69	9.06	9.29	8.96	9.07	   115.50	84286504	  1.86	火力发电	黑龙江	 3.64	9.14	45014	47155	  0.95	183	856	--  	      54637.82	
="601116"	三江购物	1.16	8.71	0.10	8.69	8.73	50211	1007	          0.46	          1.25	8.62	8.73	8.58	8.61	    28.38	43412480	  1.69	超市连锁	浙江	 1.74	8.65	24237	25974	  0.93	33	39	--  	      40189.30	
="300231"	银信科技	1.14	15.09	0.17	15.08	15.09	109944	493	         -0.19	          7.06	15.14	15.55	14.82	14.92	    59.36	166812272	  1.65	软件服务	北京	 4.89	15.17	50609	59335	  0.85	238	451	--  	      15562.79	
="002110"	三钢闽光	1.13	6.27	0.07	6.27	6.28	110621	2716	          1.12	          2.07	6.20	6.40	6.15	6.20	--  	69215928	  1.22	普钢	福建	 4.03	6.26	58093	52528	  1.11	626	181	--  	      53470.00	
="600573"	惠泉啤酒	1.08	9.36	0.10	9.34	9.35	29287	28	          0.00	          1.17	9.17	9.55	9.17	9.26	    42.65	27444126	  1.27	啤酒	福建	 4.10	9.37	13453	15834	  0.85	21	20	--  	      25000.00	
="000582"	北部湾港	1.08	15.96	0.17	15.95	15.96	173858	2559	          0.18	         12.27	15.90	16.89	15.44	15.79	    20.05	279841696	  2.13	港口	广西	 9.18	16.10	88794	85064	  1.04	412	92	--  	      14166.61	
="600671"	天目药业	1.07	17.87	0.19	17.85	17.86	46007	5	          0.00	          3.78	17.62	18.15	17.50	17.68	--  	82405088	  1.84	中成药	浙江	 3.68	17.91	25599	20408	  1.25	35	58	--  	      12172.04	
="002537"	海立美达	1.06	18.19	0.19	18.18	18.19	21185	396	          0.05	          1.41	17.99	18.29	17.84	18.00	    84.38	38368884	  1.00	机械基件	山东	 2.50	18.11	10897	10288	  1.06	68	311	--  	      15000.00	
="000403"	*ST生化	1.05	23.16	0.24	23.16	23.17	63446	167	         -0.17	          3.50	23.10	23.58	22.61	22.92	    31.16	145996576	  1.42	生物制药	江西	 4.23	23.01	30201	33245	  0.91	17	111	--  	      18151.84	
="601727"	上海电气	1.04	5.83	0.06	5.83	5.84	655274	397	          0.17	          0.67	5.81	6.01	5.75	5.77	    31.35	384695360	  0.92	电气设备	上海	 4.51	5.87	312128	343146	  0.91	997	1819	--  	     985071.44	
="600719"	大连热电	1.03	8.87	0.09	8.86	8.88	59473	80	          0.22	          2.94	8.78	8.92	8.71	8.78	--  	52669236	  1.95	供气供热	辽宁	 2.39	8.86	34175	25298	  1.35	570	9	--  	      20229.98	
="000893"	东凌粮油	1.02	13.82	0.14	13.82	13.83	118782	628	         -0.07	          3.06	13.67	14.01	13.20	13.68	--  	161931664	  2.59	食品	广东	 5.92	13.63	29834	88948	  0.34	154	70	--  	      38782.60	
="300196"	长海股份	1.02	20.79	0.21	20.78	20.79	31297	488	          0.38	          2.87	20.49	20.88	19.81	20.58	    28.05	63897416	  0.97	玻璃	江苏	 5.20	20.42	13856	17441	  0.79	500	324	--  	      10918.94	
="002676"	顺威股份	1.01	16.95	0.17	16.95	16.96	23651	294	          0.17	          5.53	16.72	17.10	16.72	16.78	    51.63	40108952	  1.62	塑料	广东	 2.26	16.96	10678	12973	  0.82	123	126	--  	       4275.22	
="002202"	金风科技	0.99	12.23	0.12	12.23	12.24	409431	2278	         -0.16	          1.91	12.09	12.47	12.07	12.11	    20.68	502555488	  1.03	电气设备	新疆	 3.30	12.27	192932	216499	  0.89	1630	602	--  	     213853.45	
="600272"	开开实业	0.99	14.29	0.14	14.28	14.29	29229	80	          0.70	          1.83	14.12	14.30	13.90	14.15	    59.52	41318616	  1.35	服饰	上海	 2.83	14.14	13053	16176	  0.81	21	52	--  	      16000.00	
="002521"	齐峰新材	0.99	12.29	0.12	12.28	12.29	121262	1531	          0.16	          3.94	12.29	12.30	11.90	12.17	    19.51	147104464	  1.14	造纸	山东	 3.29	12.13	55166	66096	  0.83	789	125	--  	      30760.26	
="300099"	尤洛卡	0.98	14.47	0.14	14.45	14.47	67933	789	          0.34	          6.27	14.20	14.75	14.15	14.33	   182.30	97592048	  2.62	电器仪表	山东	 4.19	14.37	27686	40247	  0.69	200	330	--  	      10838.75	
="002275"	桂林三金	0.91	19.89	0.18	19.88	19.89	47928	416	          0.15	          0.91	19.69	19.95	19.30	19.71	    26.97	93973768	  2.17	中成药	广西	 3.30	19.61	16504	31424	  0.53	19	11	--  	      52434.82	
="600082"	海泰发展	0.90	6.73	0.06	6.73	6.74	368964	340	          0.00	          5.86	6.69	6.81	6.58	6.67	    59.53	246937200	  0.81	园区开发	天津	 3.45	6.69	195454	173510	  1.13	12	309	--  	      62998.89	
="600593"	大连圣亚	0.89	20.46	0.18	20.50	20.52	18685	43	          0.58	          2.03	20.26	20.50	20.00	20.28	    23.62	37806316	  0.96	旅游景点	辽宁	 2.47	20.23	9845	8840	  1.11	104	102	--  	       9200.00	
="600781"	辅仁药业	0.86	20.99	0.18	20.93	20.95	36543	10	          0.00	          2.06	20.84	21.19	20.65	20.81	   134.52	76386640	  0.94	中成药	河南	 2.59	20.90	20440	16103	  1.27	17	74	--  	      17759.28	
="000601"	韶能股份	0.86	5.85	0.05	5.84	5.85	401531	2087	          0.68	          4.04	5.87	6.01	5.68	5.80	    17.85	234222640	  0.91	火力发电	广东	 5.69	5.83	232687	168844	  1.38	1816	2255	--  	      99398.67	
="600114"	东睦股份	0.84	15.62	0.13	15.60	15.63	49505	120	         -0.06	          2.98	15.49	15.70	15.25	15.49	    44.63	76733184	  0.99	机械基件	浙江	 2.91	15.50	24581	24924	  0.99	195	106	--  	      16601.69	
="601028"	玉龙股份	0.83	15.88	0.13	15.86	15.87	64888	25	          0.37	          6.67	15.78	16.00	15.55	15.75	    44.17	102667344	  2.39	钢加工	江苏	 2.86	15.82	32240	32648	  0.99	40	7	--  	       9722.50	
="601179"	中国西电	0.80	5.02	0.04	5.01	5.02	1072810	5	          0.00	          2.46	5.15	5.25	4.99	4.98	    39.28	545687808	  2.37	电气设备	陕西	 5.22	5.09	596339	476471	  1.25	352	3763	--  	     435700.00	
="002161"	远 望 谷	0.80	8.79	0.07	8.78	8.79	284888	3680	          0.11	          4.10	8.74	8.87	8.60	8.72	   464.10	248937872	  1.13	通信设备	深圳	 3.10	8.74	136723	148165	  0.92	720	618	--  	      69472.39	
="002667"	鞍重股份	0.80	32.75	0.26	32.75	32.77	38372	357	         -0.09	         13.71	32.56	34.30	32.51	32.49	    48.52	127714256	  1.08	工程机械	辽宁	 5.51	33.28	20844	17528	  1.19	7	15	--  	       2798.00	
="002457"	青龙管业	0.80	10.08	0.08	10.07	10.08	79921	863	          0.19	          3.15	10.02	10.12	9.96	10.00	    40.44	80080048	  1.22	塑料	宁夏	 1.60	10.02	39641	40280	  0.98	1048	1145	--  	      25365.41	
="600683"	京投银泰	0.80	6.32	0.05	6.32	6.33	79870	702	          0.00	          1.08	6.26	6.40	6.21	6.27	--  	50351256	  0.97	区域地产	浙江	 3.03	6.30	42137	37733	  1.12	277	1570	--  	      74077.75	
="000589"	黔轮胎Ａ	0.79	6.37	0.05	6.36	6.37	95828	964	          0.15	          1.96	6.30	6.42	6.30	6.32	    28.55	60993512	  1.29	汽车配件	贵州	 1.90	6.36	49000	46828	  1.05	308	499	--  	      48884.73	
="600993"	马应龙	0.79	21.79	0.17	21.78	21.80	68832	109	          0.00	          2.08	21.74	22.00	21.33	21.62	    30.12	148488608	  1.04	中成药	湖北	 3.10	21.57	42398	26434	  1.60	427	110	--  	      33087.71	
="600159"	大龙地产	0.76	3.97	0.03	3.97	3.98	191414	35	          0.25	          2.31	3.95	4.04	3.92	3.94	    26.87	75990952	  1.20	区域地产	北京	 3.05	3.97	96712	94702	  1.02	2851	2867	--  	      83000.32	
="000543"	皖能电力	0.74	8.15	0.06	8.14	8.15	262853	2763	          0.00	          2.56	8.10	8.22	8.07	8.09	     9.07	214210048	  1.54	火力发电	安徽	 1.85	8.15	122530	140323	  0.87	249	221	--  	     102515.75	
="000680"	山推股份	0.74	4.09	0.03	4.09	4.10	223230	4298	          0.00	          2.34	4.06	4.13	4.03	4.06	    99.95	90875512	  1.21	工程机械	山东	 2.46	4.07	106239	116991	  0.91	3383	10258	--  	      95481.35	
="000701"	厦门信达	0.73	12.38	0.09	12.37	12.38	95123	1430	          0.08	          3.96	12.29	12.50	12.15	12.29	    43.60	117346344	  0.83	综合类	福建	 2.85	12.34	50564	44559	  1.13	405	133	--  	      24024.32	
="000863"	三湘股份	0.73	6.93	0.05	6.92	6.93	60611	242	          0.28	          3.47	6.88	7.00	6.83	6.88	   117.42	41913984	  1.19	区域地产	上海	 2.47	6.92	25544	35067	  0.73	90	423	--  	      17462.02	
="000785"	武汉中商	0.70	8.58	0.06	8.55	8.58	38918	366	          0.23	          1.55	8.57	8.61	8.40	8.52	    64.53	33166098	  0.95	百货	湖北	 2.46	8.52	17764	21154	  0.84	568	105	--  	      25109.36	
="000877"	天山股份	0.70	7.22	0.05	7.21	7.22	463919	3904	          0.00	          5.27	7.17	7.34	7.15	7.17	    15.51	335783616	  1.81	水泥	新疆	 2.65	7.24	225473	238446	  0.95	2276	1484	--  	      88001.99	
="002007"	华兰生物	0.69	34.78	0.24	34.78	34.79	217463	1428	         -0.05	          3.77	35.40	35.40	33.86	34.54	    35.40	752821056	  1.58	生物制药	河南	 4.46	34.62	110107	107356	  1.03	191	189	--  	      57686.69	
="600293"	三峡新材	0.69	7.25	0.05	7.21	7.23	66788	26	          0.69	          1.94	7.20	7.27	7.11	7.20	   222.03	48058364	  1.10	玻璃	湖北	 2.22	7.20	35234	31554	  1.12	310	54	--  	      34450.26	
="000035"	中国天楹	0.69	13.22	0.09	13.21	13.22	46050	493	          0.15	          2.44	13.17	13.25	13.03	13.13	    61.83	60492724	  1.10	通信设备	深圳	 1.68	13.14	28318	17732	  1.60	413	101	--  	      18895.36	
="600992"	贵绳股份	0.68	10.40	0.07	10.37	10.40	20397	71	          0.00	          1.24	10.22	10.40	10.20	10.33	   128.72	21065354	  1.00	钢加工	贵州	 1.94	10.33	9071	11326	  0.80	113	101	--  	      16437.00	
="601003"	柳钢股份	0.65	3.08	0.02	3.08	3.09	252990	10	          0.00	          0.99	3.10	3.19	3.05	3.06	    29.01	78656008	  2.90	普钢	广西	 4.58	3.11	125891	127099	  0.99	3	1720	--  	     256279.31	
="000100"	TCL 集团	0.63	3.18	0.02	3.17	3.18	4209325	41690	          0.00	          5.17	3.16	3.23	3.11	3.16	    10.16	1331113856	  1.53	家用电器	广东	 3.80	3.16	1965701	2243624	  0.88	29747	14153	--  	     813618.25	
="600496"	精工钢构	0.63	9.61	0.06	9.60	9.61	85217	1	          0.00	          1.45	9.55	9.62	9.40	9.55	    23.27	80978352	  1.01	钢加工	安徽	 2.30	9.50	44082	41135	  1.07	234	49	--  	      58656.60	
="600306"	*ST商城	0.63	11.26	0.07	11.26	11.27	16798	42	          0.00	          0.95	11.07	11.34	11.03	11.19	--  	18812412	  1.06	百货	辽宁	 2.77	11.20	7429	9369	  0.79	52	347	--  	      17727.78	
="002448"	中原内配	0.62	17.82	0.11	17.77	17.82	154484	2010	          0.39	          8.61	17.98	18.04	17.54	17.71	    21.55	274624704	  1.15	运输设备	河南	 2.82	17.78	49898	104586	  0.48	7	129	--  	      17946.90	
="601555"	东吴证券	0.58	12.06	0.07	12.06	12.07	889341	530	          0.50	          7.28	12.11	12.40	11.83	11.99	    48.92	1079888768	  1.04	证券	江苏	 4.75	12.14	450207	439134	  1.03	27	1256	--  	     122138.00	
="600075"	*ST新业	0.57	7.00	0.04	6.99	7.00	40626	650	          0.00	          0.93	6.97	7.03	6.84	6.96	    52.85	28130442	  1.08	化工原料	新疆	 2.73	6.92	23420	17206	  1.36	1183	359	--  	      43859.19	
="002680"	黄海机械	0.56	34.24	0.19	34.23	34.24	10923	324	         -0.05	          4.55	34.01	34.35	32.88	34.05	   148.47	36830456	  1.23	工程机械	江苏	 4.32	33.72	6684	4239	  1.58	6	93	--  	       2399.22	
="002031"	巨轮股份	0.56	12.62	0.07	12.61	12.62	93609	555	         -0.15	          2.28	12.50	12.71	12.38	12.55	    36.88	117515984	  0.60	汽车配件	广东	 2.63	12.55	47945	45664	  1.05	94	575	--  	      40972.19	
="600512"	腾达建设	0.55	3.64	0.02	3.64	3.65	169320	186	          0.00	          2.30	3.60	3.67	3.59	3.62	    72.50	61539684	  1.42	建筑施工	浙江	 2.21	3.63	94893	74427	  1.27	161	6477	--  	      73694.06	
="600086"	东方金钰	0.55	23.87	0.13	23.86	23.88	25060	51	          0.12	          0.71	23.69	24.09	23.56	23.74	    73.83	59600216	  0.80	服饰	湖北	 2.23	23.78	11717	13343	  0.88	12	103	--  	      35228.17	
="000088"	盐 田 港	0.54	7.48	0.04	7.48	7.49	883056	7966	          0.13	          4.55	7.39	7.81	7.29	7.44	    31.58	667714944	  0.97	港口	深圳	 6.99	7.56	403854	479202	  0.84	446	7117	--  	     194212.78	
="600098"	广州发展	0.52	5.75	0.03	5.74	5.75	305339	8	          0.34	          1.25	5.72	5.89	5.64	5.72	    11.66	175055712	  2.67	火力发电	广东	 4.37	5.73	160036	145303	  1.10	492	619	--  	     243737.45	
="600491"	龙元建设	0.48	4.21	0.02	4.20	4.21	117031	15	          0.00	          1.24	4.20	4.22	4.15	4.19	    19.13	48982256	  1.15	建筑施工	浙江	 1.67	4.19	64438	52593	  1.23	2164	3988	--  	      94760.00	
="600505"	西昌电力	0.45	11.14	0.05	11.12	11.15	31243	156	          0.27	          0.86	11.09	11.19	10.94	11.09	    60.85	34599372	  1.24	水力发电	四川	 2.25	11.07	8763	22480	  0.39	3	325	--  	      36456.75	
="600221"	海南航空	0.44	2.29	0.01	2.28	2.29	7081806	1217	          0.00	          6.00	2.30	2.37	2.24	2.28	    28.89	1637729536	  2.28	空运	海南	 5.70	2.31	3355277	3726529	  0.90	17308	2935	--  	    1181206.38	
="601137"	博威合金	0.43	18.60	0.08	18.57	18.59	14058	3	          0.54	          0.65	18.55	18.65	18.25	18.52	    59.11	25926372	  1.25	铜	浙江	 2.16	18.44	8435	5623	  1.50	12	20	--  	      21500.00	
="600260"	凯乐科技	0.41	9.90	0.04	9.88	9.90	127287	53	          0.10	          2.41	9.87	10.02	9.83	9.86	    43.10	126245040	  0.70	白酒	湖北	 1.93	9.92	63765	63522	  1.00	167	162	--  	      52764.00	
="600153"	建发股份	0.39	7.70	0.03	7.69	7.70	698146	41	          0.26	          2.46	7.66	7.88	7.57	7.67	    10.88	537059584	  0.70	商贸代理	福建	 4.04	7.69	365513	332633	  1.10	887	129	--  	     283520.06	
="600567"	山鹰纸业	0.39	2.59	0.01	2.59	2.60	622120	5	         -0.38	          3.92	2.60	2.64	2.56	2.58	    49.71	161612656	  1.55	造纸	安徽	 3.10	2.60	370228	251892	  1.47	3155	41041	--  	     158601.70	
="601618"	中国中冶	0.38	2.61	0.01	2.61	2.62	2057826	170	         -0.38	          1.27	2.60	2.68	2.58	2.60	    15.01	538783744	  1.24	建筑施工	北京	 3.85	2.62	1010943	1046883	  0.97	1114	59694	--  	    1623900.00	
="000668"	荣丰控股	0.38	13.27	0.05	13.26	13.27	27770	359	          0.00	          1.89	13.16	13.34	13.02	13.22	--  	36541180	  0.58	区域地产	上海	 2.42	13.16	15765	12005	  1.31	106	423	--  	      14668.41	
="002073"	软控股份	0.38	13.37	0.05	13.36	13.37	332300	2630	          0.00	          5.37	13.31	13.65	13.13	13.32	    61.65	444250976	  0.68	软件服务	山东	 3.90	13.37	171070	161230	  1.06	956	1768	--  	      61879.48	
="002339"	积成电子	0.37	10.94	0.04	10.93	10.94	83804	444	         -0.09	          2.95	10.90	11.03	10.78	10.90	    49.34	91393984	  0.89	软件服务	山东	 2.29	10.91	47016	36788	  1.28	415	295	--  	      28414.25	
="600865"	百大集团	0.36	8.45	0.03	8.44	8.45	43342	10	          0.11	          1.15	8.40	8.49	8.35	8.42	    17.17	36511856	  1.02	百货	浙江	 1.66	8.42	19608	23734	  0.83	412	66	--  	      37624.03	
="600693"	东百集团	0.35	8.50	0.03	8.49	8.50	37987	78	          0.00	          1.11	8.47	8.51	8.38	8.47	     8.58	32177008	  0.98	百货	福建	 1.53	8.47	17433	20554	  0.85	236	194	--  	      34216.55	
="002656"	卡奴迪路	0.35	17.30	0.06	17.29	17.30	30871	737	          0.05	          5.17	17.25	17.34	17.00	17.24	   209.84	53066096	  0.46	服饰	广东	 1.97	17.19	17657	13214	  1.34	83	172	--  	       5975.00	
="002224"	三 力 士	0.34	8.83	0.03	8.82	8.83	157581	3211	          0.00	          3.57	8.82	8.93	8.73	8.80	    32.28	138908720	  0.80	橡胶	浙江	 2.27	8.82	89311	68270	  1.31	1577	639	--  	      44120.33	
="600828"	成商集团	0.34	5.94	0.02	5.93	5.94	63100	225	          0.16	          1.11	5.91	5.96	5.86	5.92	    14.40	37282672	  1.04	百货	四川	 1.69	5.91	40043	23057	  1.74	803	38	--  	      56981.73	
="601518"	吉林高速	0.33	3.02	0.01	3.02	3.03	216208	1309	          0.33	          1.78	3.01	3.07	2.98	3.01	    14.91	65447692	  1.65	路桥	吉林	 2.99	3.03	99940	116268	  0.86	698	4894	--  	     121320.00	
="600232"	金鹰股份	0.31	6.55	0.02	6.52	6.57	67033	402	         -0.15	          1.84	6.49	6.64	6.43	6.53	   109.28	43669956	  1.10	纺织	浙江	 3.22	6.51	33273	33760	  0.99	345	47	--  	      36471.85	
="002350"	北京科锐	0.30	13.47	0.04	13.46	13.47	31733	95	          0.00	          1.45	13.38	13.68	13.33	13.43	    53.13	42873428	  0.92	电气设备	北京	 2.61	13.51	14063	17670	  0.80	46	294	--  	      21821.63	
="002231"	奥维通信	0.29	10.43	0.03	10.43	10.44	149419	1573	          0.09	          7.34	10.30	10.58	10.26	10.40	--  	155777280	  1.28	通信设备	辽宁	 3.08	10.43	66400	83019	  0.80	722	499	--  	      20369.00	
="600167"	联美控股	0.28	14.22	0.04	14.21	14.22	20216	26	          0.07	          0.96	14.22	14.40	14.08	14.18	    19.00	28796710	  0.91	供气供热	辽宁	 2.26	14.24	9916	10300	  0.96	82	49	--  	      21100.00	
="002524"	光正集团	0.28	7.12	0.02	7.12	7.13	171778	2742	          0.00	          3.50	7.07	7.17	7.02	7.10	--  	121952648	  1.61	钢加工	新疆	 2.11	7.10	82425	89353	  0.92	1235	2328	--  	      49120.46	
="601107"	四川成渝	0.28	3.61	0.01	3.60	3.61	196562	22	          0.00	          0.91	3.60	3.63	3.55	3.60	     9.97	70526176	  1.30	路桥	四川	 2.22	3.59	97108	99454	  0.98	2217	1031	--  	     216274.00	
="000528"	柳    工	0.28	7.26	0.02	7.26	7.27	266020	2508	          0.00	          2.36	7.24	7.30	7.13	7.24	    34.15	192144528	  1.49	工程机械	广西	 2.35	7.22	132473	133547	  0.99	2467	5242	--  	     112508.84	
="002086"	东方海洋	0.27	11.09	0.03	11.08	11.09	79063	662	         -0.09	          3.32	10.94	11.16	10.83	11.06	    54.19	86760696	  1.10	渔业	山东	 2.98	10.97	43907	35156	  1.25	636	294	--  	      23780.85	
="300211"	亿通科技	0.26	23.16	0.06	23.16	23.20	10500	74	         -0.08	          2.22	23.18	23.49	22.95	23.10	    97.21	24384580	  0.64	通信设备	江苏	 2.34	23.22	5367	5133	  1.05	51	10	--  	       4739.52	
="300313"	天山生物	0.25	23.69	0.06	23.68	23.69	18876	229	          0.12	          4.52	23.86	23.96	23.25	23.63	   258.62	44538988	  1.43	农业综合	新疆	 3.00	23.60	10845	8031	  1.35	121	23	--  	       4177.81	
="002291"	星期六	0.25	8.16	0.02	8.15	8.16	31561	393	          0.36	          0.87	8.18	8.19	8.04	8.14	    77.16	25574994	  0.70	服饰	广东	 1.84	8.10	17739	13822	  1.28	269	280	--  	      36335.00	
="600097"	开创国际	0.22	13.80	0.03	13.79	13.80	17671	30	          0.14	          1.53	13.77	13.90	13.66	13.77	    27.34	24302072	  0.74	渔业	上海	 1.74	13.75	10237	7434	  1.38	73	29	--  	      11544.99	
="600068"	葛洲坝	0.21	4.76	0.01	4.76	4.77	608778	45	          0.00	          1.75	4.75	4.85	4.73	4.75	     9.43	290612096	  1.46	建筑施工	湖北	 2.53	4.77	329628	279150	  1.18	368	16944	--  	     348745.91	
="600463"	空港股份	0.19	10.39	0.02	10.40	10.41	38052	119	          0.19	          1.51	10.39	10.48	10.15	10.37	    55.51	39224320	  0.88	园区开发	北京	 3.18	10.31	20329	17723	  1.15	148	157	--  	      25200.00	
="600867"	通化东宝	0.18	16.53	0.03	16.53	16.54	164444	10	          0.00	          1.60	16.60	16.95	16.27	16.50	    58.23	274048064	  0.65	生物制药	吉林	 4.12	16.67	89000	75444	  1.18	379	83	--  	     102460.04	
="300270"	中威电子	0.17	22.92	0.04	22.92	22.93	18104	207	          0.04	          2.85	22.72	23.20	22.58	22.88	    89.01	41472924	  0.90	通信设备	浙江	 2.71	22.91	7440	10664	  0.70	14	7	--  	       6343.12	
="000912"	泸 天 化	0.15	6.69	0.01	6.68	6.69	130158	1209	         -0.14	          4.87	6.67	6.80	6.51	6.68	--  	86716936	  1.04	农药化肥	四川	 4.34	6.66	62654	67504	  0.93	684	1867	--  	      26715.00	
="600738"	兰州民百	0.14	6.96	0.01	6.95	6.96	46845	3	          0.14	          1.79	6.91	6.99	6.87	6.95	    22.07	32451980	  0.79	百货	甘肃	 1.73	6.93	25290	21555	  1.17	304	2032	--  	      26210.72	
="000501"	鄂武商Ａ	0.14	13.98	0.02	13.98	13.99	62825	846	         -0.28	          1.24	13.94	14.08	13.79	13.96	    10.97	87786736	  0.53	百货	湖北	 2.08	13.97	34371	28454	  1.21	189	20	--  	      50718.42	
="002692"	远程电缆	0.10	10.19	0.01	10.18	10.19	45525	467	          0.09	          4.22	10.16	10.38	10.05	10.18	    30.66	46513144	  0.76	电气设备	江苏	 3.24	10.22	23937	21588	  1.11	167	563	--  	      10792.58	
="000929"	兰州黄河	0.10	10.45	0.01	10.45	10.46	21406	57	          0.00	          1.15	10.44	10.53	10.40	10.44	    32.28	22390778	  0.94	啤酒	甘肃	 1.25	10.46	11031	10375	  1.06	124	221	--  	      18558.80	
="300118"	东方日升	0.09	10.70	0.01	10.70	10.71	210401	1953	          0.00	          5.54	10.78	11.07	10.51	10.69	   157.93	226789920	  1.25	半导体	浙江	 5.24	10.78	111588	98813	  1.13	515	186	--  	      37982.94	
="002481"	双塔食品	0.06	15.85	0.01	15.84	15.85	29740	837	          0.57	          0.79	15.90	15.92	15.52	15.84	    45.95	46677548	  0.90	食品	山东	 2.53	15.70	17120	12620	  1.36	15	159	--  	      37455.17	
="002318"	久立特材	0.04	26.94	0.01	26.93	26.94	59733	374	          0.29	          2.01	26.99	27.48	26.40	26.93	    38.50	160231136	  1.12	特钢	浙江	 4.01	26.82	31186	28547	  1.09	243	540	--  	      29783.93	
="601928"	凤凰传媒	0.00	10.71	0.00	--  	--  	0	0	          0.00	          0.00	--  	--  	--  	10.71	    27.84	0	  0.00	出版业	江苏	 0.00	10.71	0	0	--  	0	0	--  	      65788.35	
="601607"	上海医药	0.00	14.69	0.00	14.68	14.69	259877	69	          0.34	          1.35	14.62	14.74	14.46	14.69	    15.49	378567040	  1.45	医药连锁	上海	 1.91	14.57	135937	123940	  1.10	29	304	--  	     192293.50	
="601558"	*ST锐电	0.00	4.05	0.00	4.05	4.06	81666	21	          0.00	          1.94	4.03	4.09	3.99	4.05	--  	32940500	  1.06	电气设备	北京	 2.47	4.03	39808	41858	  0.95	678	1480	--  	      42040.00	
="601313"	江南嘉捷	0.00	10.39	0.00	10.39	10.40	50389	73	         -0.19	          1.88	10.42	10.52	10.24	10.39	    19.13	52174168	  0.97	运输设备	江苏	 2.69	10.35	26646	23743	  1.12	15	125	--  	      26852.53	
="600986"	科达股份	0.00	7.05	0.00	--  	--  	0	0	          0.00	          0.00	--  	--  	--  	7.05	    36.88	0	  0.00	建筑施工	山东	 0.00	7.05	0	0	--  	0	0	--  	      33526.96	
="600981"	汇鸿股份	0.00	4.21	0.00	--  	--  	0	0	          0.00	          0.00	--  	--  	--  	4.21	    92.48	0	  0.00	商贸代理	江苏	 0.00	4.21	0	0	--  	0	0	--  	      51610.64	
="600881"	亚泰集团	0.00	5.54	0.00	5.54	5.55	297656	19	          0.18	          1.57	5.50	5.60	5.44	5.54	    49.06	164257952	  0.59	水泥	吉林	 2.89	5.52	163094	134562	  1.21	518	4888	--  	     189473.20	
="600876"	洛阳玻璃	0.00	7.24	0.00	--  	--  	0	0	          0.00	          0.00	--  	--  	--  	7.24	   374.48	0	  0.00	玻璃	河南	 0.00	7.24	0	0	--  	0	0	--  	      25001.82	
="600847"	万里股份	0.00	18.19	0.00	--  	--  	0	0	          0.00	          0.00	--  	--  	--  	18.19	   644.02	0	  0.00	电气设备	重庆	 0.00	18.19	0	0	--  	0	0	--  	      13316.49	
="600792"	云煤能源	0.00	6.26	0.00	--  	--  	0	0	          0.00	          0.00	--  	--  	--  	6.26	   569.02	0	  0.00	焦炭加工	云南	 0.00	6.26	0	0	--  	0	0	--  	      80045.00	
="600749"	西藏旅游	0.00	12.18	0.00	--  	--  	0	0	          0.00	          0.00	--  	--  	--  	12.18	--  	0	  0.00	旅游景点	西藏	 0.00	12.18	0	0	--  	0	0	--  	      18913.78	
="600731"	湖南海利	0.00	8.80	0.00	8.79	8.80	66622	131	          0.11	          2.61	8.82	8.86	8.60	8.80	   548.67	58173992	  0.93	农药化肥	湖南	 2.95	8.73	34875	31747	  1.10	1401	619	--  	      25557.66	
="600575"	皖江物流	0.00	4.11	0.00	--  	--  	0	0	          0.00	          0.00	--  	--  	--  	4.11	    69.90	0	  0.00	港口	安徽	 0.00	4.11	0	0	--  	0	0	--  	     142320.00	
="600569"	安阳钢铁	0.00	2.32	0.00	--  	--  	0	0	          0.00	          0.00	--  	--  	--  	2.32	    78.40	0	  0.00	普钢	河南	 0.00	2.32	0	0	--  	0	0	--  	     239368.45	
="600530"	交大昂立	0.00	10.33	0.00	10.32	10.33	39481	20	          0.00	          1.27	10.37	10.40	10.15	10.33	    69.87	40534308	  0.96	生物制药	上海	 2.42	10.27	21341	18140	  1.18	168	5	--  	      31200.00	
="600517"	置信电气	0.00	12.45	0.00	--  	--  	0	0	          0.00	          0.00	--  	--  	--  	12.45	    84.39	0	  0.00	电气设备	上海	 0.00	12.45	0	0	--  	0	0	--  	     111366.89	
="600497"	驰宏锌锗	0.00	10.39	0.00	--  	--  	0	0	          0.00	          0.00	--  	--  	--  	10.39	    84.98	0	  0.00	铅锌	云南	 0.00	10.39	0	0	--  	0	0	--  	     166756.09	
="600400"	红豆股份	0.00	5.69	0.00	--  	--  	0	0	          0.00	          0.00	--  	--  	--  	5.69	   103.21	0	  0.00	服饰	江苏	 0.00	5.69	0	0	--  	0	0	--  	      56039.96	
="600369"	西南证券	0.00	10.54	0.00	--  	--  	0	0	          0.00	          0.00	--  	--  	--  	10.54	    25.05	0	  0.00	证券	重庆	 0.00	10.54	0	0	--  	0	0	--  	     232255.45	
="600365"	通葡股份	0.00	11.38	0.00	--  	--  	0	0	          0.00	          0.00	--  	--  	--  	11.38	  5686.21	0	  0.00	红黄药酒	吉林	 0.00	11.38	0	0	--  	0	0	--  	      14000.00	
="600318"	巢东股份	0.00	11.20	0.00	--  	--  	0	0	          0.00	          0.00	--  	--  	--  	11.20	    17.93	0	  0.00	水泥	安徽	 0.00	11.20	0	0	--  	0	0	--  	      24200.00	
="600241"	时代万恒	0.00	8.28	0.00	--  	--  	0	0	          0.00	          0.00	--  	--  	--  	8.28	--  	0	  0.00	商贸代理	辽宁	 0.00	8.28	0	0	--  	0	0	--  	      18020.00	
="600179"	黑化股份	0.00	7.39	0.00	7.36	7.37	83216	10	          0.40	          2.13	7.40	7.55	7.27	7.39	--  	61467632	  0.64	焦炭加工	黑龙江	 3.79	7.39	42590	40626	  1.05	162	10	--  	      39000.00	
="600162"	香江控股	0.00	6.07	0.00	--  	--  	0	0	          0.00	          0.00	--  	--  	--  	6.07	    14.22	0	  0.00	全国地产	深圳	 0.00	6.07	0	0	--  	0	0	--  	      76781.27	
="600105"	永鼎股份	0.00	9.86	0.00	--  	--  	0	0	          0.00	          0.00	--  	--  	--  	9.86	    17.13	0	  0.00	通信设备	江苏	 0.00	9.86	0	0	--  	0	0	--  	      38095.46	
="600103"	青山纸业	0.00	3.66	0.00	--  	--  	0	0	          0.00	          0.00	--  	--  	--  	3.66	   601.14	0	  0.00	造纸	福建	 0.00	3.66	0	0	--  	0	0	--  	     106184.15	
="600091"	ST明科	0.00	7.02	0.00	--  	--  	0	0	          0.00	          0.00	--  	--  	--  	7.02	--  	0	  0.00	化工原料	内蒙	 0.00	7.02	0	0	--  	0	0	--  	      33652.60	
="600090"	啤酒花	0.00	8.13	0.00	--  	--  	0	0	          0.00	          0.00	--  	--  	--  	8.13	    36.46	0	  0.00	啤酒	新疆	 0.00	8.13	0	0	--  	0	0	--  	      36791.66	
="600033"	福建高速	0.00	3.15	0.00	3.14	3.15	974723	1054	          0.00	          3.55	3.15	3.22	3.12	3.15	    13.36	307835072	  0.86	路桥	福建	 3.17	3.16	445678	529045	  0.84	5690	2166	--  	     274440.00	
="600020"	中原高速	0.00	3.05	0.00	3.05	3.06	351383	25	          0.32	          1.56	3.03	3.12	3.02	3.05	    10.99	107409992	  1.62	路桥	河南	 3.28	3.06	177374	174009	  1.02	157	5568	--  	     224737.19	
="600017"	日照港	0.00	3.95	0.00	3.95	3.96	2093501	133	         -0.25	          7.96	3.98	4.05	3.84	3.95	    15.99	827169728	  2.70	港口	山东	 5.32	3.95	933357	1160144	  0.80	866	336	--  	     263063.16	
="300332"	天壕节能	--  	0.00	--  	--  	--  	0	0	--  	          0.00	--  	--  	--  	14.06	    40.57	0	  0.00	环境保护	北京	 0.00	14.06	0	0	--  	0	0	--  	      22666.75	
="300230"	永利带业	--  	0.00	--  	--  	--  	0	0	--  	          0.00	--  	--  	--  	9.63	    29.42	0	  0.00	塑料	上海	 0.00	9.63	0	0	--  	0	0	--  	      10127.07	
="300194"	福安药业	--  	0.00	--  	--  	--  	0	0	--  	          0.00	--  	--  	--  	21.58	   106.56	0	  0.00	化学制药	重庆	 0.00	21.58	0	0	--  	0	0	--  	      12880.26	
="300189"	神农大丰	--  	0.00	--  	--  	--  	0	0	--  	          0.00	--  	--  	--  	7.86	--  	0	  0.00	种植业	海南	 0.00	7.86	0	0	--  	0	0	--  	      33498.87	
="300072"	三聚环保	--  	0.00	--  	--  	--  	0	0	--  	          0.00	--  	--  	--  	27.13	    36.92	0	  0.00	化工原料	北京	 0.00	27.13	0	0	--  	0	0	--  	      45855.16	
="300013"	新宁物流	--  	0.00	--  	--  	--  	0	0	--  	          0.00	--  	--  	--  	9.26	   131.57	0	  0.00	仓储物流	江苏	 0.00	9.26	0	0	--  	0	0	--  	      18000.00	
="002632"	道明光学	--  	0.00	--  	--  	--  	0	0	--  	          0.00	--  	--  	--  	20.42	    94.89	0	  0.00	化工原料	浙江	 0.00	20.42	0	0	--  	0	0	--  	       5040.75	
="002608"	舜天船舶	--  	0.00	--  	--  	--  	0	0	--  	          0.00	--  	--  	--  	12.79	    86.27	0	  0.00	船舶	江苏	 0.00	12.79	0	0	--  	0	0	--  	      32855.16	
="002558"	世纪游轮	--  	0.00	--  	--  	--  	0	0	--  	          0.00	--  	--  	--  	31.65	   271.60	0	  0.00	旅游服务	重庆	 0.00	31.65	0	0	--  	0	0	--  	       3244.39	
="002529"	海源机械	--  	0.00	--  	--  	--  	0	0	--  	          0.00	--  	--  	--  	15.03	--  	0	  0.00	专用机械	福建	 0.00	15.03	0	0	--  	0	0	--  	      15608.25	
="002509"	天广消防	--  	0.00	--  	--  	--  	0	0	--  	          0.00	--  	--  	--  	12.27	    51.77	0	  0.00	专用机械	福建	 0.00	12.27	0	0	--  	0	0	--  	      23109.89	
="002485"	希努尔	--  	0.00	--  	--  	--  	0	0	--  	          0.00	--  	--  	--  	10.13	--  	0	  0.00	服饰	山东	 0.00	10.13	0	0	--  	0	0	--  	      32000.00	
="002483"	润邦股份	--  	0.00	--  	--  	--  	0	0	--  	          0.00	--  	--  	--  	12.22	    36.85	0	  0.00	工程机械	江苏	 0.00	12.22	0	0	--  	0	0	--  	      29250.00	
="002450"	康得新	--  	0.00	--  	--  	--  	0	0	--  	          0.00	--  	--  	--  	32.67	    33.05	0	  0.00	化工原料	江苏	 0.00	32.67	0	0	--  	0	0	--  	      94531.45	
="002426"	胜利精密	--  	0.00	--  	--  	--  	0	0	--  	          0.00	--  	--  	--  	11.26	    68.41	0	  0.00	元器件	江苏	 0.00	11.26	0	0	--  	0	0	--  	      35306.58	
="002324"	普利特	--  	0.00	--  	--  	--  	0	0	--  	          0.00	--  	--  	--  	19.90	    26.33	0	  0.00	塑料	上海	 0.00	19.90	0	0	--  	0	0	--  	      15582.66	
="002323"	中联电气	--  	0.00	--  	--  	--  	0	0	--  	          0.00	--  	--  	--  	21.95	   130.92	0	  0.00	电气设备	江苏	 0.00	21.95	0	0	--  	0	0	--  	       8350.16	
="002103"	广博股份	--  	0.00	--  	--  	--  	0	0	--  	          0.00	--  	--  	--  	10.18	   172.72	0	  0.00	文教休闲	浙江	 0.00	10.18	0	0	--  	0	0	--  	      17095.44	
="002084"	海鸥卫浴	--  	0.00	--  	--  	--  	0	0	--  	          0.00	--  	--  	--  	7.60	    89.04	0	  0.00	家居用品	广东	 0.00	7.60	0	0	--  	0	0	--  	      40605.57	
="002044"	江苏三友	--  	0.00	--  	--  	--  	0	0	--  	          0.00	--  	--  	--  	10.04	    43.13	0	  0.00	服饰	江苏	 0.00	10.04	0	0	--  	0	0	--  	      22410.00	
="002020"	京新药业	0.00	20.95	0.00	20.94	20.95	14360	51	          0.09	          0.74	20.95	21.24	20.70	20.95	    48.38	30099372	  0.74	化学制药	浙江	 2.58	20.96	6220	8140	  0.76	50	117	--  	      19382.21	
="002013"	中航机电	--  	0.00	--  	--  	--  	0	0	--  	          0.00	--  	--  	--  	22.15	    51.08	0	  0.00	汽车配件	湖北	 0.00	22.15	0	0	--  	0	0	--  	      29285.81	
="002009"	天奇股份	--  	0.00	--  	--  	--  	0	0	--  	          0.00	--  	--  	--  	16.30	    47.89	0	  0.00	工程机械	江苏	 0.00	16.30	0	0	--  	0	0	--  	      25991.22	
="002006"	*ST精功	--  	0.00	--  	--  	--  	0	0	--  	          0.00	--  	--  	--  	8.75	--  	0	  0.00	工程机械	浙江	 0.00	8.75	0	0	--  	0	0	--  	      43677.89	
="000920"	南方汇通	--  	0.00	--  	--  	--  	0	0	--  	          0.00	--  	--  	--  	13.23	    31.50	0	  0.00	运输设备	贵州	 0.00	13.23	0	0	--  	0	0	--  	      42200.00	
="000897"	津滨发展	0.00	6.42	0.00	6.41	6.42	601738	6836	          0.15	          3.72	6.43	6.53	6.30	6.42	   343.00	385434048	  0.54	区域地产	天津	 3.58	6.41	311097	290641	  1.07	1455	4135	--  	     161708.06	
="000796"	易食股份	--  	0.00	--  	--  	--  	0	0	--  	          0.00	--  	--  	--  	7.23	    95.94	0	  0.00	食品	陕西	 0.00	7.23	0	0	--  	0	0	--  	      24652.30	
="000795"	太原刚玉	--  	0.00	--  	--  	--  	0	0	--  	          0.00	--  	--  	--  	10.92	--  	0	  0.00	矿物制品	山西	 0.00	10.92	0	0	--  	0	0	--  	      27679.44	
="000717"	韶钢松山	0.00	2.43	0.00	2.43	2.44	734990	8140	         -0.40	          6.52	2.44	2.59	2.41	2.43	--  	183077056	  2.43	钢加工	广东	 7.41	2.49	332457	402533	  0.83	5488	10728	--  	     112803.64	
="000710"	天兴仪表	--  	0.00	--  	--  	--  	0	0	--  	          0.00	--  	--  	--  	13.60	--  	0	  0.00	汽车配件	四川	 0.00	13.60	0	0	--  	0	0	--  	      15120.00	
="000677"	恒天海龙	0.00	4.49	0.00	4.49	4.50	135677	1337	         -0.44	          1.57	4.49	4.60	4.46	4.49	--  	61464796	  0.99	化纤	山东	 3.12	4.53	71338	64339	  1.11	1214	153	--  	      86394.82	
="000627"	天茂集团	--  	0.00	--  	--  	--  	0	0	--  	          0.00	--  	--  	--  	4.10	    28.37	0	  0.00	化工原料	湖北	 0.00	4.10	0	0	--  	0	0	--  	     135358.98	
="000563"	陕国投Ａ	--  	0.00	--  	--  	--  	0	0	--  	          0.00	--  	--  	--  	8.18	    30.52	0	  0.00	多元金融	陕西	 0.00	8.18	0	0	--  	0	0	--  	      75266.72	
="000533"	万 家 乐	--  	0.00	--  	--  	--  	0	0	--  	          0.00	--  	--  	--  	5.97	    35.25	0	  0.00	家用电器	广东	 0.00	5.97	0	0	--  	0	0	--  	      68487.71	
="000507"	珠海港	0.00	6.66	0.00	6.65	6.66	704543	4113	         -0.14	          9.12	6.67	6.86	6.52	6.66	--  	469273600	  0.98	港口	广东	 5.11	6.66	338745	365798	  0.93	1638	4702	--  	      77214.38	
="000498"	山东路桥	--  	0.00	--  	--  	--  	0	0	--  	          0.00	--  	--  	--  	4.64	    28.22	0	  0.00	建筑施工	山东	 0.00	4.64	0	0	--  	0	0	--  	      35417.01	
="000415"	渤海租赁	--  	0.00	--  	--  	--  	0	0	--  	          0.00	--  	--  	--  	10.28	    19.57	0	  0.00	多元金融	新疆	 0.00	10.28	0	0	--  	0	0	--  	     126917.42	
="000090"	天健集团	--  	0.00	--  	--  	--  	0	0	--  	          0.00	--  	--  	--  	8.44	    25.79	0	  0.00	建筑施工	深圳	 0.00	8.44	0	0	--  	0	0	--  	      55253.07	
="000037"	深南电Ａ	0.00	5.91	0.00	5.91	5.92	112296	1043	          0.00	          3.31	5.92	6.02	5.79	5.91	--  	66679196	  1.89	火力发电	深圳	 3.89	5.94	54481	57815	  0.94	21	591	--  	      33889.39	
="300180"	华峰超纤	-0.05	21.93	-0.01	21.88	21.93	15708	289	          0.22	          1.36	21.91	22.10	21.30	21.94	    31.52	34003448	  0.68	化纤	上海	 3.65	21.65	10423	5285	  1.97	47	682	--  	      11531.30	
="600481"	双良节能	-0.09	10.84	-0.01	10.83	10.84	115730	30	         -0.09	          1.43	10.89	10.93	10.77	10.85	    27.59	125504312	  0.95	化工原料	江苏	 1.47	10.84	67116	48614	  1.38	79	216	--  	      81010.45	
="002003"	伟星股份	-0.10	9.79	-0.01	9.79	9.80	49910	475	          0.00	          1.70	9.83	9.87	9.70	9.80	    12.90	48820660	  1.20	服饰	浙江	 1.73	9.78	26815	23095	  1.16	45	584	--  	      29320.38	
="600165"	新日恒力	-0.10	9.53	-0.01	9.52	9.53	41275	10	         -0.20	          2.13	9.50	9.61	9.34	9.54	--  	39226996	  0.92	钢加工	宁夏	 2.83	9.50	22257	19018	  1.17	147	56	--  	      19395.34	
="002054"	德美化工	-0.11	9.01	-0.01	8.99	9.01	33722	357	         -0.22	          1.40	9.00	9.10	8.88	9.02	    30.84	30292780	  0.90	化工原料	广东	 2.44	8.98	19405	14317	  1.36	1947	115	--  	      24029.83	
="002172"	澳洋科技	-0.14	7.17	-0.01	7.16	7.17	65319	664	         -0.13	          1.22	7.14	7.29	7.06	7.18	--  	46858836	  0.85	化纤	江苏	 3.20	7.17	38343	26976	  1.42	419	860	--  	      53754.96	
="600466"	迪康药业	-0.15	6.74	-0.01	6.74	6.75	132840	9	          0.00	          3.03	6.75	6.79	6.60	6.75	   166.43	88743184	  1.09	中成药	四川	 2.81	6.68	71341	61499	  1.16	128	4018	--  	      43900.58	
="600478"	科力远	-0.16	25.40	-0.04	25.40	25.41	50900	19	         -0.07	          1.08	25.48	25.91	25.02	25.44	  1354.85	129713952	  0.86	元器件	湖南	 3.50	25.48	27207	23693	  1.15	151	517	--  	      47223.51	
="000623"	吉林敖东	-0.19	21.46	-0.04	21.45	21.46	241155	1933	         -0.09	          3.06	21.56	21.78	21.25	21.50	    15.75	518720512	  1.02	中成药	吉林	 2.47	21.51	123262	117893	  1.05	233	35	--  	      78904.07	
="002061"	江山化工	-0.19	5.21	-0.01	5.20	5.21	97814	1487	          0.38	          2.39	5.23	5.25	5.14	5.22	--  	50619196	  1.09	化工原料	浙江	 2.11	5.17	55685	42129	  1.32	279	715	--  	      40887.76	
="600012"	皖通高速	-0.19	5.19	-0.01	5.19	5.20	87198	10	         -0.19	          0.75	5.24	5.27	5.13	5.20	     9.63	45286472	  0.96	路桥	安徽	 2.69	5.19	39837	47361	  0.84	557	1244	--  	     116560.00	
="600655"	豫园商城	-0.20	9.77	-0.02	9.75	9.76	178058	1	         -0.20	          1.24	9.80	9.96	9.70	9.79	    18.04	174552496	  0.91	百货	上海	 2.66	9.80	85488	92570	  0.92	467	96	--  	     143732.20	
="300240"	飞力达	-0.21	14.54	-0.03	14.53	14.54	19065	153	          0.06	          1.17	14.72	14.73	14.33	14.57	    54.90	27656154	  0.90	仓储物流	江苏	 2.75	14.51	11531	7534	  1.53	17	236	--  	      16245.00	
="300239"	东宝生物	-0.23	13.08	-0.03	13.07	13.08	66454	1169	         -0.15	          5.43	13.14	13.40	12.90	13.11	   607.64	87094168	  0.96	生物制药	内蒙	 3.81	13.11	33871	32583	  1.04	57	50	--  	      12244.01	
="002478"	常宝股份	-0.24	12.59	-0.03	12.59	12.60	24255	220	         -0.15	          0.93	12.65	12.78	12.48	12.62	    20.14	30510082	  0.63	普钢	江苏	 2.38	12.58	14495	9760	  1.49	11	17	--  	      26154.86	
="600774"	汉商集团	-0.25	11.84	-0.03	11.80	11.81	8985	9	          0.08	          0.52	11.80	12.09	11.69	11.87	   791.98	10589643	  0.66	百货	湖北	 3.37	11.79	3917	5068	  0.77	75	0	--  	      17289.15	
="300117"	嘉寓股份	-0.28	7.21	-0.02	7.21	7.22	31401	550	         -0.13	          0.96	7.23	7.28	7.15	7.23	    40.19	22648370	  0.84	装修装饰	北京	 1.80	7.21	19503	11898	  1.64	183	100	--  	      32580.00	
="600727"	鲁北化工	-0.33	6.11	-0.02	6.10	6.11	65628	337	         -0.48	          1.87	6.10	6.17	6.03	6.13	   165.94	40049044	  0.42	农药化肥	山东	 2.28	6.10	34366	31262	  1.10	632	376	--  	      35092.66	
="600708"	海博股份	-0.33	9.08	-0.03	9.07	9.08	157301	6	          0.22	          3.09	9.10	9.16	8.93	9.11	    30.61	141984608	  1.04	公共交通	上海	 2.52	9.03	77867	79434	  0.98	212	310	--  	      50838.26	
="000159"	国际实业	-0.33	9.08	-0.03	9.07	9.08	142563	1349	          0.00	          2.96	9.11	9.20	9.00	9.11	    50.51	129469008	  1.25	石油贸易	新疆	 2.20	9.08	75763	66800	  1.13	1629	163	--  	      48113.92	
="000998"	隆平高科	-0.34	17.76	-0.06	17.75	17.76	168269	913	          0.05	          2.02	17.65	17.95	17.50	17.82	   114.33	298698944	  1.04	种植业	湖南	 2.53	17.75	89659	78610	  1.14	650	15	--  	      83123.59	
="000899"	赣能股份	-0.34	5.92	-0.02	5.91	5.92	141813	782	          0.00	          2.55	5.94	6.04	5.81	5.94	    10.19	83634360	  1.07	火力发电	江西	 3.87	5.90	72142	69671	  1.04	861	561	--  	      55518.16	
="600248"	延长化建	-0.34	8.86	-0.03	8.86	8.87	67590	10	          0.33	          1.61	8.85	8.94	8.72	8.89	    18.54	59672596	  1.65	建筑施工	陕西	 2.47	8.83	31589	36001	  0.88	20	268	--  	      41968.92	
="600483"	福建南纺	-0.34	8.79	-0.03	8.80	8.81	66834	103	         -0.45	          2.32	8.80	8.96	8.77	8.82	    15.41	59135216	  1.09	纺织	福建	 2.15	8.85	31993	34841	  0.92	122	176	--  	      28848.36	
="600622"	嘉宝集团	-0.39	7.74	-0.03	7.73	7.74	151877	50	          0.12	          2.95	7.75	7.77	7.62	7.77	     7.20	116956576	  1.47	综合类	上海	 1.93	7.70	80871	71006	  1.14	143	1177	--  	      51430.37	
="600613"	神奇制药	-0.42	19.16	-0.08	19.14	19.15	27310	12	          0.26	          1.85	19.50	19.65	18.83	19.24	    48.59	52425764	  1.44	中成药	上海	 4.26	19.20	15994	11316	  1.41	48	70	--  	      14769.17	
="002623"	亚玛顿	-0.43	25.62	-0.11	25.60	25.62	18916	59	         -0.03	          1.18	25.72	25.75	25.20	25.73	   130.97	48087348	  1.05	玻璃	江苏	 2.14	25.42	9489	9427	  1.01	61	118	--  	      16000.00	
="002187"	广百股份	-0.43	11.63	-0.05	11.63	11.64	41563	284	         -0.08	          1.24	11.69	11.75	11.41	11.68	    18.16	47939860	  0.82	百货	广东	 2.91	11.53	22486	19077	  1.18	30	52	--  	      33572.48	
="002400"	省广股份	-0.43	25.25	-0.11	25.25	25.27	71207	296	          0.35	          1.38	25.35	25.59	24.30	25.36	    43.35	177594464	  0.91	广告包装	广东	 5.09	24.94	39126	32081	  1.22	37	1	--  	      51663.73	
="002599"	盛通股份	-0.46	17.50	-0.08	17.49	17.50	12299	570	          0.17	          1.40	17.50	17.58	17.17	17.58	   130.84	21380662	  1.16	广告包装	北京	 2.33	17.38	5872	6427	  0.91	15	109	--  	       8756.25	
="002398"	建研集团	-0.47	17.12	-0.08	17.12	17.13	50395	366	         -0.46	          2.64	17.27	17.36	16.81	17.20	    20.08	85842304	  0.74	建筑施工	福建	 3.20	17.03	30009	20386	  1.47	100	176	--  	      19113.78	
="002393"	力生制药	-0.47	34.22	-0.16	34.22	34.23	25190	278	          0.00	          1.39	34.38	34.55	33.97	34.38	    43.40	86016856	  1.67	化学制药	天津	 1.69	34.15	15967	9223	  1.73	314	20	--  	      18165.82	
="000875"	吉电股份	-0.47	4.24	-0.02	4.23	4.24	573379	3803	          0.00	          8.69	4.35	4.63	4.22	4.26	   457.54	249326240	  2.32	火力发电	吉林	 9.62	4.35	322403	250976	  1.28	10272	1523	--  	      66003.21	
="600650"	锦江投资	-0.48	12.34	-0.06	12.35	12.36	102008	34	         -0.16	          2.61	12.30	12.66	12.00	12.40	    30.31	125699952	  0.78	公共交通	上海	 5.32	12.32	56125	45883	  1.22	50	61	--  	      39056.01	
="600851"	海欣股份	-0.50	8.04	-0.04	8.03	8.04	159516	28	          0.12	          2.16	8.08	8.17	7.92	8.08	    59.24	128096040	  1.45	纺织	上海	 3.09	8.03	93282	66234	  1.41	147	635	--  	      73820.60	
="600676"	交运股份	-0.51	7.81	-0.04	7.77	7.80	855093	174	          0.12	         10.93	8.00	8.02	7.58	7.85	    21.04	663579584	  9.33	汽车配件	上海	 5.61	7.76	414356	440737	  0.94	85	1040	--  	      78214.10	
="002002"	鸿达兴业	-0.53	11.28	-0.06	11.25	11.28	29847	1690	          0.89	          1.28	11.45	11.45	11.12	11.34	    28.48	33488800	  0.93	塑料	广东	 2.91	11.22	17355	12492	  1.39	10	22	--  	      23365.13	
="600076"	青鸟华光	-0.54	7.35	-0.04	7.34	7.38	77542	830	          0.40	          2.12	7.40	7.44	7.26	7.39	--  	56932256	  0.79	通信设备	山东	 2.44	7.34	42275	35267	  1.20	50	121	--  	      36553.60	
="600078"	澄星股份	-0.54	9.13	-0.05	9.12	9.13	141797	114	         -0.21	          2.14	9.15	9.23	8.98	9.18	   168.49	128893624	  0.52	化工原料	江苏	 2.72	9.09	84736	57061	  1.49	138	43	--  	      66257.28	
="002259"	升达林业	-0.56	7.11	-0.04	7.11	7.12	239352	2191	         -0.14	          3.94	7.24	7.38	7.04	7.15	   359.04	172102160	  0.73	家居用品	四川	 4.76	7.19	130581	108771	  1.20	548	1482	--  	      60716.10	
="600337"	美克家居	-0.56	8.86	-0.05	8.87	8.89	101588	26	          0.11	          1.59	8.88	9.16	8.69	8.91	    30.57	90496928	  1.46	家居用品	新疆	 5.27	8.91	54580	47008	  1.16	36	107	--  	      63833.23	
="600479"	千金药业	-0.60	16.68	-0.10	16.67	16.68	44260	5	          0.12	          1.45	16.73	16.95	16.50	16.78	    59.82	74047568	  1.05	中成药	湖南	 2.68	16.73	21843	22417	  0.97	22	15	--  	      30481.91	
="000981"	银亿股份	-0.61	11.36	-0.07	11.35	11.36	26349	73	         -0.26	          0.31	11.45	11.55	11.20	11.43	    20.81	29811716	  0.78	区域地产	甘肃	 3.06	11.31	17044	9305	  1.83	301	1355	--  	      85810.52	
="002494"	华斯股份	-0.62	16.08	-0.10	16.08	16.09	22171	160	          0.00	          2.28	16.18	16.25	15.94	16.18	    30.91	35652200	  0.80	服饰	河北	 1.92	16.08	14200	7971	  1.78	87	186	--  	       9726.16	
="600589"	广东榕泰	-0.62	6.40	-0.04	6.41	6.42	108907	16	         -0.31	          1.81	6.43	6.50	6.34	6.44	    64.21	69771280	  0.74	塑料	广东	 2.48	6.41	64224	44683	  1.44	196	708	--  	      60173.00	
="000089"	深圳机场	-0.62	4.79	-0.03	4.79	4.80	190113	1230	         -0.20	          1.12	4.82	4.90	4.77	4.82	    31.68	91732120	  1.20	机场	深圳	 2.70	4.83	97251	92862	  1.05	780	2902	--  	     169169.27	
="600674"	川投能源	-0.63	17.49	-0.11	17.46	17.56	140962	3	         -0.22	          0.64	17.60	17.80	17.31	17.60	    10.03	246970768	  0.85	火力发电	四川	 2.78	17.52	71494	69468	  1.03	225	102	--  	     220107.03	
="002700"	新疆浩源	-0.63	23.50	-0.15	23.49	23.50	51522	556	          0.38	          5.39	23.64	24.00	23.28	23.65	    52.85	121373736	  1.12	供气供热	新疆	 3.04	23.56	29287	22235	  1.32	40	19	--  	       9564.16	
="002511"	中顺洁柔	-0.64	10.87	-0.07	10.86	10.87	63937	252	          0.09	          1.58	10.93	11.10	10.77	10.94	    64.89	69666304	  0.68	造纸	广东	 3.02	10.90	38488	25449	  1.51	422	13	--  	      40451.92	
="000900"	现代投资	-0.65	6.11	-0.04	6.10	6.11	343971	1877	          0.16	          3.40	6.14	6.17	6.00	6.15	    15.90	209309296	  0.64	路桥	湖南	 2.76	6.09	191608	152363	  1.26	3489	1352	--  	     101128.75	
="000886"	海南高速	-0.66	4.55	-0.03	4.54	4.55	206513	2034	          0.00	          2.14	4.57	4.63	4.49	4.58	    49.70	93954320	  1.14	路桥	海南	 3.06	4.55	117507	89006	  1.32	762	600	--  	      96284.88	
="002043"	兔 宝 宝	-0.66	6.04	-0.04	6.04	6.05	97069	1608	          0.16	          2.08	6.08	6.11	5.96	6.08	    71.30	58660532	  0.85	其他建材	浙江	 2.47	6.04	58555	38514	  1.52	325	1028	--  	      46568.10	
="002384"	东山精密	-0.70	14.22	-0.10	14.22	14.23	35360	253	          0.28	          0.78	14.28	14.39	14.12	14.32	   204.96	50252668	  0.84	通信设备	江苏	 1.89	14.21	22803	12557	  1.82	45	533	--  	      45272.80	
="000301"	东方市场	-0.73	4.08	-0.03	4.08	4.09	183339	1320	          0.00	          1.50	4.10	4.16	4.03	4.11	    23.89	74817752	  0.95	综合类	江苏	 3.16	4.08	109410	73929	  1.48	2019	2024	--  	     121823.64	
="000786"	北新建材	-0.73	18.92	-0.14	18.91	18.92	50564	203	          0.05	          0.88	19.08	19.25	18.75	19.06	    14.07	95525168	  1.04	其他建材	北京	 2.62	18.89	34242	16322	  2.10	51	259	--  	      57509.30	
="600543"	莫高股份	-0.74	9.43	-0.07	9.42	9.43	41029	108	          0.10	          1.28	9.47	9.52	9.32	9.50	    94.12	38565640	  0.62	红黄药酒	甘肃	 2.11	9.40	25513	15516	  1.64	15	115	--  	      32112.00	
="002470"	金正大	-0.74	26.80	-0.20	26.79	26.80	67248	685	          0.29	          1.13	27.00	27.00	25.72	27.00	    17.27	177383120	  1.33	农药化肥	山东	 4.74	26.38	33234	34014	  0.98	109	37	--  	      59254.00	
="600116"	三峡水利	-0.75	11.98	-0.09	11.99	12.00	58101	300	         -0.16	          2.17	12.11	12.11	11.82	12.07	    20.63	69570000	  1.08	水力发电	重庆	 2.40	11.97	34558	23543	  1.47	20	454	--  	      26753.32	
="002687"	乔治白	-0.75	11.93	-0.09	11.93	11.94	22603	274	          0.00	          3.25	12.02	12.16	11.81	12.02	    42.46	26963790	  0.56	服饰	浙江	 2.91	11.93	13021	9582	  1.36	90	171	--  	       6961.27	
="002563"	森马服饰	-0.75	35.68	-0.27	35.68	35.70	18896	480	         -0.13	          2.70	35.85	36.99	35.00	35.95	    26.71	67272240	  1.02	服饰	浙江	 5.54	35.60	10662	8234	  1.29	3	10	--  	       7000.00	
="002661"	克明面业	-0.77	42.78	-0.33	42.78	42.79	14796	65	          0.11	          6.93	43.00	43.98	42.65	43.11	    43.05	63778620	  0.75	食品	湖南	 3.09	43.10	8272	6524	  1.27	93	9	--  	       2135.75	
="000989"	九 芝 堂	-0.77	15.38	-0.12	15.37	15.38	87611	258	          0.06	          2.94	15.51	15.52	15.24	15.50	    29.46	134374608	  1.11	中成药	湖南	 1.81	15.34	54025	33586	  1.61	264	1249	--  	      29760.52	
="002496"	辉丰股份	-0.78	17.87	-0.14	17.86	17.87	63711	518	          0.00	          3.45	18.05	18.10	17.50	18.01	    27.28	113032440	  1.16	农药化肥	江苏	 3.33	17.74	38259	25452	  1.50	100	81	--  	      18456.77	
="601800"	中国交建	-0.78	5.08	-0.04	5.07	5.08	1150452	139	         -0.19	          8.52	5.16	5.21	4.98	5.12	     7.07	582424000	  1.41	建筑施工	北京	 4.49	5.06	616299	534153	  1.15	14878	1497	--  	     134973.55	
="002117"	东港股份	-0.79	18.85	-0.15	18.85	18.87	36750	650	         -0.05	          1.02	19.00	19.09	18.68	19.00	    43.00	69076464	  0.82	广告包装	山东	 2.16	18.80	22662	14088	  1.61	61	41	--  	      36067.89	
="002501"	利源精制	-0.82	18.20	-0.15	18.20	18.21	139104	1286	          0.22	          4.14	18.36	18.71	17.91	18.35	    21.87	253921232	  1.00	铝	吉林	 4.36	18.25	77415	61689	  1.25	165	87	--  	      33565.53	
="600745"	中茵股份	-0.82	14.49	-0.12	14.49	14.50	28248	15	          0.20	          0.86	14.69	14.70	14.14	14.61	   456.02	40641784	  1.01	区域地产	湖北	 3.83	14.39	17827	10421	  1.71	10	407	--  	      32737.49	
="300346"	南大光电	-0.83	38.32	-0.32	38.31	38.32	22750	159	         -0.23	          6.35	39.00	39.80	37.89	38.64	    81.02	88308936	  1.30	半导体	江苏	 4.94	38.82	12444	10306	  1.21	16	49	--  	       3584.05	
="002244"	滨江集团	-0.85	6.99	-0.06	6.99	7.01	166687	1321	         -0.42	          1.45	7.06	7.08	6.89	7.05	    12.45	116528808	  1.79	区域地产	浙江	 2.70	6.99	101473	65214	  1.56	943	114	--  	     114773.00	
="002606"	大连电瓷	-0.88	15.86	-0.14	15.85	15.86	75179	359	         -0.12	          6.24	16.09	16.09	15.56	16.00	   143.87	118556944	  1.08	电气设备	辽宁	 3.31	15.77	36049	39130	  0.92	86	942	--  	      12050.00	
="601113"	华鼎股份	-0.88	5.62	-0.05	5.62	5.63	63636	121	         -0.17	          0.99	5.68	5.76	5.52	5.67	  1441.03	35610784	  0.84	化纤	浙江	 4.23	5.60	39994	23642	  1.69	88	403	--  	      64000.00	
="600502"	安徽水利	-0.92	9.70	-0.09	9.69	9.70	205805	95	         -0.20	          4.10	9.81	9.85	9.54	9.79	    19.80	198943824	  1.02	建筑施工	安徽	 3.17	9.67	120439	85366	  1.41	12	24	--  	      50193.00	
="000650"	仁和药业	-0.93	7.44	-0.07	7.43	7.44	118555	721	          0.13	          1.20	7.52	7.62	7.35	7.51	    27.61	88179056	  0.72	中成药	江西	 3.60	7.44	68616	49939	  1.37	1201	783	--  	      99040.99	
="600029"	南方航空	-0.94	3.16	-0.03	3.15	3.16	1092816	2152	          0.31	          1.56	3.13	3.24	3.12	3.19	--  	347583136	  1.25	空运	广东	 3.76	3.18	493628	599188	  0.82	14779	81	--  	     702265.00	
="601919"	中国远洋	-0.96	4.11	-0.04	4.11	4.12	681096	40	          0.24	          0.89	4.18	4.19	4.04	4.15	--  	279252096	  1.26	水运	天津	 3.61	4.10	394473	286623	  1.38	553	8788	--  	     763567.44	
="600321"	国栋建设	-0.96	3.08	-0.03	3.07	3.08	514956	87	          0.32	          4.36	3.13	3.19	3.03	3.11	   311.01	158919456	  1.72	其他建材	四川	 5.14	3.09	272359	242597	  1.12	3147	1653	--  	     118088.00	
="002637"	赞宇科技	-0.97	18.38	-0.18	18.37	18.38	15882	45	          0.00	          1.65	18.50	18.60	18.26	18.56	    57.64	29198834	  0.59	日用化工	浙江	 1.83	18.38	9839	6043	  1.63	6	57	--  	       9650.91	
="600038"	哈飞股份	-0.99	38.89	-0.39	38.89	38.90	71054	7	         -0.02	          2.11	39.75	40.49	38.38	39.28	    71.06	277226752	  0.96	航空航天	黑龙江	 5.37	39.02	38571	32483	  1.19	169	1890	--  	      33735.00	
="002691"	石中装备	-1.00	14.89	-0.15	14.88	14.89	30360	377	          0.13	          4.60	15.09	15.16	14.73	15.04	    86.10	45222828	  0.79	专用机械	河北	 2.86	14.90	17211	13149	  1.31	174	219	--  	       6596.93	
="600356"	恒丰纸业	-1.00	7.92	-0.08	7.93	7.94	29766	1	         -0.12	          1.18	7.99	8.06	7.86	8.00	    32.37	23630904	  1.24	造纸	黑龙江	 2.50	7.94	18103	11663	  1.55	8	57	--  	      25233.92	
="002093"	国脉科技	-1.00	6.91	-0.07	6.90	6.91	113320	954	          0.00	          1.33	6.99	7.06	6.82	6.98	   122.96	78567144	  0.80	电信运营	福建	 3.44	6.93	67484	45836	  1.47	1282	1497	--  	      85291.22	
="000936"	华西股份	-1.01	4.92	-0.05	4.91	4.92	162991	544	          0.20	          2.18	4.96	5.05	4.86	4.97	    93.71	80439632	  0.75	化纤	江苏	 3.82	4.94	95215	67776	  1.40	1012	1349	--  	      74768.59	
="002320"	海峡股份	-1.02	11.63	-0.12	11.63	11.64	53445	555	         -0.08	          1.25	11.75	11.78	11.40	11.75	    62.33	61856500	  0.91	水运	海南	 3.23	11.57	31039	22406	  1.39	144	554	--  	      42587.60	
="600532"	宏达矿业	-1.03	10.62	-0.11	10.60	10.61	272421	48	          0.00	         16.50	11.08	11.29	10.31	10.73	    26.97	292411648	  5.51	普钢	山东	 9.13	10.73	142858	129563	  1.10	172	7	--  	      16510.25	
="000620"	新华联	-1.03	6.73	-0.07	6.73	6.74	176298	1325	         -0.14	          1.10	6.81	6.88	6.63	6.80	    27.80	118514472	  1.63	区域地产	北京	 3.68	6.72	100275	76023	  1.32	957	1623	--  	     159797.06	
="600806"	昆明机床	-1.03	5.76	-0.06	5.76	5.77	75031	86	          0.34	          1.92	5.79	5.84	5.70	5.82	--  	43232328	  0.99	机床制造	云南	 2.41	5.76	39570	35461	  1.12	70	569	--  	      39018.62	
="002399"	海普瑞	-1.04	27.55	-0.29	27.55	27.56	36036	393	         -0.10	          0.45	27.71	28.06	27.20	27.84	    73.79	99469744	  0.76	化学制药	深圳	 3.09	27.60	19679	16357	  1.20	1075	5	--  	      80020.00	
="000667"	美好集团	-1.05	2.82	-0.03	2.82	2.83	835668	15796	          0.00	          3.26	2.86	2.87	2.78	2.85	   192.53	235775776	  1.04	全国地产	云南	 3.16	2.82	461528	374140	  1.23	302	5612	--  	     255959.23	
="000978"	桂林旅游	-1.07	8.30	-0.09	8.28	8.30	84785	418	         -0.12	          2.35	8.42	8.43	8.18	8.39	--  	70174088	  0.95	旅游景点	广西	 2.98	8.28	54597	30188	  1.81	15	61	--  	      36010.00	
="002658"	雪迪龙	-1.08	27.35	-0.30	27.35	27.36	31290	361	          0.10	          4.18	27.47	27.80	27.07	27.65	    46.10	85527472	  0.55	电器仪表	北京	 2.64	27.33	18102	13188	  1.37	42	128	--  	       7494.56	
="600269"	赣粤高速	-1.09	3.63	-0.04	3.62	3.63	619703	50	          0.00	          2.65	3.63	3.65	3.57	3.67	    10.40	223442448	  1.64	路桥	江西	 2.18	3.61	296851	322852	  0.92	934	729	--  	     233540.70	
="000748"	长城信息	-1.10	28.86	-0.32	28.65	28.86	29413	214	          0.90	          0.78	29.45	29.45	28.35	29.18	   126.80	84249656	  0.91	电脑设备	湖南	 3.77	28.64	18809	10604	  1.77	79	286	--  	      37556.21	
="600712"	南宁百货	-1.10	5.39	-0.06	5.39	5.40	92131	40	          0.00	          1.71	5.44	5.58	5.32	5.45	  1038.52	50114448	  0.86	百货	广西	 4.77	5.44	58719	33412	  1.76	741	100	--  	      53772.91	
="600985"	雷鸣科化	-1.10	16.17	-0.18	16.09	16.10	16714	20	          0.55	          1.29	16.23	16.38	15.98	16.35	    23.33	26963580	  0.90	化工原料	安徽	 2.45	16.13	9483	7231	  1.31	41	5	--  	      12960.00	
="600207"	安彩高科	-1.11	5.34	-0.06	5.33	5.34	108580	60	          0.18	          2.47	5.42	5.46	5.28	5.40	--  	58282344	  1.32	元器件	河南	 3.33	5.37	57204	51376	  1.11	41	1024	--  	      44000.00	
="601111"	中国国航	-1.12	4.42	-0.05	4.42	4.43	872380	229	          0.00	          1.05	4.42	4.55	4.37	4.47	    13.74	388343904	  1.17	空运	北京	 4.03	4.45	517689	354691	  1.46	4010	1176	--  	     832927.13	
="002361"	神剑股份	-1.13	8.78	-0.10	8.78	8.79	59286	559	         -0.11	          3.35	8.88	8.94	8.71	8.88	    33.06	52298224	  1.31	化工原料	安徽	 2.59	8.82	33419	25867	  1.29	347	410	--  	      17698.19	
="002381"	双箭股份	-1.15	13.70	-0.16	13.70	13.71	41965	378	          0.14	          2.91	13.77	13.86	13.55	13.86	    25.13	57455908	  0.94	橡胶	浙江	 2.24	13.69	27468	14497	  1.89	206	170	--  	      14441.16	
="600843"	上工申贝	-1.16	13.65	-0.16	13.67	13.68	82364	26	          0.58	          4.02	13.76	13.81	13.32	13.81	    89.46	111247464	  0.56	纺织机械	上海	 3.55	13.51	49393	32971	  1.50	4	20	--  	      20494.30	
="300259"	新天科技	-1.19	14.95	-0.18	14.95	14.97	23532	218	         -0.13	          1.65	15.10	15.23	14.62	15.13	    44.18	34982908	  0.69	电器仪表	河南	 4.03	14.87	16004	7528	  2.13	234	94	--  	      14223.29	
="002534"	杭锅股份	-1.20	18.99	-0.23	18.99	19.00	25180	97	         -0.21	          0.64	19.60	19.61	18.80	19.22	    58.36	47801944	  0.75	专用机械	浙江	 4.21	18.98	17819	7361	  2.42	183	22	--  	      39168.26	
="300091"	金通灵	-1.20	22.99	-0.28	22.96	23.00	5021	210	          0.43	          0.40	23.39	23.45	22.80	23.27	   400.19	11526212	  0.38	机械基件	江苏	 2.79	22.96	2878	2143	  1.34	20	48	--  	      12639.70	
="000860"	顺鑫农业	-1.20	17.23	-0.21	17.23	17.24	71460	596	         -0.11	          1.63	17.47	17.50	17.00	17.44	    26.11	122894768	  1.18	农业综合	北京	 2.87	17.20	43476	27984	  1.55	156	62	--  	      43852.50	
="600609"	金杯汽车	-1.21	4.07	-0.05	4.06	4.07	204133	7	          0.00	          1.87	4.10	4.14	4.03	4.12	--  	83175016	  1.13	汽车整车	辽宁	 2.67	4.07	112557	91576	  1.23	1128	160	--  	     109266.71	
="600853"	龙建股份	-1.22	4.04	-0.05	4.04	4.05	109642	16	          0.00	          2.04	4.09	4.12	4.01	4.09	   120.45	44516268	  1.22	建筑施工	黑龙江	 2.69	4.06	67393	42249	  1.60	845	2434	--  	      53680.76	
="600300"	维维股份	-1.22	5.65	-0.07	5.64	5.65	326224	200	          0.00	          1.95	5.73	5.80	5.60	5.72	    78.36	184945744	  1.07	软饮料	江苏	 3.50	5.67	192090	134134	  1.43	1107	182	--  	     167200.00	
="600798"	宁波海运	-1.22	4.84	-0.06	4.83	4.84	203975	20	          0.00	          2.34	4.87	4.89	4.73	4.90	--  	97956336	  1.10	水运	浙江	 3.27	4.80	112055	91920	  1.22	666	624	--  	      87117.45	
="002169"	智光电气	-1.27	10.92	-0.14	10.90	10.92	177489	4076	          0.36	          7.22	10.93	11.06	10.78	11.06	    98.39	193381200	  0.83	电气设备	广东	 2.53	10.90	59677	117812	  0.51	18	65	--  	      24588.78	
="600896"	中海海盛	-1.27	4.67	-0.06	4.66	4.68	153663	502	          0.00	          2.64	4.66	4.72	4.57	4.73	--  	71532720	  1.23	水运	海南	 3.17	4.66	82160	71503	  1.15	748	1826	--  	      58131.57	
="002444"	巨星科技	-1.27	13.19	-0.17	13.19	13.20	63776	418	          0.00	          0.73	13.49	13.50	13.00	13.36	    24.09	84157768	  0.97	轻工机械	浙江	 3.74	13.20	36737	27039	  1.36	169	443	--  	      87460.32	
="600812"	华北制药	-1.27	6.97	-0.09	6.96	6.97	166309	141	          0.14	          1.62	7.06	7.12	6.85	7.06	   378.74	115397824	  1.15	化学制药	河北	 3.82	6.94	92235	74074	  1.25	453	80	--  	     102857.75	
="000605"	渤海股份	-1.30	17.41	-0.23	17.40	17.41	14731	51	         -0.05	          1.67	17.64	17.69	17.25	17.64	   159.53	25671492	  0.88	水务	北京	 2.49	17.43	9303	5428	  1.71	67	107	--  	       8842.98	
="600565"	迪马股份	-1.31	4.53	-0.06	4.52	4.53	126369	21	          0.00	          1.76	4.59	4.64	4.46	4.59	    50.78	57223476	  1.04	全国地产	重庆	 3.92	4.53	78657	47712	  1.65	1139	3	--  	      72000.00	
="600469"	风神股份	-1.32	12.73	-0.17	12.71	12.72	79736	40	          0.07	          2.13	12.98	12.98	12.53	12.90	    11.69	101620016	  1.55	汽车配件	河南	 3.49	12.74	50070	29666	  1.69	60	44	--  	      37494.21	
="300204"	舒泰神	-1.37	29.41	-0.41	29.41	29.42	24410	106	         -0.03	          1.04	29.73	30.11	28.50	29.82	    42.86	71102584	  1.13	生物制药	北京	 5.40	29.13	14481	9929	  1.46	15	28	--  	      23575.42	
="000613"	大东海A	-1.39	7.83	-0.11	7.83	7.84	80805	488	          0.12	          3.10	7.86	7.96	7.71	7.94	--  	63135492	  0.97	旅游服务	海南	 3.15	7.81	46358	34447	  1.35	528	40	--  	      26056.48	
="002085"	万丰奥威	-1.39	28.40	-0.40	28.35	28.40	17578	98	          0.00	          0.48	28.94	29.18	28.28	28.80	    27.45	50579952	  0.95	汽车配件	浙江	 3.13	28.77	9749	7829	  1.25	81	0	--  	      36813.28	
="600287"	江苏舜天	-1.39	9.20	-0.13	9.20	9.21	124518	16	          0.10	          2.85	9.34	9.48	8.98	9.33	    51.40	113882976	  0.93	商贸代理	江苏	 5.36	9.15	70817	53701	  1.32	4	253	--  	      43679.60	
="601018"	宁波港	-1.40	3.51	-0.05	3.50	3.51	1773290	142	         -0.28	          1.39	3.59	3.65	3.45	3.56	    14.17	625712512	  1.37	港口	浙江	 5.62	3.53	887747	885543	  1.00	12125	2054	--  	    1280000.00	
="600540"	新赛股份	-1.42	8.35	-0.12	8.34	8.35	53025	51	          0.00	          1.75	8.48	8.50	8.30	8.47	   628.32	44406692	  0.88	种植业	新疆	 2.36	8.37	33627	19398	  1.73	612	51	--  	      30270.84	
="002232"	启明信息	-1.42	12.46	-0.18	12.46	12.47	142056	952	          0.08	          3.57	12.76	12.90	12.28	12.64	  1103.56	177977920	  0.56	软件服务	吉林	 4.91	12.53	78503	63553	  1.24	368	463	--  	      39797.07	
="002616"	长青集团	-1.52	23.93	-0.37	23.93	23.94	17167	233	          0.12	          2.11	24.50	24.50	23.60	24.30	    47.40	41047324	  0.94	环境保护	广东	 3.70	23.91	10932	6235	  1.75	81	38	--  	       8140.00	
="600127"	金健米业	-1.53	5.80	-0.09	5.81	5.82	127523	16	         -0.34	          2.34	5.87	5.90	5.72	5.89	   427.20	73952072	  1.25	农业综合	湖南	 3.06	5.80	69339	58184	  1.19	78	381	--  	      54445.96	
="601311"	骆驼股份	-1.53	14.81	-0.23	14.80	14.81	133868	10	         -0.13	          1.58	14.96	15.16	14.64	15.04	    20.24	197803248	  1.14	电气设备	湖北	 3.46	14.78	80032	53836	  1.49	11	21	--  	      84461.57	
="600302"	标准股份	-1.54	6.41	-0.10	6.39	6.40	38134	94	         -0.15	          1.10	6.48	6.51	6.35	6.51	--  	24439368	  0.76	纺织机械	陕西	 2.46	6.41	24634	13500	  1.82	109	6	--  	      34600.98	
="002215"	诺 普 信	-1.56	10.08	-0.16	10.08	10.09	55304	360	         -0.19	          1.07	10.32	10.38	10.02	10.24	    29.88	56167812	  0.63	农药化肥	深圳	 3.52	10.16	35327	19977	  1.77	599	422	--  	      51575.60	
="600276"	恒瑞医药	-1.57	38.95	-0.62	38.94	38.96	51261	5	         -0.07	          0.34	39.61	40.44	38.61	39.57	    39.34	200826320	  0.95	化学制药	江苏	 4.62	39.18	28603	22658	  1.26	56	1	--  	     149624.31	
="001896"	豫能控股	-1.68	8.79	-0.15	8.78	8.79	41890	628	          0.11	          0.97	8.94	8.94	8.72	8.94	    13.51	36923812	  0.89	火力发电	河南	 2.46	8.81	24918	16972	  1.47	902	152	--  	      42999.25	
="600236"	桂冠电力	-1.69	4.06	-0.07	4.05	4.06	236290	334	          0.24	          2.09	4.13	4.14	4.02	4.13	    13.16	96033168	  1.97	水力发电	广西	 2.91	4.06	147546	88744	  1.66	5468	41	--  	     112823.02	
="600380"	健康元	-1.71	6.89	-0.12	6.89	6.90	143549	32	         -0.14	          0.93	6.97	7.05	6.85	7.01	    26.35	99245408	  0.94	化学制药	深圳	 2.85	6.91	85399	58150	  1.47	1908	2700	--  	     154583.59	
="000836"	鑫茂科技	-1.73	7.37	-0.13	7.36	7.37	73929	326	          0.00	          2.53	7.49	7.50	7.27	7.50	--  	54415912	  0.92	软件服务	天津	 3.07	7.36	42430	31499	  1.35	1174	872	--  	      29248.98	
="002333"	罗普斯金	-1.75	14.00	-0.25	14.00	14.05	34176	779	         -0.28	          1.41	14.23	14.52	13.83	14.25	    57.54	48255768	  0.98	铝	江苏	 4.84	14.12	21674	12502	  1.73	315	196	--  	      24248.49	
="601908"	京运通	-1.79	11.53	-0.21	11.53	11.54	115641	75	          0.17	          4.06	11.71	11.75	11.41	11.74	    58.83	133794192	  0.61	半导体	北京	 2.90	11.57	66308	49333	  1.34	83	24	--  	      28451.52	
="300303"	聚飞光电	-1.79	19.76	-0.36	19.76	19.77	35987	224	          0.00	          2.52	20.05	20.14	19.46	20.12	    31.95	70798992	  1.03	半导体	深圳	 3.38	19.67	23357	12630	  1.85	171	125	--  	      14272.04	
="000513"	丽珠集团	-1.79	54.30	-0.99	54.30	54.38	11141	67	         -0.29	          0.63	55.50	56.40	53.98	55.29	    28.45	60581780	  1.55	中成药	广东	 4.38	54.37	7029	4112	  1.71	72	5	--  	      17766.91	
="000078"	海王生物	-1.80	10.39	-0.19	10.39	10.40	312712	1501	          0.00	          4.28	10.50	10.67	10.25	10.58	   105.35	324800000	  1.07	生物制药	深圳	 3.97	10.39	175347	137365	  1.28	1878	1089	--  	      73076.79	
="600329"	中新药业	-1.81	15.15	-0.28	15.16	15.17	60533	8	          0.00	          1.13	15.40	15.40	15.03	15.43	    28.24	91761536	  1.47	中成药	天津	 2.40	15.16	38163	22370	  1.71	55	62	--  	      53343.37	
="600895"	张江高科	-1.84	8.54	-0.16	8.53	8.54	298204	28	          0.00	          1.93	8.70	8.82	8.50	8.70	    63.02	257235968	  0.87	园区开发	上海	 3.68	8.63	152824	145380	  1.05	546	1124	--  	     154868.95	
="002690"	美亚光电	-1.87	46.23	-0.88	46.23	46.25	9914	39	          0.00	          0.89	46.98	47.28	46.01	47.11	    60.57	46006644	  0.66	专用机械	安徽	 2.70	46.40	7304	2610	  2.80	92	5	--  	      11095.95	
="000429"	粤高速Ａ	-1.91	4.10	-0.08	4.10	4.11	109714	244	          0.00	          2.34	4.19	4.20	4.07	4.18	    12.84	45242728	  1.24	路桥	广东	 3.11	4.12	71213	38501	  1.85	2534	678	--  	      46788.23	
="300042"	朗科科技	-1.93	17.31	-0.34	17.31	17.32	30219	77	          0.28	          4.12	17.70	17.79	17.13	17.65	    84.42	52410060	  1.04	电脑设备	深圳	 3.74	17.34	18441	11778	  1.57	60	14	--  	       7327.91	
="600336"	澳柯玛	-1.95	6.03	-0.12	6.03	6.04	222640	3	          0.16	          3.27	6.15	6.16	6.00	6.15	    33.58	134912880	  1.39	家用电器	山东	 2.60	6.06	140721	81919	  1.72	649	84	--  	      68007.20	
="002369"	卓翼科技	-2.06	11.88	-0.25	11.87	11.88	180683	1221	          0.00	          5.15	12.13	12.18	11.68	12.13	    75.87	214915440	  1.16	通信设备	深圳	 4.12	11.89	102762	77921	  1.32	550	505	--  	      35093.60	
="000685"	中山公用	-2.07	13.75	-0.29	13.75	13.76	300991	2188	          0.29	          4.59	14.00	14.19	13.70	14.04	    16.00	418109344	  1.53	水务	广东	 3.49	13.89	202242	98749	  2.05	151	112	--  	      65505.55	
="000652"	泰达股份	-2.11	5.58	-0.12	5.58	5.59	262201	1793	          0.00	          1.79	5.68	5.76	5.51	5.70	--  	146754832	  0.90	综合类	天津	 4.39	5.60	151875	110326	  1.38	870	892	--  	     146567.00	
="000816"	江淮动力	-2.12	6.47	-0.14	6.46	6.47	331885	1731	         -0.15	          3.05	6.69	6.69	6.40	6.61	   163.42	215257952	  1.04	机械基件	江苏	 4.39	6.49	178795	153090	  1.17	1628	1402	--  	     108877.75	
="002253"	川大智胜	-2.12	33.68	-0.73	33.66	33.68	48475	165	          0.14	          3.85	34.92	35.58	33.34	34.41	   191.12	166110544	  1.00	软件服务	四川	 6.51	34.27	26650	21825	  1.22	101	104	--  	      12585.73	
="002162"	斯米克	-2.13	8.73	-0.19	8.73	8.74	308834	2901	          0.00	          7.39	8.82	9.08	8.64	8.92	   376.42	272064704	  1.90	陶瓷	上海	 4.93	8.81	163624	145210	  1.13	254	312	--  	      41800.00	
="002650"	加加食品	-2.17	12.65	-0.28	12.65	12.66	68862	329	          0.00	          3.07	12.86	13.04	12.45	12.93	    38.49	87640112	  0.76	食品	湖南	 4.56	12.73	46492	22370	  2.08	385	166	--  	      22439.23	
="600354"	敦煌种业	-2.20	7.56	-0.17	7.55	7.56	127059	36	          0.13	          2.84	7.70	7.80	7.53	7.73	--  	96816896	  1.23	种植业	甘肃	 3.49	7.62	70071	56988	  1.23	301	399	--  	      44780.21	
="300030"	阳普医疗	-2.20	14.21	-0.32	14.21	14.22	83232	754	          0.14	          3.45	14.47	14.68	14.00	14.53	    77.53	118833680	  1.07	医疗保健	广东	 4.68	14.28	50364	32868	  1.53	255	250	--  	      24106.39	
="300306"	远方光电	-2.21	32.37	-0.73	32.36	32.37	8878	53	         -0.36	          2.39	33.10	33.66	32.01	33.10	    47.79	28919900	  1.32	电器仪表	浙江	 4.98	32.57	5641	3237	  1.74	15	16	--  	       3707.95	
="601177"	杭齿前进	-2.21	8.84	-0.20	8.84	8.85	96760	26	         -0.11	          2.42	8.98	9.07	8.73	9.04	    86.33	85882456	  0.91	机械基件	浙江	 3.76	8.88	54091	42669	  1.27	4	344	--  	      40006.00	
="000928"	中钢国际	-2.27	11.20	-0.26	11.19	11.20	67324	1159	          0.08	          2.38	11.49	11.56	10.96	11.46	--  	75189504	  1.72	建筑施工	吉林	 5.24	11.17	41051	26273	  1.56	176	819	--  	      28289.90	
="000752"	西藏发展	-2.27	13.76	-0.32	13.76	13.77	134127	1675	          0.07	          5.09	14.01	14.30	13.61	14.08	   200.63	185874944	  0.93	啤酒	西藏	 4.90	13.86	79256	54871	  1.44	308	510	--  	      26375.01	
="600897"	厦门空港	-2.38	21.29	-0.52	21.29	21.30	72341	11	          0.04	          2.43	22.00	22.20	21.26	21.81	    13.33	156859808	  0.69	机场	福建	 4.31	21.68	39731	32610	  1.22	330	88	--  	      29781.00	
="002035"	华帝股份	-2.54	13.03	-0.34	13.02	13.03	44684	727	         -0.07	          1.51	13.33	13.33	12.97	13.37	    17.37	58403188	  0.62	家用电器	广东	 2.69	13.07	24735	19949	  1.24	796	104	--  	      29677.21	
="600125"	铁龙物流	-2.61	7.46	-0.20	7.45	7.46	373300	27	         -0.26	          2.86	7.60	7.74	7.40	7.66	    27.51	280169120	  0.74	铁路	辽宁	 4.44	7.51	205674	167626	  1.23	1048	82	--  	     130552.18	
="600138"	中青旅	-2.63	16.31	-0.44	16.31	16.32	184161	101	          0.00	          2.96	16.70	16.70	16.01	16.75	    29.41	300926496	  1.15	旅游服务	北京	 4.12	16.34	118746	65415	  1.82	207	202	--  	      62302.50	
="300275"	梅安森	-2.71	21.16	-0.59	21.08	21.16	53655	356	          0.76	          6.11	21.64	22.67	20.57	21.75	    75.55	114449448	  1.96	软件服务	重庆	 9.66	21.33	31668	21987	  1.44	10	48	--  	       8783.59	
="000902"	新洋丰	-2.73	13.91	-0.39	13.90	13.91	77602	705	         -0.07	          3.01	14.35	14.35	13.86	14.30	    14.59	108440384	  1.00	农药化肥	湖北	 3.43	13.97	42605	34997	  1.22	375	12	--  	      25800.00	
="002230"	科大讯飞	-2.78	29.72	-0.85	29.71	29.72	186487	1225	          0.13	          3.22	30.87	30.89	29.37	30.57	    90.19	557440896	  1.41	软件服务	安徽	 4.97	29.89	104147	82340	  1.26	72	759	--  	      57848.67	
="002144"	宏达高科	-2.81	21.42	-0.62	21.41	21.42	83799	756	         -0.04	          6.13	22.04	22.32	20.20	22.04	    29.86	181632576	  1.50	纺织	浙江	 9.62	21.67	48036	35763	  1.34	251	14	--  	      13679.36	
="000545"	金浦钛业	-2.94	13.85	-0.42	13.85	13.86	82646	976	         -0.07	          5.29	14.28	14.28	13.72	14.27	    93.04	115085944	  0.94	化工原料	吉林	 3.92	13.93	49747	32899	  1.51	2572	66	--  	      15637.36	
="002036"	宜科科技	-3.03	9.92	-0.31	9.91	9.92	79347	410	          0.40	          4.01	10.15	10.29	9.78	10.23	   137.38	79157240	  0.67	服饰	浙江	 4.99	9.98	47809	31538	  1.52	382	573	--  	      19791.78	
="300138"	晨光生物	-3.05	12.07	-0.38	12.06	12.07	59455	649	         -0.16	          4.72	12.32	12.50	11.91	12.45	   126.96	72489200	  0.69	食品	河北	 4.74	12.19	36211	23244	  1.56	319	608	--  	      12608.41	
="002046"	轴研科技	-3.20	10.59	-0.35	10.59	10.60	182100	1407	          0.00	          5.35	10.92	10.98	10.50	10.94	   243.21	194251520	  1.07	机械基件	河南	 4.39	10.67	97106	84994	  1.14	1773	659	--  	      34056.60	
="600728"	佳都科技	-3.25	15.48	-0.52	15.47	15.48	154596	15	          0.38	          4.26	16.10	16.22	15.22	16.00	   498.01	241318368	  1.29	软件服务	广东	 6.25	15.61	102675	51921	  1.98	31	527	--  	      36280.03	
="002251"	步 步 高	-3.32	17.18	-0.59	17.18	17.19	185458	1663	          1.11	          3.41	17.70	17.73	16.79	17.77	    22.92	317675648	  1.27	超市连锁	湖南	 5.29	17.13	116104	69354	  1.67	83	148	--  	      54401.89	
="600810"	神马股份	-3.42	7.62	-0.27	7.60	7.61	136247	19	          0.39	          3.08	7.99	8.00	7.56	7.89	    32.30	104856528	  2.21	化纤	河南	 5.58	7.70	86842	49405	  1.76	291	12	--  	      44228.00	
="300203"	聚光科技	-3.49	21.02	-0.76	21.02	21.03	78276	504	         -0.23	          1.76	21.79	21.86	20.57	21.78	    63.79	164811872	  0.90	电器仪表	浙江	 5.92	21.06	49290	28986	  1.70	133	108	--  	      44500.00	
="600800"	天津磁卡	-3.55	7.61	-0.28	7.60	7.61	283687	96	          0.00	          4.65	7.85	7.94	7.56	7.89	--  	217576384	  0.83	综合类	天津	 4.82	7.67	164601	119086	  1.38	216	892	--  	      61031.10	
="002168"	深圳惠程	-3.60	9.91	-0.37	9.91	9.92	399230	3931	         -0.20	          7.03	10.24	10.45	9.87	10.28	--  	400960480	  1.24	电气设备	深圳	 5.64	10.04	259607	139623	  1.86	610	1862	--  	      56803.58	
="002220"	天宝股份	-4.01	7.90	-0.33	7.89	7.90	160893	2144	         -0.37	          4.13	8.20	8.20	7.80	8.23	    21.32	127261160	  3.21	食品	辽宁	 4.86	7.91	89610	71283	  1.26	366	4961	--  	      38948.12	
="002316"	键桥通讯	-4.20	11.62	-0.51	11.62	11.63	108481	579	         -0.17	          2.76	12.13	12.17	11.48	12.13	   764.54	126865664	  1.88	软件服务	深圳	 5.69	11.69	69411	39070	  1.78	377	200	--  	      39267.76	
="600707"	彩虹股份	-4.37	10.94	-0.50	10.93	10.94	252290	50	         -0.54	          3.43	11.42	11.47	10.71	11.44	--  	278247584	  0.91	元器件	陕西	 6.64	11.03	147561	104729	  1.41	8	110	--  	      73471.77	
数据来源:通达信
