代码	名称	涨幅%%	现价	涨跌	买价	卖价	总量	现量	涨速%%	换手%%	今开	最高	最低	昨收	市盈(动)	总金额	量比	细分行业	地区	振幅%%	均价	内盘	外盘	内外比	买量	卖量	未匹配量	流通股本(万)	
="600695"	大江股份	10.04	8.00	0.73	8.00	--  	160193	15	0.00	          4.86	7.20	8.00	7.15	7.27	--  	122163144	  2.38	食品	上海	11.69	7.63	77596	82596	  0.94	33639	0	--  	      32957.28	
="600241"	时代万恒	10.02	9.11	0.83	9.11	--  	1079	9	0.00	          0.06	9.11	9.11	9.11	8.28	--  	982814	  0.03	商贸代理	辽宁	0.00	9.11	1058	20	 52.90	76902	0	--  	      18020.00	
="002323"	中联电气	10.02	24.15	2.20	24.15	--  	1708	7	0.00	          0.20	24.15	24.15	24.15	21.95	   144.04	4124385	  0.09	电气设备	江苏	0.00	24.15	1344	363	  3.70	44989	0	--  	       8350.16	
="600547"	山东黄金	8.21	27.03	2.05	27.04	27.05	768776	32	0.07	          5.40	26.05	27.20	25.63	24.98	    48.78	2020495616	  1.37	黄金	山东	6.29	26.28	365687	403088	  0.91	50	1	--  	     142307.23	
="000501"	鄂武商Ａ	7.97	16.94	1.25	16.94	16.95	143413	1465	-0.35	          2.83	15.74	17.05	15.74	15.69	    13.30	234568976	  1.18	百货	湖北	8.35	16.36	62392	81020	  0.77	263	901	--  	      50718.42	
="601857"	中国石油	7.27	12.69	0.86	12.69	12.70	3513150	1188	0.23	          0.22	11.76	12.90	11.65	11.83	    18.14	4311178752	  1.32	石油开采	北京	10.57	12.27	1687337	1825812	  0.92	78	2594	--  	   16192208.00	
="600268"	国电南自	7.06	8.34	0.55	8.34	8.35	490571	5	0.12	          7.72	7.83	8.56	7.69	7.79	--  	396324672	  2.94	电气设备	江苏	11.17	8.08	230646	259924	  0.89	28	1714	--  	      63524.64	
="600826"	兰生股份	6.79	22.18	1.41	22.16	22.19	145477	1	0.09	          3.46	20.80	22.55	20.79	20.77	   136.74	317111936	  3.70	商贸代理	上海	8.47	21.80	60457	85020	  0.71	24	33	--  	      42064.23	
="600015"	华夏银行	6.23	12.96	0.76	12.94	12.95	2016475	454	0.62	          3.11	12.28	12.98	12.10	12.20	     6.57	2527002624	  1.17	银行	北京	7.21	12.53	918651	1097824	  0.84	2021	80	--  	     648768.69	
="601398"	工商银行	6.03	4.92	0.28	4.93	4.94	7928434	4043	0.20	          0.30	4.68	4.98	4.64	4.64	     5.92	3797531392	  1.10	银行	北京	7.33	4.79	3576235	4352198	  0.82	7107	34180	--  	   26670016.00	
="600511"	国药股份	5.00	33.17	1.58	33.18	33.19	119970	152	0.24	          4.32	31.65	33.46	31.65	31.59	    31.78	394211328	  1.94	医药商业	北京	5.73	32.86	56680	63289	  0.90	73	14	--  	      27764.33	
="600094"	大名城	4.92	9.81	0.46	9.81	9.82	107579	300	0.30	          0.82	9.30	9.82	9.26	9.35	   268.51	103141160	  1.23	区域地产	上海	5.99	9.59	43593	63986	  0.68	36	198	--  	     131283.69	
="000899"	赣能股份	4.84	7.37	0.34	7.37	7.38	171335	1326	0.00	          3.09	7.05	7.50	7.05	7.03	    12.69	125640392	  1.25	火力发电	江西	6.40	7.33	65696	105639	  0.62	227	890	--  	      55518.16	
="000537"	广宇发展	4.80	8.51	0.39	8.50	8.51	213713	1268	0.11	          4.17	8.10	8.55	8.00	8.12	    13.31	178416608	  1.41	区域地产	天津	6.77	8.35	90820	122892	  0.74	2562	2208	--  	      51271.33	
="002385"	大北农	4.74	15.92	0.72	15.92	15.93	804052	3652	0.06	          8.54	15.60	16.29	15.60	15.20	    44.63	1286435840	  3.41	饲料	北京	4.54	16.00	352382	451670	  0.78	2156	318	--  	      94184.88	
="002672"	东江环保	4.66	37.47	1.67	37.47	37.48	29195	198	0.05	          2.31	36.15	38.32	36.15	35.80	    49.70	109425536	  1.67	环境保护	广东	6.06	37.48	12015	17179	  0.70	53	1	--  	      12657.33	
="002271"	东方雨虹	4.65	38.69	1.72	38.69	38.70	44263	415	0.05	          2.03	37.07	39.58	36.97	36.97	    28.17	171296640	  1.26	其他建材	北京	7.06	38.70	20117	24145	  0.83	75	246	--  	      21825.31	
="002155"	辰州矿业	4.52	11.09	0.48	11.08	11.09	388591	2806	0.18	          3.90	11.00	11.15	10.76	10.61	    80.43	426275840	  1.20	黄金	湖南	3.68	10.97	184030	204560	  0.90	2532	2236	--  	      99608.52	
="600036"	招商银行	4.51	15.30	0.66	15.30	15.32	3470441	584	-0.13	          1.68	14.80	15.47	14.59	14.64	     6.32	5208894976	  1.08	银行	深圳	6.01	15.01	1612008	1858432	  0.87	699	1353	--  	    2062894.50	
="600028"	中国石化	4.43	6.60	0.28	6.59	6.60	5068505	495	-0.30	          0.55	6.31	6.70	6.24	6.32	    11.44	3275543040	  1.17	石油加工	北京	7.28	6.46	2302329	2766175	  0.83	7242	1047	--  	    9276696.00	
="600489"	中金黄金	4.31	12.83	0.53	12.82	12.83	1207257	163	0.00	          4.10	12.70	12.93	12.46	12.30	    72.05	1530535552	  1.22	黄金	北京	3.82	12.68	590471	616786	  0.96	1918	12	--  	     294322.88	
="600697"	欧亚集团	4.30	26.95	1.11	27.00	27.10	49024	1	-0.55	          3.16	25.85	27.55	25.85	25.84	    17.36	130890584	  1.48	百货	吉林	6.58	26.70	22010	27013	  0.81	49	22	--  	      15515.59	
="600660"	福耀玻璃	4.29	13.86	0.57	13.85	13.86	458197	74	0.14	          2.29	13.30	13.87	13.18	13.29	    13.21	628584832	  1.50	汽车配件	福建	5.19	13.72	231754	226442	  1.02	846	234	--  	     200298.64	
="600761"	安徽合力	4.03	14.70	0.57	14.70	14.71	119675	20	-0.13	          1.94	14.28	14.78	14.20	14.13	    14.05	174303504	  1.13	工程机械	安徽	4.10	14.56	49825	69849	  0.71	155	182	--  	      61681.73	
="601010"	文峰股份	4.03	10.33	0.40	10.31	10.32	111197	77	0.29	          1.50	9.91	10.35	9.91	9.93	    17.62	113669224	  1.63	超市连锁	江苏	4.43	10.22	48484	62712	  0.77	50	321	--  	      73920.00	
="600638"	新黄浦	3.99	17.98	0.69	17.98	18.00	213264	101	0.05	          3.80	17.32	18.18	17.32	17.29	   102.23	381453824	  1.64	区域地产	上海	4.97	17.89	66027	147236	  0.45	51	1356	--  	      56116.39	
="603128"	华贸物流	3.89	14.70	0.55	14.71	14.72	72848	93	0.00	          4.55	14.23	14.99	14.22	14.15	    55.16	107043712	  1.75	仓储物流	上海	5.44	14.69	34785	38062	  0.91	12	51	--  	      16000.00	
="000488"	晨鸣纸业	3.86	6.72	0.25	6.71	6.72	659666	6603	0.00	          5.97	6.70	6.86	6.61	6.47	    28.60	443086720	  2.35	造纸	山东	3.86	6.72	335959	323706	  1.04	3733	939	--  	     110503.72	
="601888"	中国国旅	3.85	46.93	1.74	46.92	46.93	54099	14	-0.06	          0.55	45.35	47.50	44.75	45.19	    28.82	249819024	  1.33	旅游服务	北京	6.09	46.18	25224	28875	  0.87	12	21	--  	      97623.77	
="600612"	老凤祥	3.77	34.97	1.27	34.96	34.97	20138	1	0.00	          0.64	34.19	35.19	33.85	33.70	    18.91	69983152	  1.10	服饰	上海	3.98	34.75	9189	10949	  0.84	27	62	--  	      31710.96	
="002200"	云投生态	3.77	17.91	0.65	17.91	17.92	39653	613	0.05	          3.68	17.27	18.65	17.27	17.26	--  	70805696	  2.58	环境保护	云南	8.00	17.86	16414	23238	  0.71	265	104	--  	      10782.91	
="600805"	悦达投资	3.71	12.29	0.44	12.29	12.30	291659	527	-0.16	          3.43	11.84	12.35	11.83	11.85	    10.45	356144704	  1.04	综合类	江苏	4.39	12.21	127709	163950	  0.78	436	512	--  	      84920.21	
="000690"	宝新能源	3.67	6.50	0.23	6.49	6.50	392560	2359	0.15	          2.29	6.27	6.54	6.25	6.27	    10.10	253620416	  1.18	火力发电	广东	4.63	6.46	203783	188776	  1.08	3852	4311	--  	     171265.66	
="600196"	复星医药	3.63	22.29	0.78	22.29	22.30	398416	23	0.08	          2.09	21.63	22.53	21.48	21.51	    24.54	881188352	  1.35	化学制药	上海	4.88	22.12	192689	205727	  0.94	99	925	--  	     190439.23	
="600054"	黄山旅游	3.59	16.16	0.56	16.17	16.18	88219	15	0.12	          7.50	15.60	16.20	15.53	15.60	    26.75	140605584	  2.87	旅游景点	安徽	4.29	15.94	33747	54471	  0.62	34	340	--  	      11762.00	
="000417"	合肥百货	3.53	7.92	0.27	7.91	7.92	159858	979	0.89	          2.05	7.66	8.00	7.59	7.65	    16.04	124715552	  1.09	百货	安徽	5.36	7.80	79660	80197	  0.99	798	402	--  	      77859.75	
="000533"	万 家 乐	3.42	5.14	0.17	5.13	5.14	201531	1359	0.19	          2.94	4.97	5.16	4.96	4.97	    30.35	102514920	  1.15	家用电器	广东	4.02	5.09	81436	120094	  0.68	427	1908	--  	      68487.71	
="600141"	兴发集团	3.33	14.91	0.48	14.90	14.92	112535	125	0.33	          2.77	14.47	14.96	14.43	14.43	    12.41	165936000	  1.10	化工原料	湖北	3.67	14.75	52598	59936	  0.88	860	257	--  	      40687.71	
="000530"	大冷股份	3.31	12.19	0.39	12.19	12.20	68803	1805	0.00	          3.19	11.83	12.22	11.75	11.80	    33.25	83027240	  0.64	机械基件	辽宁	3.98	12.07	33328	35474	  0.94	76	658	--  	      21579.34	
="600377"	宁沪高速	3.30	7.19	0.23	7.19	7.20	161128	1	0.41	          0.42	6.93	7.20	6.92	6.96	    13.14	114042192	  1.46	路桥	江苏	4.02	7.08	84059	77068	  1.09	1000	1064	--  	     379798.13	
="000713"	丰乐种业	3.29	11.00	0.35	10.98	11.00	110417	5658	0.54	          3.69	10.66	11.01	10.61	10.65	--  	120044840	  1.06	种植业	安徽	3.76	10.87	51182	59235	  0.86	904	2936	--  	      29887.35	
="600089"	特变电工	3.26	13.29	0.42	13.29	13.30	1379304	161	-0.07	          4.36	12.95	13.41	12.87	12.87	    23.41	1811701120	  1.20	电气设备	新疆	4.20	13.13	660666	718637	  0.92	2143	5271	--  	     316591.31	
="002024"	苏宁云商	3.19	9.38	0.29	9.37	9.38	1894239	22687	0.21	          3.83	9.12	9.43	9.10	9.09	--  	1763195264	  1.34	电器连锁	江苏	3.63	9.31	878323	1015915	  0.86	13674	6445	--  	     494071.41	
="600066"	宇通客车	3.16	25.45	0.78	25.45	25.46	102607	2	0.23	          0.82	24.90	25.65	24.67	24.67	    25.02	259597200	  0.72	汽车整车	河南	3.97	25.30	48982	53624	  0.91	21	69	--  	     124421.64	
="000063"	中兴通讯	3.14	19.68	0.60	19.68	19.69	896216	8513	-0.05	          3.20	19.40	19.86	19.13	19.08	    27.70	1748863616	  1.18	通信设备	深圳	3.83	19.51	436840	459375	  0.95	83	889	--  	     280129.03	
="600009"	上海机场	3.12	19.82	0.60	19.81	19.82	161575	35	0.10	          1.48	19.22	19.83	19.00	19.22	    18.14	315811360	  1.05	机场	上海	4.32	19.55	63570	98004	  0.65	46	16	--  	     109347.64	
="000723"	美锦能源	3.02	8.20	0.24	8.20	8.21	129194	1521	0.12	          6.63	7.95	8.32	7.91	7.96	   507.09	105971824	  1.76	焦炭加工	山西	5.15	8.20	53072	76122	  0.70	2366	1446	--  	      19486.41	
="601098"	中南传媒	3.00	18.54	0.54	18.54	18.55	254036	3	0.16	          1.41	18.00	18.73	17.82	18.00	    26.76	465867616	  1.37	出版业	湖南	5.06	18.34	121485	132550	  0.92	13	736	--  	     179600.00	
="000957"	中通客车	2.95	15.03	0.43	15.02	15.03	83137	1126	-0.06	          3.49	14.57	15.15	14.55	14.60	     9.68	123667448	  0.91	汽车整车	山东	4.11	14.88	43496	39641	  1.10	126	497	--  	      23847.91	
="600060"	海信电器	2.82	12.39	0.34	12.39	12.40	432705	12	0.40	          3.31	12.05	12.41	11.95	12.05	    13.23	528253120	  0.90	家用电器	山东	3.82	12.21	214389	218315	  0.98	839	3403	--  	     130848.13	
="002233"	塔牌集团	2.78	9.61	0.26	9.60	9.61	90938	649	0.00	          1.64	9.35	9.61	9.34	9.35	    13.06	86510648	  0.90	水泥	广东	2.89	9.51	43866	47072	  0.93	336	318	--  	      55565.60	
="600143"	金发科技	2.70	6.85	0.18	6.84	6.85	420153	281	0.29	          1.64	6.72	6.85	6.67	6.67	    28.80	284830336	  0.82	塑料	广东	2.70	6.78	225759	194394	  1.16	677	4732	--  	     256000.00	
="000572"	海马汽车	2.67	5.38	0.14	5.37	5.38	253063	1699	0.00	          1.54	5.22	5.40	5.22	5.24	    42.03	134802480	  0.72	汽车整车	海南	3.44	5.33	119490	133572	  0.89	3253	2687	--  	     164205.73	
="600596"	新安股份	2.67	10.77	0.28	10.77	10.78	211875	26	0.09	          3.12	10.49	10.85	10.44	10.49	    58.11	226305872	  1.33	农药化肥	浙江	3.91	10.68	95592	116283	  0.82	98	327	--  	      67918.46	
="601607"	上海医药	2.66	17.00	0.44	16.99	17.00	261580	46	0.05	          1.36	16.58	17.09	16.58	16.56	    17.93	442551136	  1.18	医药商业	上海	3.08	16.92	132292	129288	  1.02	516	10	--  	     192293.50	
="300070"	碧水源	2.61	36.55	0.93	36.55	36.56	173503	1037	-0.02	          2.68	36.30	37.87	36.30	35.62	   175.66	641026304	  1.43	环境保护	北京	4.41	36.95	84820	88682	  0.96	487	145	--  	      64693.33	
="002242"	九阳股份	2.60	12.25	0.31	12.24	12.25	159071	1941	0.08	          2.09	11.93	12.31	11.87	11.94	    16.15	193852272	  1.43	家用电器	山东	3.69	12.19	67289	91781	  0.73	48	136	--  	      76095.00	
="000799"	酒 鬼 酒	2.53	16.19	0.40	16.19	16.20	124256	1293	0.06	          5.54	15.79	16.20	15.62	15.79	--  	198457584	  0.91	白酒	湖南	3.67	15.97	62241	62014	  1.00	353	1493	--  	      22420.16	
="002431"	棕榈园林	2.48	21.45	0.52	21.44	21.45	94336	1017	0.28	          3.73	21.25	21.50	21.05	20.93	    30.76	201306992	  1.65	建筑施工	广东	2.15	21.34	43520	50816	  0.86	882	386	--  	      25304.64	
="000498"	山东路桥	2.43	5.47	0.13	5.47	5.48	329888	1631	0.00	          9.31	5.27	5.65	5.25	5.34	    32.62	181630976	  0.83	建筑施工	山东	7.49	5.51	157741	172146	  0.92	3596	3553	--  	      35417.01	
="000826"	桑德环境	2.35	30.00	0.69	29.99	30.00	242989	1883	0.00	          2.90	29.31	30.58	29.15	29.31	    37.06	730838144	  1.52	环境保护	湖北	4.88	30.08	116597	126392	  0.92	117	925	--  	      83933.35	
="002033"	丽江旅游	2.25	15.94	0.35	15.94	15.95	83803	534	-0.12	          3.94	15.60	16.10	15.58	15.59	    20.72	132221504	  2.20	旅游景点	云南	3.34	15.78	40298	43505	  0.93	118	168	--  	      21294.63	
="000731"	四川美丰	2.23	9.16	0.20	9.15	9.16	164137	1005	0.10	          2.78	9.15	9.25	9.03	8.96	--  	150032416	  0.78	农药化肥	四川	2.46	9.14	80330	83807	  0.96	1235	2172	--  	      59134.76	
="000040"	宝安地产	2.22	6.45	0.14	6.44	6.45	40012	132	0.15	          0.86	6.35	6.52	6.32	6.31	   158.75	25818426	  0.69	全国地产	深圳	3.17	6.45	17638	22374	  0.79	403	359	--  	      46443.83	
="002226"	江南化工	2.21	12.50	0.27	12.49	12.50	95135	1400	0.24	          2.41	12.27	12.55	12.22	12.23	    23.52	117987048	  1.33	化工原料	安徽	2.70	12.40	47169	47966	  0.98	2003	1774	--  	      39550.44	
="600106"	重庆路桥	2.12	5.78	0.12	5.77	5.78	316963	470	0.17	          3.49	5.60	5.80	5.59	5.66	    20.31	180977248	  1.08	路桥	重庆	3.71	5.71	156352	160610	  0.97	3007	1970	--  	      90774.20	
="000619"	海螺型材	2.12	9.17	0.19	9.17	9.18	65783	540	-0.10	          1.83	8.89	9.21	8.86	8.98	    24.13	60018768	  0.70	其他建材	安徽	3.90	9.12	32016	33767	  0.95	405	86	--  	      36000.00	
="600105"	永鼎股份	2.10	9.22	0.19	9.21	9.22	137800	18	-0.10	          3.62	9.00	9.26	8.92	9.03	    20.79	125576072	  0.77	通信设备	江苏	3.77	9.11	65730	72069	  0.91	304	147	--  	      38095.46	
="600467"	好当家	2.01	6.61	0.13	6.61	6.62	267127	32	-0.15	          3.66	6.50	6.63	6.46	6.48	   164.10	175408032	  1.52	渔业	山东	2.62	6.57	125130	141996	  0.88	753	6441	--  	      73049.71	
="000999"	华润三九	1.97	23.80	0.46	23.79	23.80	104257	2949	0.12	          1.07	23.40	23.88	23.20	23.34	    22.15	246041664	  1.17	中成药	深圳	2.91	23.60	52829	51428	  1.03	65	9	--  	      97774.22	
="000869"	张  裕Ａ	1.96	34.85	0.67	34.85	34.86	44001	305	-0.05	          0.97	34.23	34.96	34.05	34.18	    22.42	151740272	  1.19	红黄药酒	山东	2.66	34.49	25341	18659	  1.36	24	29	--  	      45346.07	
="300262"	巴安水务	1.91	20.27	0.38	20.27	20.28	85085	659	0.00	          5.41	20.66	20.85	20.05	19.89	    64.65	172951504	  1.52	环境保护	上海	4.02	20.33	40551	44534	  0.91	182	293	--  	      15727.58	
="000538"	云南白药	1.88	65.10	1.20	65.10	65.11	86043	1050	0.16	          0.83	63.91	65.10	63.50	63.90	    26.15	556093888	  1.13	中成药	云南	2.50	64.63	42374	43669	  0.97	703	82	--  	     104136.53	
="600518"	康美药业	1.88	17.37	0.32	17.37	17.38	716237	127	0.00	          3.26	17.09	17.43	17.05	17.05	    19.12	1238075648	  1.26	中成药	广东	2.23	17.29	360798	355439	  1.02	27	2016	--  	     219871.45	
="000737"	南风化工	1.79	5.13	0.09	5.12	5.13	130469	3979	0.19	          2.38	5.05	5.14	5.02	5.04	--  	66529556	  1.63	日用化工	山西	2.38	5.10	60804	69665	  0.87	1210	1169	--  	      54873.12	
="600814"	杭州解百	1.78	8.57	0.15	8.55	8.56	56476	65	0.11	          1.82	8.43	8.57	8.35	8.42	    25.10	47959868	  0.88	百货	浙江	2.61	8.49	24300	32176	  0.76	784	3	--  	      31038.30	
="002392"	北京利尔	1.77	13.80	0.24	13.80	13.81	205588	4587	0.21	          8.20	13.65	13.88	13.54	13.56	    31.54	282248608	  1.10	其他建材	北京	2.51	13.73	103052	102536	  1.01	577	905	--  	      25068.18	
="000729"	燕京啤酒	1.73	8.24	0.14	8.24	8.25	196183	3159	-0.24	          0.78	8.13	8.28	8.10	8.10	    18.96	160692080	  0.91	啤酒	北京	2.22	8.19	124981	71202	  1.76	535	118	--  	     250045.17	
="600723"	首商股份	1.72	8.30	0.14	8.30	8.31	92321	233	0.00	          1.40	8.18	8.32	8.13	8.16	    19.59	76205088	  0.72	百货	北京	2.33	8.25	44320	48001	  0.92	567	234	--  	      65722.45	
="000404"	华意压缩	1.71	7.72	0.13	7.72	7.73	165435	1682	0.00	          3.34	7.59	7.74	7.54	7.59	    20.13	126917384	  0.81	专用机械	江西	2.64	7.67	80553	84882	  0.95	841	830	--  	      49550.89	
="600614"	鼎立股份	1.67	15.23	0.25	15.22	15.23	113188	6	0.26	          2.53	14.98	15.30	14.85	14.98	   366.01	170602304	  0.80	综合类	上海	3.00	15.07	52530	60657	  0.87	52	12	--  	      44675.94	
="600309"	万华化学	1.65	22.78	0.37	22.79	22.80	475560	10	-0.04	          2.20	22.40	22.95	22.12	22.41	    17.61	1070791232	  1.21	化工原料	山东	3.70	22.52	246690	228869	  1.08	212	325	--  	     216233.45	
="600690"	青岛海尔	1.58	20.62	0.32	20.62	20.63	310839	18	0.04	          1.14	20.45	20.69	20.12	20.30	    11.17	636136128	  0.86	家用电器	山东	2.81	20.47	150256	160583	  0.94	18	294	--  	     273684.13	
="600535"	天士力	1.56	43.04	0.66	43.04	43.05	132625	2	0.09	          1.28	42.38	43.35	42.02	42.38	    29.24	569948480	  1.48	中成药	天津	3.14	42.97	64537	68088	  0.95	228	19	--  	     103284.27	
="600804"	鹏博士	1.56	20.87	0.32	20.87	20.88	665619	16	-0.33	          4.96	20.50	21.11	20.23	20.55	    51.59	1377629568	  1.51	电信运营	四川	4.28	20.70	321212	344406	  0.93	630	27	--  	     134194.16	
="002254"	泰和新材	1.53	12.60	0.19	12.60	12.61	208803	2852	0.39	          4.10	12.42	12.88	12.31	12.41	    38.05	262371232	  1.68	化纤	山东	4.59	12.57	111141	97661	  1.14	998	708	--  	      50882.21	
="600778"	友好集团	1.42	10.00	0.14	10.00	10.01	84469	53	0.10	          2.72	9.81	10.05	9.81	9.86	    29.08	84052296	  0.86	百货	新疆	2.43	9.95	43530	40938	  1.06	2047	86	--  	      31031.28	
="000581"	威孚高科	1.41	30.20	0.42	30.19	30.20	160149	920	-0.03	          2.36	29.83	30.45	29.75	29.78	    18.64	482711200	  1.09	汽车配件	江苏	2.35	30.14	75802	84347	  0.90	6	961	--  	      67848.32	
="000651"	格力电器	1.39	43.92	0.60	43.91	43.92	357793	3162	0.02	          1.20	44.00	44.20	42.68	43.32	    10.08	1563758080	  1.08	家用电器	广东	3.51	43.71	184600	173192	  1.07	1217	402	--  	     298621.16	
="002239"	金 飞 达	1.37	6.65	0.09	6.65	6.66	250144	2719	0.00	          5.93	6.52	6.84	6.42	6.56	   272.68	165786592	  1.14	服饰	江苏	6.40	6.63	126588	123556	  1.02	61	2328	--  	      42210.00	
="600267"	海正药业	1.27	17.59	0.22	17.59	17.60	200638	1	0.11	          2.39	17.41	17.83	17.25	17.37	    56.10	352583520	  1.84	化学制药	浙江	3.34	17.57	111516	89121	  1.25	102	385	--  	      83970.90	
="600085"	同仁堂	1.24	23.68	0.29	23.68	23.69	130005	7	0.21	          0.99	23.42	23.69	23.01	23.39	    40.19	304922176	  1.19	中成药	北京	2.91	23.45	74624	55380	  1.35	193	16	--  	     131123.06	
="000669"	金鸿能源	1.20	27.80	0.33	27.79	27.80	19338	111	0.14	          0.85	27.49	28.20	27.27	27.47	    43.09	53630604	  1.18	供气供热	吉林	3.39	27.73	9046	10291	  0.88	5	89	--  	      22855.91	
="002028"	思源电气	1.16	14.80	0.17	14.80	14.81	430099	4000	0.13	          9.22	14.64	14.87	14.38	14.63	    21.18	627880064	  1.47	电气设备	上海	3.35	14.60	214415	215684	  0.99	452	902	--  	      46646.76	
="002372"	伟星新材	1.07	17.93	0.19	17.93	17.94	26088	255	0.11	          0.68	17.79	17.98	17.51	17.74	    21.01	46485016	  0.51	其他建材	浙江	2.65	17.82	10173	15914	  0.64	57	265	--  	      38494.82	
="000058"	深 赛 格	1.00	7.04	0.07	7.04	7.05	164055	1411	0.14	          3.05	6.96	7.10	6.93	6.97	    88.94	114759200	  1.41	元器件	深圳	2.44	7.00	89964	74091	  1.21	36	2162	--  	      53831.10	
="600998"	九州通	0.93	19.53	0.18	19.52	19.53	266613	609	0.41	          1.88	19.39	19.85	19.00	19.35	    81.38	515962400	  1.42	医药商业	湖北	4.39	19.35	146163	120450	  1.21	64	33	--  	     142051.56	
="300015"	爱尔眼科	0.88	33.09	0.29	33.09	33.10	101563	495	0.51	          1.94	33.00	33.70	32.38	32.80	    63.62	334196096	  1.60	医疗保健	湖南	4.02	32.91	54611	46951	  1.16	15	39	--  	      52327.30	
="600312"	平高电气	0.80	18.85	0.15	18.86	18.87	430450	53	0.26	          5.26	19.00	19.19	18.35	18.70	    37.81	807348480	  0.98	电气设备	河南	4.49	18.76	220641	209809	  1.05	144	303	--  	      81896.61	
="600195"	中牧股份	0.75	17.45	0.13	17.45	17.46	125927	8	0.17	          2.93	17.32	17.57	17.20	17.32	    23.55	218970944	  1.11	饲料	北京	2.14	17.39	66675	59252	  1.13	2139	119	--  	      42980.00	
="002394"	联发股份	0.73	12.49	0.09	12.49	12.50	155156	1364	0.24	          4.79	12.45	12.75	12.25	12.40	    17.41	193228192	  0.89	纺织	江苏	4.03	12.45	88703	66453	  1.33	332	543	--  	      32370.00	
="002005"	德豪润达	0.70	8.61	0.06	8.61	8.62	518863	12335	0.23	          4.45	8.58	8.68	8.47	8.55	   127.99	444863648	  1.38	家用电器	广东	2.46	8.57	261899	256963	  1.02	309	2313	--  	     116470.65	
="000665"	湖北广电	0.70	14.37	0.10	14.37	14.38	37645	443	0.06	          1.98	14.28	14.56	14.13	14.27	    52.42	54054060	  1.78	影视音像	湖北	3.01	14.36	15500	22145	  0.70	214	502	--  	      18995.71	
="002481"	双塔食品	0.68	17.87	0.12	17.86	17.87	50371	346	0.39	          1.34	17.74	18.36	17.50	17.75	    60.60	90406368	  1.69	食品	山东	4.85	17.95	19510	30861	  0.63	431	213	--  	      37455.17	
="600890"	中房股份	0.59	8.46	0.05	8.45	8.46	40515	112	0.00	          0.70	8.54	8.54	8.33	8.41	--  	34178336	  0.95	区域地产	北京	2.50	8.44	21575	18939	  1.14	101	3	--  	      57919.48	
="002056"	横店东磁	0.59	23.69	0.14	23.69	23.70	101244	759	0.08	          2.46	23.70	23.93	23.40	23.55	    27.87	239443568	  1.73	元器件	浙江	2.25	23.65	57852	43391	  1.33	619	191	--  	      41081.51	
="300255"	常山药业	0.35	34.70	0.12	34.70	34.71	28866	529	0.57	          2.23	34.66	35.25	34.10	34.58	    67.59	100000136	  2.00	生物制药	河北	3.33	34.64	15364	13502	  1.14	39	6	--  	      12945.29	
="002543"	万和电气	0.24	12.70	0.03	12.70	12.71	83490	702	0.07	          2.62	12.62	12.95	12.51	12.67	    18.50	105998648	  0.90	家用电器	广东	3.47	12.70	43373	40116	  1.08	120	117	--  	      31872.50	
="600981"	汇鸿股份	0.00	4.21	0.00	--  	--  	0	0	0.00	          0.00	--  	--  	--  	4.21	    92.48	0	  0.00	商贸代理	江苏	0.00	4.21	0	0	--  	0	0	--  	      51610.64	
="600858"	银座股份	0.00	9.83	0.00	--  	--  	0	0	0.00	          0.00	--  	--  	--  	9.83	    19.34	0	  0.00	百货	山东	0.00	9.83	0	0	--  	0	0	--  	      51754.80	
="600749"	西藏旅游	0.00	12.18	0.00	--  	--  	0	0	0.00	          0.00	--  	--  	--  	12.18	  1161.76	0	  0.00	旅游景点	西藏	0.00	12.18	0	0	--  	0	0	--  	      18913.78	
="600575"	皖江物流	0.00	4.11	0.00	--  	--  	0	0	0.00	          0.00	--  	--  	--  	4.11	--  	0	  0.00	水运	安徽	0.00	4.11	0	0	--  	0	0	--  	     142320.00	
="600365"	通葡股份	0.00	11.38	0.00	--  	--  	0	0	0.00	          0.00	--  	--  	--  	11.38	  5686.21	0	  0.00	红黄药酒	吉林	0.00	11.38	0	0	--  	0	0	--  	      14000.00	
="600326"	西藏天路	0.00	8.74	0.00	--  	--  	0	0	0.00	          0.00	--  	--  	--  	8.74	    70.32	0	  0.00	建筑施工	西藏	0.00	8.74	0	0	--  	0	0	--  	      54720.00	
="600318"	巢东股份	0.00	11.20	0.00	--  	--  	0	0	0.00	          0.00	--  	--  	--  	11.20	    17.93	0	  0.00	水泥	安徽	0.00	11.20	0	0	--  	0	0	--  	      24200.00	
="600103"	青山纸业	0.00	3.66	0.00	--  	--  	0	0	0.00	          0.00	--  	--  	--  	3.66	   601.14	0	  0.00	造纸	福建	0.00	3.66	0	0	--  	0	0	--  	     106184.15	
="600090"	啤酒花	0.00	8.13	0.00	--  	--  	0	0	0.00	          0.00	--  	--  	--  	8.13	    36.46	0	  0.00	啤酒	新疆	0.00	8.13	0	0	--  	0	0	--  	      36791.66	
="600056"	中国医药	0.00	17.56	0.00	--  	--  	0	0	0.00	          0.00	--  	--  	--  	17.56	    31.65	0	  0.00	医药商业	北京	0.00	17.56	0	0	--  	0	0	--  	      88445.85	
="300313"	天山生物	--  	23.69	--  	--  	--  	0	0	--  	          0.00	--  	--  	--  	23.69	   258.62	0	  0.00	农业综合	新疆	0.00	23.69	0	0	--  	0	0	--  	       4177.81	
="300144"	宋城演艺	--  	30.12	--  	--  	--  	0	0	--  	          0.00	--  	--  	--  	30.12	    39.83	0	  0.00	旅游景点	浙江	0.00	30.12	0	0	--  	0	0	--  	      50614.17	
="002558"	世纪游轮	--  	31.65	--  	--  	--  	0	0	--  	          0.00	--  	--  	--  	31.65	   271.60	0	  0.00	旅游服务	重庆	0.00	31.65	0	0	--  	0	0	--  	       3244.39	
="002529"	海源机械	--  	15.03	--  	--  	--  	0	0	--  	          0.00	--  	--  	--  	15.03	--  	0	  0.00	专用机械	福建	0.00	15.03	0	0	--  	0	0	--  	      15608.25	
="002509"	天广消防	--  	12.27	--  	--  	--  	0	0	--  	          0.00	--  	--  	--  	12.27	    51.77	0	  0.00	专用机械	福建	0.00	12.27	0	0	--  	0	0	--  	      23109.89	
="002168"	深圳惠程	--  	10.13	--  	--  	--  	0	0	--  	          0.00	--  	--  	--  	10.13	--  	0	  0.00	电气设备	深圳	0.00	10.13	0	0	--  	0	0	--  	      56803.58	
="002044"	江苏三友	--  	10.04	--  	--  	--  	0	0	--  	          0.00	--  	--  	--  	10.04	    43.13	0	  0.00	服饰	江苏	0.00	10.04	0	0	--  	0	0	--  	      22410.00	
="002009"	天奇股份	--  	16.30	--  	--  	--  	0	0	--  	          0.00	--  	--  	--  	16.30	    47.89	0	  0.00	工程机械	江苏	0.00	16.30	0	0	--  	0	0	--  	      25991.22	
="002006"	*ST精功	--  	8.75	--  	--  	--  	0	0	--  	          0.00	--  	--  	--  	8.75	--  	0	  0.00	工程机械	浙江	0.00	8.75	0	0	--  	0	0	--  	      43677.89	
="000978"	桂林旅游	--  	9.63	--  	--  	--  	0	0	--  	          0.00	--  	--  	--  	9.63	--  	0	  0.00	旅游景点	广西	0.00	9.63	0	0	--  	0	0	--  	      36010.00	
="000796"	易食股份	--  	7.23	--  	--  	--  	0	0	--  	          0.00	--  	--  	--  	7.23	    95.94	0	  0.00	食品	陕西	0.00	7.23	0	0	--  	0	0	--  	      24652.30	
="000514"	渝 开 发	--  	7.08	--  	--  	--  	0	0	--  	          0.00	--  	--  	--  	7.08	    36.98	0	  0.00	区域地产	重庆	0.00	7.08	0	0	--  	0	0	--  	      84377.09	
="000860"	顺鑫农业	-0.14	20.94	-0.03	20.94	20.95	140897	1696	0.09	          3.21	21.00	21.09	20.65	20.97	    31.73	294089344	  0.95	农业综合	北京	2.10	20.87	78419	62478	  1.26	896	157	--  	      43852.50	
="603000"	人民网	-0.21	46.96	-0.10	46.96	46.98	222131	51	0.04	          9.96	47.10	47.50	45.91	47.06	   108.40	1038265280	  1.52	互联网	北京	3.38	46.74	114799	107331	  1.07	273	48	--  	      22304.55	
="300197"	铁汉生态	-0.24	16.40	-0.04	16.40	16.41	177849	1354	0.06	          6.07	16.34	16.56	16.11	16.44	    44.75	289499040	  1.40	环境保护	深圳	2.74	16.28	90872	86976	  1.04	664	235	--  	      29293.67	
="002221"	东华能源	-1.75	18.57	-0.33	18.57	18.58	116362	1462	0.10	          2.60	18.96	19.17	18.40	18.90	   211.32	218556240	  1.48	石油贸易	江苏	4.07	18.78	79077	37284	  2.12	565	783	--  	      44718.82	
数据来源:通达信
