代码	名称	涨幅%%	现价	涨跌	买价	卖价	总量	现量	涨速%%	换手%%	今开	最高	最低	昨收	市盈(动)	总金额	量比	细分行业	地区	振幅%%	均价	内盘	外盘	内外比	买量	卖量	未匹配量	流通股本(万)	
="600888"	新疆众和	8.32	8.20	0.63	8.20	8.21	278408	227	0.00	          4.34	7.56	8.32	7.54	7.57	--  	221583136	  2.27	铝	新疆	10.30	7.96	128341	150067	  0.86	1186	338	--  	      64122.58	
="600614"	鼎立股份	6.78	14.02	0.89	13.97	13.98	244148	41	-0.28	          5.46	13.01	14.15	13.01	13.13	   336.93	335550816	  1.07	综合类	上海	8.68	13.74	109195	134952	  0.81	155	174	--  	      44675.94	
="600284"	浦东建设	6.32	12.11	0.72	12.11	12.12	708621	8	0.00	         10.72	11.47	12.22	11.38	11.39	    26.50	846871424	  2.09	建筑施工	上海	7.37	11.95	322675	385946	  0.84	273	880	--  	      66104.00	
="600739"	辽宁成大	6.29	22.13	1.31	22.10	22.11	905973	7	-0.22	          6.64	20.83	22.44	20.71	20.82	    34.55	1962405632	  1.43	商贸代理	辽宁	8.31	21.66	402762	503211	  0.80	683	338	--  	     136470.98	
="000069"	华侨城Ａ	5.60	7.17	0.38	7.16	7.17	2200499	22850	0.27	          7.07	6.80	7.19	6.77	6.79	    13.90	1543937408	  1.61	旅游景点	深圳	6.19	7.02	928545	1271953	  0.73	5223	6474	--  	     311246.41	
="002221"	东华能源	5.40	16.60	0.85	16.58	16.60	65736	590	-0.06	          1.47	15.85	16.90	15.55	15.75	   188.90	108019552	  0.81	石油贸易	江苏	8.57	16.43	27239	38497	  0.71	227	213	--  	      44718.82	
="600648"	外高桥	5.39	33.43	1.71	33.43	33.45	203053	39	-0.20	          2.51	31.73	34.05	31.45	31.72	    52.19	668090880	  1.57	园区开发	上海	8.20	32.90	81651	121402	  0.67	146	281	--  	      81022.34	
="600259"	广晟有色	5.24	58.20	2.90	58.18	58.20	102254	65	0.06	          4.10	55.25	59.50	55.03	55.30	  1274.48	594101952	  0.92	小金属	海南	8.08	58.10	45806	56448	  0.81	28	274	--  	      24940.00	
="600278"	东方创业	4.94	13.18	0.62	13.17	13.18	127663	6	0.00	          2.44	12.50	13.19	12.49	12.56	    54.05	164875168	  1.14	商贸代理	上海	5.57	12.91	56182	71481	  0.79	201	52	--  	      52224.17	
="600305"	恒顺醋业	4.93	18.29	0.86	18.27	18.28	83644	13	-0.05	          3.29	17.43	18.93	17.43	17.43	    75.00	152283696	  2.93	食品	江苏	8.61	18.21	33898	49746	  0.68	14	1	--  	      25430.00	
="600641"	万业企业	4.32	6.04	0.25	6.04	6.05	276443	278	-0.16	          3.43	5.78	6.09	5.75	5.79	    13.92	164428016	  2.39	区域地产	上海	5.87	5.95	104026	172416	  0.60	433	1999	--  	      80615.88	
="600706"	曲江文旅	4.00	15.86	0.61	15.88	15.90	42298	16	0.06	          4.93	15.27	16.48	15.27	15.25	    47.08	67608544	  1.80	旅游服务	陕西	7.93	15.98	19333	22964	  0.84	36	140	--  	       8573.24	
="600036"	招商银行	3.93	15.34	0.58	15.35	15.36	4229380	382	0.26	          2.05	14.88	15.38	14.71	14.76	     6.33	6383178752	  1.00	银行	深圳	4.54	15.09	1862150	2367229	  0.79	561	6	--  	    2062894.50	
="600009"	上海机场	3.88	19.80	0.74	19.79	19.80	206392	197	-0.30	          1.89	19.00	19.89	18.91	19.06	    18.13	403527456	  0.88	机场	上海	5.14	19.55	82495	123897	  0.67	118	234	--  	     109347.64	
="600621"	华鑫股份	3.81	7.91	0.29	7.90	7.91	109365	27	0.38	          2.09	7.61	7.92	7.57	7.62	    32.93	85071296	  1.38	全国地产	上海	4.59	7.78	44551	64814	  0.69	47	767	--  	      52408.23	
="000800"	一汽轿车	3.73	16.14	0.58	16.13	16.14	436795	4003	0.06	          3.09	15.70	16.40	15.56	15.56	    79.99	701394048	  1.19	汽车整车	吉林	5.40	16.06	192480	244315	  0.79	926	476	--  	     141175.41	
="600123"	兰花科创	3.60	10.36	0.36	10.36	10.38	392010	10156	0.77	          3.43	10.00	10.40	9.93	10.00	   505.10	399277760	  0.78	煤炭开采	山西	4.70	10.19	161083	230926	  0.70	1083	1	--  	     114240.00	
="601288"	农业银行	3.59	3.46	0.12	3.45	3.46	9506749	50	0.00	          0.33	3.34	3.48	3.30	3.34	     5.53	3222118656	  0.72	银行	北京	5.39	3.39	4283330	5223418	  0.82	33674	4384	--  	   28416352.00	
="601398"	工商银行	3.59	4.62	0.16	4.62	4.63	6707735	11812	0.00	          0.25	4.47	4.64	4.45	4.46	     5.52	3048645888	  0.78	银行	北京	4.26	4.54	3337993	3369741	  0.99	801	52141	--  	   26471778.00	
="600675"	中华企业	3.39	6.40	0.21	6.39	6.40	530450	100	0.15	          2.84	6.18	6.44	6.17	6.19	    58.26	334832192	  1.22	区域地产	上海	4.36	6.31	213017	317432	  0.67	180	18	--  	     186705.94	
="600107"	美尔雅	3.36	8.92	0.29	8.95	8.96	117367	765	0.33	          3.26	8.63	8.95	8.49	8.63	--  	102415384	  1.03	服饰	湖北	5.33	8.73	51802	65564	  0.79	735	202	--  	      36000.00	
="601098"	中南传媒	3.29	17.58	0.56	17.58	17.59	202811	15	0.17	          1.13	16.99	17.69	16.84	17.02	    25.37	352443456	  1.18	出版业	湖南	4.99	17.38	85608	117202	  0.73	2	102	--  	     179600.00	
="600015"	华夏银行	3.24	12.74	0.40	12.75	12.76	3639125	778	-0.31	          5.61	12.28	12.84	12.05	12.34	     6.46	4528606720	  1.48	银行	北京	6.40	12.44	1601432	2037692	  0.79	783	3	--  	     648768.69	
="002304"	洋河股份	3.12	78.69	2.38	78.69	78.70	53637	284	0.07	          0.61	75.38	79.43	75.01	76.31	    15.95	414440992	  1.04	白酒	江苏	5.79	77.27	26593	27043	  0.98	153	181	--  	      87925.92	
="000401"	冀东水泥	3.04	12.86	0.38	12.86	12.87	240279	993	-0.07	          1.98	12.49	13.09	12.35	12.48	   626.63	307104000	  0.78	水泥	河北	5.93	12.78	95839	144440	  0.66	527	884	--  	     121233.36	
="600050"	中国联通	3.03	4.76	0.14	4.76	4.77	3902165	100	0.00	          1.84	4.62	4.87	4.59	4.62	    21.62	1853233536	  0.76	电信运营	上海	6.06	4.75	1780350	2121815	  0.84	3859	8344	--  	    2119659.75	
="600642"	申能股份	3.03	6.47	0.19	6.47	6.48	773516	1	-0.15	          1.70	6.33	6.50	6.28	6.28	    15.52	495065024	  0.73	火力发电	上海	3.50	6.40	317589	455926	  0.70	279	2992	--  	     455203.84	
="300251"	光线传媒	2.93	25.27	0.72	25.27	25.28	417201	4496	-0.03	          7.85	24.46	25.79	24.03	24.55	    97.63	1046017344	  1.08	影视音像	北京	7.17	25.07	189669	227531	  0.83	217	14	--  	      53120.28	
="601088"	中国神华	2.92	19.40	0.55	19.39	19.40	720442	43	-0.05	          0.44	18.80	19.48	18.67	18.85	     9.77	1378030464	  0.63	煤炭开采	北京	4.30	19.13	308571	411870	  0.75	913	0	--  	    1649103.75	
="601857"	中国石油	2.85	10.12	0.28	10.12	10.13	1737130	992	0.09	          0.11	9.80	10.17	9.71	9.84	    14.46	1730383744	  0.78	石油开采	北京	4.67	9.96	797854	939275	  0.85	1397	8358	--  	   16192208.00	
="600028"	中国石化	2.83	6.17	0.17	6.17	6.18	5150901	42	0.00	          0.56	6.00	6.19	5.95	6.00	    10.56	3130606336	  0.83	石油加工	北京	4.00	6.08	2463891	2687010	  0.92	443	37385	--  	    9128216.00	
="000669"	金鸿能源	2.83	29.08	0.80	29.08	29.09	72393	619	0.27	          3.17	28.62	29.64	28.29	28.28	    37.43	209522432	  1.46	供气供热	吉林	4.77	28.94	36643	35750	  1.02	72	322	--  	      22855.91	
="002092"	中泰化学	2.79	8.11	0.22	8.10	8.11	295046	2043	0.12	          2.37	7.96	8.18	7.91	7.89	    33.63	238853728	  0.89	化工原料	新疆	3.42	8.10	135735	159310	  0.85	1017	2443	--  	     124236.88	
="000937"	冀中能源	2.78	8.49	0.23	8.49	8.50	359685	1932	0.00	          1.63	8.25	8.52	8.16	8.26	   424.35	300289920	  0.74	煤炭开采	河北	4.36	8.35	145557	214128	  0.68	1807	2571	--  	     220706.56	
="601699"	潞安环能	2.78	11.83	0.32	11.82	11.83	433338	296	0.00	          1.88	11.55	11.88	11.40	11.51	    32.15	503616640	  0.66	煤炭开采	山西	4.17	11.62	187255	246083	  0.76	1766	259	--  	     230108.41	
="000792"	盐湖股份	2.76	22.35	0.60	22.35	22.36	137152	1100	0.04	          1.28	21.76	22.40	21.61	21.75	    40.84	303238144	  0.90	农药化肥	青海	3.63	22.11	61275	75877	  0.81	380	379	--  	     107353.50	
="000725"	京东方Ａ	2.72	3.40	0.09	3.39	3.40	4388685	55203	0.29	          3.81	3.32	3.40	3.31	3.31	    48.52	1477211008	  0.85	元器件	北京	2.72	3.37	1984311	2404374	  0.83	21710	193787	--  	    1150574.38	
="600823"	世茂股份	2.72	12.86	0.34	12.87	12.88	157394	81	-0.23	          1.34	12.54	12.93	12.48	12.52	    14.65	200507232	  1.00	全国地产	上海	3.59	12.74	68959	88434	  0.78	9	407	--  	     117059.53	
="000537"	广宇发展	2.69	8.01	0.21	8.00	8.01	171033	2774	0.12	          3.34	7.80	8.03	7.78	7.80	    12.52	135625776	  0.95	区域地产	天津	3.21	7.93	75238	95794	  0.79	3161	710	--  	      51271.33	
="600362"	江西铜业	2.69	17.93	0.47	17.92	17.93	362646	60	0.11	          1.75	17.46	17.96	17.38	17.46	    20.03	643764416	  0.60	铜	江西	3.32	17.75	163305	199341	  0.82	230	63	--  	     207524.73	
="601988"	中国银行	2.69	3.82	0.10	3.81	3.82	19226610	54	-0.26	          0.98	3.71	3.85	3.65	3.72	     6.98	7192386560	  0.91	银行	北京	5.38	3.74	8365079	10861531	  0.77	40775	326	--  	   19591296.00	
="000983"	西山煤电	2.58	8.35	0.21	8.35	8.36	850141	6126	0.11	          2.70	8.15	8.38	8.05	8.14	    57.60	699594560	  0.62	煤炭开采	山西	4.05	8.23	387014	463126	  0.84	10709	5425	--  	     315117.00	
="002415"	海康威视	2.58	23.10	0.58	23.09	23.10	219842	1243	0.00	          0.70	22.59	23.23	22.21	22.52	    25.68	501706272	  1.26	电器仪表	浙江	4.53	22.82	95006	124836	  0.76	95	88	--  	     315046.75	
="601666"	平煤股份	2.52	6.10	0.15	6.09	6.10	700723	818	-0.16	          2.97	5.98	6.15	5.92	5.95	   124.97	424236704	  0.86	煤炭开采	河南	3.87	6.05	358634	342089	  1.05	335	711	--  	     236116.50	
="000830"	鲁西化工	2.50	5.75	0.14	5.74	5.75	765680	2562	0.00	          5.23	5.60	5.88	5.57	5.61	    20.91	438531040	  1.15	农药化肥	山东	5.53	5.73	331777	433903	  0.76	632	3159	--  	     146398.02	
="600830"	香溢融通	2.48	11.15	0.27	11.15	11.16	256348	21	-0.26	          5.64	10.82	11.32	10.74	10.88	    56.17	284376704	  0.91	多元金融	浙江	5.33	11.09	114380	141967	  0.81	120	333	--  	      45432.26	
="600449"	宁夏建材	2.48	12.41	0.30	12.39	12.40	258317	100	0.16	          5.40	12.11	12.66	11.94	12.11	    16.00	318783488	  1.28	水泥	宁夏	5.95	12.34	121699	136617	  0.89	606	458	--  	      47818.10	
="600824"	益民集团	2.42	6.76	0.16	6.75	6.76	166596	138	0.00	          1.90	6.72	6.79	6.68	6.60	    28.37	112313032	  1.58	百货	上海	1.67	6.74	75312	91283	  0.83	235	803	--  	      87835.59	
="601101"	昊华能源	2.41	8.91	0.21	8.89	8.90	314327	68	-0.11	          2.62	8.85	9.02	8.73	8.70	    54.39	278943680	  0.91	煤炭开采	北京	3.33	8.87	150333	163993	  0.92	971	34	--  	     119999.82	
="601899"	紫金矿业	2.41	3.40	0.08	3.39	3.40	3984141	2192	0.00	          2.52	3.32	3.43	3.28	3.32	    28.03	1337208064	  0.64	黄金	福建	4.52	3.36	1863788	2120352	  0.88	26255	31826	--  	    1580380.38	
="002146"	荣盛发展	2.39	14.11	0.33	14.11	14.12	360898	2518	0.07	          2.17	13.84	14.19	13.70	13.78	     9.75	503001248	  1.03	全国地产	河北	3.56	13.94	166028	194870	  0.85	717	1487	--  	     166646.34	
="600638"	新黄浦	2.29	15.16	0.34	15.16	15.17	43501	15	0.06	          0.78	14.74	15.22	14.74	14.82	    86.19	65504692	  0.87	区域地产	上海	3.24	15.06	18789	24712	  0.76	319	155	--  	      56116.39	
="600007"	中国国贸	2.23	14.67	0.32	14.66	14.67	37808	400	0.13	          0.38	14.44	14.69	14.27	14.35	    25.83	54821412	  0.61	园区开发	北京	2.93	14.50	16940	20867	  0.81	10	10	--  	     100728.25	
="600018"	上港集团	2.17	6.58	0.14	6.58	6.59	1754413	419	0.00	          0.77	6.39	6.71	6.30	6.44	    24.00	1143004544	  0.71	港口	上海	6.37	6.52	798103	956309	  0.83	774	4961	--  	    2275518.00	
="600377"	宁沪高速	2.16	7.10	0.15	7.09	7.10	152519	70	0.00	          0.40	6.96	7.12	6.96	6.95	    12.97	107789696	  0.81	路桥	江苏	2.30	7.07	66502	86016	  0.77	1307	942	--  	     379275.53	
="600489"	中金黄金	2.14	10.51	0.22	10.51	10.52	603291	136	0.00	          2.05	10.32	10.58	10.32	10.29	    59.02	630424000	  0.69	黄金	北京	2.53	10.45	262404	340886	  0.77	163	534	--  	     294322.88	
="000926"	福星股份	2.06	9.89	0.20	9.89	9.90	282825	3119	0.00	          5.35	9.69	9.91	9.64	9.69	     9.11	276962592	  1.00	区域地产	湖北	2.79	9.79	123430	159395	  0.77	2441	3869	--  	      52853.94	
="002419"	天虹商场	2.03	13.57	0.27	13.56	13.57	99847	1479	0.29	          1.25	13.39	13.63	13.11	13.30	    23.16	134180144	  1.17	百货	深圳	3.91	13.44	43979	55868	  0.79	2	4072	--  	      80020.00	
="000726"	鲁  泰Ａ	2.00	11.24	0.22	11.24	11.25	122089	2528	0.00	          2.18	11.00	11.26	10.90	11.02	    11.35	135600736	  1.07	纺织	山东	3.27	11.11	57928	64161	  0.90	1097	2388	--  	      56110.69	
="600720"	祁连山	1.92	10.59	0.20	10.59	10.60	679823	534	0.09	          8.76	10.50	10.77	10.31	10.39	     9.71	718289920	  1.26	水泥	甘肃	4.43	10.57	314205	365617	  0.86	3335	5879	--  	      77616.27	
="000869"	张  裕Ａ	1.70	35.85	0.60	35.85	35.86	41525	915	0.13	          0.92	35.30	35.97	35.15	35.25	    23.07	147913056	  0.67	红黄药酒	山东	2.33	35.62	18769	22756	  0.82	181	30	--  	      45346.07	
="000655"	金岭矿业	1.70	8.97	0.15	8.96	8.97	67656	279	0.00	          1.14	8.83	9.04	8.81	8.82	    27.37	60357832	  0.77	普钢	山东	2.61	8.92	33947	33708	  1.01	213	406	--  	      59534.01	
="601888"	中国国旅	1.66	44.01	0.72	43.97	44.00	54104	109	0.13	          0.55	43.29	44.20	42.50	43.29	    27.02	234274400	  0.66	旅游服务	北京	3.93	43.30	24473	29631	  0.83	9	1	--  	      97623.77	
="002033"	丽江旅游	1.60	15.92	0.25	15.92	15.95	59947	666	-0.25	          3.05	15.60	16.07	15.55	15.67	    20.69	95015112	  1.44	旅游景点	云南	3.32	15.85	28704	31243	  0.92	338	130	--  	      19658.59	
="000899"	赣能股份	1.59	7.03	0.11	7.03	7.04	117275	2712	0.14	          2.11	6.95	7.09	6.95	6.92	    12.10	82177240	  0.61	火力发电	江西	2.02	7.01	54678	62597	  0.87	315	1086	--  	      55518.16	
="600309"	万华化学	1.51	22.82	0.34	22.80	22.81	341831	10	-0.26	          1.58	22.47	23.10	22.35	22.48	    17.64	778001472	  0.75	化工原料	山东	3.34	22.76	163900	177931	  0.92	97	31	--  	     216233.45	
="000758"	中色股份	1.49	14.94	0.22	14.94	14.95	508864	5048	-0.13	          5.64	14.72	15.10	14.56	14.72	   156.70	755584960	  0.91	铅锌	北京	3.67	14.85	235459	273404	  0.86	2474	1709	--  	      90156.15	
="000042"	中洲控股	1.49	14.32	0.21	14.31	14.32	53446	432	-0.06	          1.12	14.16	14.37	14.12	14.11	    16.85	76113640	  0.70	全国地产	深圳	1.77	14.24	23672	29773	  0.80	40	97	--  	      47879.07	
="000157"	中联重科	1.46	6.94	0.10	6.93	6.94	6310188	37725	0.14	         10.08	6.92	7.18	6.72	6.84	    40.10	4387810816	  1.30	工程机械	湖南	6.73	6.95	2921092	3389095	  0.86	24036	9224	--  	     626117.19	
="600252"	中恒集团	1.46	16.66	0.24	16.66	16.67	221578	3	0.12	          2.03	16.43	16.73	16.32	16.42	    19.66	365599744	  0.76	中成药	广西	2.50	16.50	122693	98885	  1.24	59	1226	--  	     109174.75	
="600688"	上海石化	1.45	4.20	0.06	4.19	4.20	1053732	794	0.00	          4.42	4.13	4.24	4.08	4.14	--  	438935744	  0.68	石油加工	上海	3.86	4.17	456152	597579	  0.76	11552	4797	--  	     238500.00	
="000690"	宝新能源	1.43	6.38	0.09	6.38	6.39	565494	8985	-0.15	          3.30	6.29	6.51	6.27	6.29	     9.92	360584672	  0.77	火力发电	广东	3.82	6.38	282143	283350	  1.00	3357	6984	--  	     171265.66	
="300202"	聚龙股份	1.40	31.08	0.43	31.07	31.08	12988	7	-0.25	          0.24	30.75	31.20	30.30	30.65	   123.55	39850312	  0.83	专用机械	辽宁	2.94	30.68	4584	8404	  0.55	32	35	--  	      54950.39	
="601339"	百隆东方	1.39	10.91	0.15	10.90	10.91	52538	15	0.18	          2.74	10.77	10.98	10.76	10.76	    15.39	56995988	  0.93	纺织	浙江	2.04	10.85	26470	26067	  1.02	79	306	--  	      19200.00	
="600059"	古越龙山	1.33	9.17	0.12	9.16	9.17	258131	51	0.10	          3.19	9.01	9.22	8.96	9.05	    77.18	235450784	  1.26	红黄药酒	浙江	2.87	9.12	127859	130272	  0.98	93	1663	--  	      80852.40	
="000422"	湖北宜化	1.32	7.67	0.10	7.67	7.68	390039	2337	0.13	          4.46	7.55	7.85	7.52	7.57	   284.14	301034016	  1.01	农药化肥	湖北	4.36	7.72	204465	185574	  1.10	219	1478	--  	      87374.47	
="601139"	深圳燃气	1.31	8.50	0.11	8.50	8.51	105798	3	0.23	          0.53	8.40	8.52	8.32	8.39	    21.67	89230192	  0.82	供气供热	深圳	2.38	8.43	46950	58848	  0.80	149	356	--  	     198045.67	
="000778"	新兴铸管	1.25	5.67	0.07	5.66	5.67	872497	17494	0.35	          2.40	5.56	5.69	5.52	5.60	    23.10	492172960	  0.63	钢加工	河北	3.04	5.64	414332	458164	  0.90	515	25948	--  	     364209.41	
="601789"	宁波建工	1.23	9.86	0.12	9.86	9.87	168934	67	0.00	          3.86	9.68	9.94	9.60	9.74	    26.29	165047280	  0.74	建筑施工	浙江	3.49	9.77	82692	86241	  0.96	181	196	--  	      43807.98	
="002032"	苏 泊 尔	1.21	17.54	0.21	17.54	17.55	8608	411	0.05	          0.25	17.26	17.54	17.22	17.33	    16.41	15038076	  0.50	家用电器	浙江	1.85	17.47	3994	4614	  0.87	61	429	--  	      33906.17	
="600067"	冠城大通	1.19	7.63	0.09	7.62	7.63	171106	15	0.13	          1.43	7.50	7.64	7.49	7.54	    20.04	129677264	  0.70	全国地产	福建	1.99	7.58	68904	102202	  0.67	605	88	--  	     119334.20	
="601877"	正泰电器	1.17	30.18	0.35	30.16	30.17	29472	91	0.00	          0.29	29.85	30.61	29.81	29.83	    17.37	89236568	  0.84	电气设备	浙江	2.68	30.28	13946	15526	  0.90	52	135	--  	     101144.64	
="000012"	南  玻Ａ	1.17	8.67	0.10	8.67	8.68	351453	4151	0.00	          2.70	8.58	8.69	8.53	8.57	    18.30	302901120	  0.79	玻璃	深圳	1.87	8.62	154835	196617	  0.79	4150	4412	--  	     130276.85	
="002064"	华峰氨纶	1.12	10.82	0.12	10.81	10.82	140191	2959	0.18	          2.10	10.69	10.85	10.62	10.70	    22.55	150993488	  0.85	化纤	浙江	2.15	10.77	64797	75393	  0.86	1351	1923	--  	      66669.71	
="000826"	桑德环境	1.09	28.65	0.31	28.64	28.65	154740	1699	0.10	          1.84	28.36	28.92	28.05	28.34	    35.39	441332896	  0.83	环境保护	湖北	3.07	28.52	71504	83236	  0.86	236	856	--  	      83933.35	
="600121"	郑州煤电	1.05	5.79	0.06	5.78	5.79	108055	10	-0.17	          1.55	5.74	5.86	5.66	5.73	--  	62279264	  0.59	煤炭开采	河南	3.49	5.76	53348	54707	  0.98	599	258	--  	      69834.40	
="000338"	潍柴动力	1.04	27.27	0.28	27.27	27.28	425687	3771	0.07	          4.07	27.20	27.55	26.71	26.99	     9.20	1157977728	  0.89	汽车配件	山东	3.11	27.20	202080	223607	  0.90	3739	325	--  	     104608.49	
="600873"	梅花生物	1.02	6.94	0.07	6.93	6.94	515377	98	0.00	          1.66	6.95	7.05	6.70	6.87	    59.64	354111584	  1.11	食品	西藏	5.09	6.87	249127	266250	  0.94	425	1736	--  	     310822.66	
="000978"	桂林旅游	0.95	9.52	0.09	9.52	9.53	80619	972	-0.20	          2.24	9.48	9.68	9.32	9.43	--  	76522360	  0.90	旅游景点	广西	3.82	9.49	34443	46175	  0.75	119	466	--  	      36010.00	
="600486"	扬农化工	0.93	31.55	0.29	31.56	31.58	132428	38	0.15	          5.13	32.50	32.50	30.70	31.26	    19.27	418828640	  1.58	农药化肥	江苏	5.76	31.63	59606	72822	  0.82	12	66	--  	      25824.91	
="600874"	创业环保	0.90	11.15	0.10	11.14	11.15	448107	260	0.26	          4.12	11.09	11.40	11.00	11.05	    46.91	499355168	  1.00	环境保护	天津	3.62	11.14	205434	242673	  0.85	780	430	--  	     108722.84	
="600690"	青岛海尔	0.86	18.66	0.16	18.64	18.65	436070	97	-0.16	          1.59	18.50	18.75	18.18	18.50	    10.11	802856000	  0.97	家用电器	山东	3.08	18.41	206440	229630	  0.90	45	15	--  	     273684.13	
="600101"	明星电力	0.84	9.65	0.08	9.65	9.66	81883	7	-0.10	          2.53	9.54	9.67	9.49	9.57	    20.55	78403248	  0.67	水力发电	四川	1.88	9.58	39855	42028	  0.95	73	157	--  	      32417.90	
="601369"	陕鼓动力	0.67	8.98	0.06	8.98	8.99	217038	44	-0.44	          1.32	8.99	9.24	8.92	8.92	    37.49	196744352	  0.81	机械基件	陕西	3.59	9.06	106209	110828	  0.96	57	37	--  	     163877.02	
="300172"	中电环保	0.64	23.77	0.15	23.76	23.77	52838	589	-0.25	          5.17	23.97	23.98	23.29	23.62	    66.21	124796208	  0.74	环境保护	江苏	2.92	23.62	26330	26507	  0.99	153	362	--  	      10224.55	
="002431"	棕榈园林	0.58	20.88	0.12	20.88	20.89	99969	1198	0.24	          3.95	20.87	21.19	20.73	20.76	    29.94	208760400	  0.94	建筑施工	广东	2.22	20.88	49627	50341	  0.99	188	66	--  	      25304.64	
="600089"	特变电工	0.55	12.72	0.07	12.72	12.73	1404333	125	0.15	          4.44	12.60	12.95	12.49	12.65	    22.41	1791341312	  0.89	电气设备	新疆	3.64	12.76	682962	721370	  0.95	1604	891	--  	     316591.31	
="601633"	长城汽车	0.52	39.03	0.20	38.99	39.05	57933	35	0.23	          0.29	38.89	39.28	38.02	38.83	    15.94	223838064	  0.79	汽车整车	河北	3.24	38.64	24077	33856	  0.71	287	5	--  	     200924.30	
="600805"	悦达投资	0.43	11.75	0.05	11.74	11.75	269670	25	-0.08	          3.18	11.67	11.80	11.60	11.70	     9.99	315732096	  1.07	综合类	江苏	1.71	11.71	131277	138393	  0.95	354	120	--  	      84920.21	
="600066"	宇通客车	0.38	21.05	0.08	21.05	21.06	146158	70	0.09	          1.17	21.00	21.24	20.60	20.97	    17.79	305983488	  1.06	汽车整车	河南	3.05	20.94	74014	72143	  1.03	508	35	--  	     124421.64	
="600581"	八一钢铁	0.35	5.69	0.02	5.68	5.69	244504	30	0.35	          3.19	5.62	5.78	5.50	5.67	--  	137733632	  0.57	普钢	新疆	4.94	5.63	120278	124226	  0.97	292	222	--  	      76644.89	
="000636"	风华高科	0.34	8.76	0.03	8.76	8.77	99055	472	0.22	          1.48	8.80	8.93	8.65	8.73	   101.36	87229384	  1.09	元器件	广东	3.21	8.81	50789	48265	  1.05	49	351	--  	      67093.63	
="600804"	鹏博士	0.33	18.36	0.06	18.35	18.36	226267	43	0.05	          1.69	18.40	18.58	18.20	18.30	    45.39	416814432	  0.71	电信运营	四川	2.08	18.42	108839	117428	  0.93	167	824	--  	     134194.16	
="600132"	重庆啤酒	0.30	16.57	0.05	16.56	16.57	58087	4	0.00	          1.20	16.50	16.61	16.47	16.52	    37.66	96038144	  1.05	啤酒	重庆	0.85	16.53	31543	26543	  1.19	47	308	--  	      48397.12	
="600740"	山西焦化	0.29	7.02	0.02	7.01	7.02	155907	154	0.14	          2.37	7.04	7.05	6.92	7.00	   195.43	109034192	  0.71	焦炭加工	山西	1.86	6.99	80204	75703	  1.06	1538	862	--  	      65683.27	
="000021"	长城开发	0.26	7.86	0.02	7.86	7.87	295338	2263	0.00	          2.01	7.84	7.91	7.72	7.84	    63.23	230830656	  0.96	电脑设备	深圳	2.42	7.82	151775	143562	  1.06	3932	4358	--  	     146981.44	
="300070"	碧水源	0.20	35.47	0.07	35.46	35.47	93075	582	-0.11	          1.44	36.00	36.19	35.11	35.40	   170.47	331239840	  0.72	环境保护	北京	3.05	35.59	44070	49004	  0.90	162	582	--  	      64693.33	
="600875"	东方电气	0.15	19.58	0.03	19.59	19.60	349404	246	-0.10	          2.10	19.51	19.88	19.19	19.55	    27.01	683290560	  0.64	电气设备	四川	3.53	19.56	182482	166921	  1.09	15	246	--  	     166386.00	
="000789"	万年青	0.15	13.31	0.02	13.30	13.31	159541	1863	-0.15	          3.90	13.23	13.50	13.16	13.29	    10.88	212582304	  0.93	水泥	江西	2.56	13.32	83242	76299	  1.09	471	571	--  	      40888.75	
="600197"	伊力特	0.08	12.22	0.01	12.22	12.23	96290	39	0.16	          2.18	12.23	12.25	12.10	12.21	    14.88	117256752	  0.65	白酒	新疆	1.23	12.18	52311	43979	  1.19	542	3	--  	      44100.00	
="600986"	科达股份	0.00	7.05	0.00	--  	--  	0	0	0.00	          0.00	--  	--  	--  	7.05	    36.88	0	  0.00	建筑施工	山东	0.00	7.05	0	0	--  	0	0	--  	      33526.96	
="600981"	汇鸿股份	0.00	4.21	0.00	--  	--  	0	0	0.00	          0.00	--  	--  	--  	4.21	    92.48	0	  0.00	商贸代理	江苏	0.00	4.21	0	0	--  	0	0	--  	      51610.64	
="600978"	宜华木业	0.00	6.19	0.00	6.18	6.19	330928	78	0.16	          2.23	6.18	6.23	6.11	6.19	    15.32	204299712	  0.66	家居用品	广东	1.94	6.17	192600	138327	  1.39	1188	43	--  	     148287.00	
="600876"	洛阳玻璃	0.00	7.24	0.00	--  	--  	0	0	0.00	          0.00	--  	--  	--  	7.24	   374.48	0	  0.00	玻璃	河南	0.00	7.24	0	0	--  	0	0	--  	      25001.82	
="600801"	华新水泥	0.00	10.42	0.00	10.40	10.42	467613	114	-0.19	          4.81	10.42	10.65	10.16	10.42	    14.35	487540736	  0.95	水泥	湖北	4.70	10.43	222153	245459	  0.91	511	756	--  	      97167.99	
="600761"	安徽合力	0.00	15.65	0.00	--  	--  	0	0	0.00	          0.00	--  	--  	--  	15.65	    14.96	0	  0.00	工程机械	安徽	0.00	15.65	0	0	--  	0	0	--  	      61681.73	
="600749"	西藏旅游	0.00	12.18	0.00	--  	--  	0	0	0.00	          0.00	--  	--  	--  	12.18	  1161.76	0	  0.00	旅游景点	西藏	0.00	12.18	0	0	--  	0	0	--  	      18913.78	
="600744"	华银电力	0.00	4.70	0.00	4.69	4.70	175403	47	0.21	          3.70	4.70	4.73	4.62	4.70	--  	82033456	  0.55	火力发电	湖南	2.34	4.68	92424	82979	  1.11	432	1470	--  	      47438.44	
="600575"	皖江物流	0.00	4.11	0.00	--  	--  	0	0	0.00	          0.00	--  	--  	--  	4.11	--  	0	  0.00	水运	安徽	0.00	4.11	0	0	--  	0	0	--  	     142320.00	
="600365"	通葡股份	0.00	11.38	0.00	--  	--  	0	0	0.00	          0.00	--  	--  	--  	11.38	  5686.21	0	  0.00	红黄药酒	吉林	0.00	11.38	0	0	--  	0	0	--  	      14000.00	
="600318"	巢东股份	0.00	11.20	0.00	--  	--  	0	0	0.00	          0.00	--  	--  	--  	11.20	    17.93	0	  0.00	水泥	安徽	0.00	11.20	0	0	--  	0	0	--  	      24200.00	
="600241"	时代万恒	0.00	8.28	0.00	--  	--  	0	0	0.00	          0.00	--  	--  	--  	8.28	--  	0	  0.00	商贸代理	辽宁	0.00	8.28	0	0	--  	0	0	--  	      18020.00	
="600105"	永鼎股份	0.00	9.86	0.00	--  	--  	0	0	0.00	          0.00	--  	--  	--  	9.86	    22.23	0	  0.00	通信设备	江苏	0.00	9.86	0	0	--  	0	0	--  	      38095.46	
="600103"	青山纸业	0.00	3.66	0.00	--  	--  	0	0	0.00	          0.00	--  	--  	--  	3.66	   601.14	0	  0.00	造纸	福建	0.00	3.66	0	0	--  	0	0	--  	     106184.15	
="600091"	ST明科	0.00	7.02	0.00	--  	--  	0	0	0.00	          0.00	--  	--  	--  	7.02	--  	0	  0.00	化工原料	内蒙	0.00	7.02	0	0	--  	0	0	--  	      33652.60	
="600090"	啤酒花	0.00	8.13	0.00	--  	--  	0	0	0.00	          0.00	--  	--  	--  	8.13	    36.46	0	  0.00	啤酒	新疆	0.00	8.13	0	0	--  	0	0	--  	      36791.66	
="300342"	天银机电	--  	17.85	--  	--  	--  	0	0	--  	          0.00	--  	--  	--  	17.85	    39.14	0	  0.00	元器件	江苏	0.00	17.85	0	0	--  	0	0	--  	       6650.00	
="300332"	天壕节能	--  	14.06	--  	--  	--  	0	0	--  	          0.00	--  	--  	--  	14.06	    40.57	0	  0.00	环境保护	北京	0.00	14.06	0	0	--  	0	0	--  	      22666.75	
="300313"	天山生物	--  	23.69	--  	--  	--  	0	0	--  	          0.00	--  	--  	--  	23.69	   258.62	0	  0.00	农业综合	新疆	0.00	23.69	0	0	--  	0	0	--  	       4177.81	
="300144"	宋城演艺	--  	30.12	--  	--  	--  	0	0	--  	          0.00	--  	--  	--  	30.12	    39.83	0	  0.00	旅游景点	浙江	0.00	30.12	0	0	--  	0	0	--  	      19553.75	
="002608"	舜天船舶	--  	12.79	--  	--  	--  	0	0	--  	          0.00	--  	--  	--  	12.79	    86.27	0	  0.00	船舶	江苏	0.00	12.79	0	0	--  	0	0	--  	      32855.16	
="002558"	世纪游轮	--  	31.65	--  	--  	--  	0	0	--  	          0.00	--  	--  	--  	31.65	   271.60	0	  0.00	旅游服务	重庆	0.00	31.65	0	0	--  	0	0	--  	       3244.39	
="002529"	海源机械	--  	15.03	--  	--  	--  	0	0	--  	          0.00	--  	--  	--  	15.03	--  	0	  0.00	专用机械	福建	0.00	15.03	0	0	--  	0	0	--  	      15608.25	
="002509"	天广消防	--  	12.27	--  	--  	--  	0	0	--  	          0.00	--  	--  	--  	12.27	    51.77	0	  0.00	专用机械	福建	0.00	12.27	0	0	--  	0	0	--  	      23109.89	
="002324"	普利特	--  	19.90	--  	--  	--  	0	0	--  	          0.00	--  	--  	--  	19.90	    26.33	0	  0.00	塑料	上海	0.00	19.90	0	0	--  	0	0	--  	      15582.66	
="002323"	中联电气	--  	21.95	--  	--  	--  	0	0	--  	          0.00	--  	--  	--  	21.95	   130.92	0	  0.00	电气设备	江苏	0.00	21.95	0	0	--  	0	0	--  	       8350.16	
="002168"	深圳惠程	--  	10.13	--  	--  	--  	0	0	--  	          0.00	--  	--  	--  	10.13	--  	0	  0.00	电气设备	深圳	0.00	10.13	0	0	--  	0	0	--  	      56803.58	
="002155"	辰州矿业	--  	9.91	--  	--  	--  	0	0	--  	          0.00	--  	--  	--  	9.91	    71.87	0	  0.00	黄金	湖南	0.00	9.91	0	0	--  	0	0	--  	      99608.52	
="002044"	江苏三友	--  	10.04	--  	--  	--  	0	0	--  	          0.00	--  	--  	--  	10.04	    43.13	0	  0.00	服饰	江苏	0.00	10.04	0	0	--  	0	0	--  	      22410.00	
="002009"	天奇股份	--  	16.30	--  	--  	--  	0	0	--  	          0.00	--  	--  	--  	16.30	    47.89	0	  0.00	工程机械	江苏	0.00	16.30	0	0	--  	0	0	--  	      25991.22	
="002006"	*ST精功	--  	8.75	--  	--  	--  	0	0	--  	          0.00	--  	--  	--  	8.75	--  	0	  0.00	工程机械	浙江	0.00	8.75	0	0	--  	0	0	--  	      43677.89	
="000796"	易食股份	--  	7.23	--  	--  	--  	0	0	--  	          0.00	--  	--  	--  	7.23	    95.94	0	  0.00	食品	陕西	0.00	7.23	0	0	--  	0	0	--  	      24652.30	
="000729"	燕京啤酒	0.00	7.75	0.00	7.75	7.76	247170	1569	0.00	          0.99	7.63	7.78	7.59	7.75	    17.82	189855984	  0.99	啤酒	北京	2.45	7.68	111802	135368	  0.83	636	3657	--  	     249943.92	
="000627"	天茂集团	--  	4.10	--  	--  	--  	0	0	--  	          0.00	--  	--  	--  	4.10	    28.37	0	  0.00	化工原料	湖北	0.00	4.10	0	0	--  	0	0	--  	     135358.98	
="000533"	万 家 乐	--  	5.97	--  	--  	--  	0	0	--  	          0.00	--  	--  	--  	5.97	    35.25	0	  0.00	家用电器	广东	0.00	5.97	0	0	--  	0	0	--  	      68487.71	
="000514"	渝 开 发	--  	7.08	--  	--  	--  	0	0	--  	          0.00	--  	--  	--  	7.08	    36.98	0	  0.00	区域地产	重庆	0.00	7.08	0	0	--  	0	0	--  	      84377.09	
="000498"	山东路桥	--  	4.64	--  	--  	--  	0	0	--  	          0.00	--  	--  	--  	4.64	    27.67	0	  0.00	建筑施工	山东	0.00	4.64	0	0	--  	0	0	--  	      35417.01	
="000488"	晨鸣纸业	--  	6.15	--  	--  	--  	0	0	--  	          0.00	--  	--  	--  	6.15	    26.18	0	  0.00	造纸	山东	0.00	6.15	0	0	--  	0	0	--  	     110503.72	
="601928"	凤凰传媒	-0.09	11.67	-0.01	11.66	11.70	355133	104	-0.17	          5.01	11.65	11.82	11.51	11.68	    30.33	414688448	  0.97	出版业	江苏	2.65	11.68	165921	189212	  0.88	386	972	--  	      70878.35	
="000538"	云南白药	-0.10	58.65	-0.06	58.65	58.66	71805	872	-0.10	          0.69	58.71	59.02	58.01	58.71	    23.56	420118336	  0.57	中成药	云南	1.72	58.51	35414	36390	  0.97	472	191	--  	     104136.53	
="600348"	阳泉煤业	-0.11	9.18	-0.01	9.18	9.19	746531	318	0.00	          3.10	9.10	9.34	8.91	9.19	    39.20	682554816	  0.73	煤炭开采	山西	4.68	9.14	348566	397964	  0.88	684	2166	--  	     240500.00	
="600511"	国药股份	-0.13	30.84	-0.04	30.82	30.87	14917	129	-0.06	          0.54	30.91	31.30	30.20	30.88	    29.54	46041320	  0.46	医药商业	北京	3.56	30.86	7794	7123	  1.09	1	9	--  	      27764.33	
="603128"	华贸物流	-0.27	14.98	-0.04	15.01	15.02	52553	5	0.00	          3.28	15.02	15.35	14.80	15.02	    56.21	79057904	  0.61	仓储物流	上海	3.66	15.04	27050	25502	  1.06	16	65	--  	      16000.00	
="000063"	中兴通讯	-0.27	18.37	-0.05	18.36	18.37	821310	9313	-0.21	          2.93	18.45	18.54	18.06	18.42	    25.86	1503593856	  0.83	通信设备	深圳	2.61	18.31	414443	406867	  1.02	1092	1885	--  	     280129.03	
="600195"	中牧股份	-0.36	16.44	-0.06	16.44	16.45	90641	5	0.06	          2.11	16.52	16.63	16.38	16.50	    22.19	149050400	  1.02	饲料	北京	1.52	16.44	44807	45834	  0.98	59	249	--  	      42980.00	
="002344"	海宁皮城	-0.39	15.32	-0.06	15.32	15.33	97829	1258	-0.26	          0.89	15.30	15.50	15.02	15.38	    16.29	149485728	  0.66	商品城	浙江	3.12	15.28	43869	53959	  0.81	480	186	--  	     109970.96	
="000703"	恒逸石化	-0.46	8.69	-0.04	8.69	8.70	216275	2876	0.34	          1.87	8.73	8.80	8.51	8.73	   614.56	187367328	  0.63	化纤	广西	3.32	8.66	125388	90887	  1.38	563	930	--  	     115358.77	
="600718"	东软集团	-0.47	16.92	-0.08	16.91	16.92	359959	183	0.05	          2.93	17.00	17.06	16.67	17.00	    72.70	606800448	  0.84	软件服务	辽宁	2.29	16.86	183195	176764	  1.04	257	235	--  	     122759.42	
="600199"	金种子酒	-0.51	11.76	-0.06	11.75	11.76	224815	346	0.25	          4.05	11.75	11.88	11.61	11.82	    87.14	264060272	  0.55	白酒	安徽	2.28	11.75	126404	98410	  1.28	391	20	--  	      55577.50	
="601933"	永辉超市	-0.56	8.83	-0.05	8.83	8.84	404356	23	0.00	          1.32	8.93	8.93	8.71	8.88	    33.21	355606912	  0.91	超市连锁	福建	2.48	8.79	191768	212588	  0.90	1871	1099	--  	     307160.00	
="600280"	中央商场	-0.59	13.49	-0.08	13.49	13.50	45950	25	-0.07	          0.80	13.75	13.75	13.26	13.57	    11.75	61825168	  0.58	百货	江苏	3.61	13.45	23067	22883	  1.01	64	1838	--  	      57416.73	
="002646"	青青稞酒	-0.66	21.16	-0.14	21.15	21.16	73659	1041	0.09	          1.64	21.32	21.38	20.83	21.30	    26.41	155674176	  0.81	白酒	青海	2.58	21.13	38777	34882	  1.11	108	81	--  	      45000.00	
="601238"	广汽集团	-0.68	8.72	-0.06	8.72	8.73	177298	15	-0.11	          2.93	8.82	8.82	8.63	8.78	    18.52	154319680	  1.06	汽车整车	广东	2.16	8.70	97002	80296	  1.21	375	300	--  	      60431.64	
="600326"	西藏天路	-0.74	9.34	-0.07	9.37	9.38	332931	85	0.43	          6.08	9.41	9.79	9.22	9.41	    75.15	316407584	  0.73	建筑施工	西藏	6.06	9.50	171489	161442	  1.06	120	206	--  	      54720.00	
="600779"	水井坊	-0.77	10.31	-0.08	10.30	10.31	152495	13	0.58	          5.16	10.34	10.38	10.18	10.39	--  	156672400	  0.68	白酒	四川	1.92	10.27	76153	76341	  1.00	442	31	--  	      29532.34	
="603001"	奥康国际	-0.82	18.19	-0.15	18.07	18.35	24912	644	0.49	          2.13	18.37	18.37	18.01	18.34	    29.48	45122596	  0.58	服饰	浙江	1.96	18.11	14194	10717	  1.32	47	84	--  	      11694.90	
="000598"	兴蓉投资	-0.88	7.88	-0.07	7.88	7.89	1624445	13142	-0.25	          9.39	7.93	8.16	7.83	7.95	    26.23	1293482368	  0.78	环境保护	四川	4.15	7.96	790281	834163	  0.95	14017	4326	--  	     173051.20	
="600618"	氯碱化工	-1.09	9.98	-0.11	9.97	9.98	109999	26	0.00	          1.47	9.92	10.18	9.85	10.09	--  	109505344	  0.65	化工原料	上海	3.27	9.96	57104	52895	  1.08	227	117	--  	      74984.00	
="600583"	海油工程	-1.18	10.88	-0.13	10.87	10.88	2006941	70	-0.45	          4.96	10.93	11.02	10.69	11.01	    13.92	2180151040	  0.61	石油开采	天津	3.00	10.86	952422	1054518	  0.90	636	397	--  	     404901.41	
="600058"	五矿发展	-1.20	16.51	-0.20	16.50	16.51	437013	5	-0.24	          4.08	16.59	17.17	16.49	16.71	    75.12	732534976	  1.15	商贸代理	北京	4.07	16.76	210913	226100	  0.93	320	45	--  	     107191.07	
="600143"	金发科技	-1.30	6.82	-0.09	6.81	6.82	775479	11	-0.29	          3.03	6.91	6.93	6.76	6.91	    28.68	531381216	  0.78	塑料	广东	2.46	6.85	378440	397039	  0.95	1769	1878	--  	     256000.00	
="000888"	峨眉山Ａ	-1.71	19.50	-0.34	19.50	19.51	35251	238	-0.05	          1.44	19.76	19.79	19.38	19.84	    27.27	68816688	  1.45	旅游景点	四川	2.07	19.52	22112	13138	  1.68	110	67	--  	      24431.98	
="000799"	酒 鬼 酒	-1.87	15.25	-0.29	15.25	15.26	143840	2154	-0.06	          6.42	15.53	15.53	15.09	15.54	--  	219926496	  0.72	白酒	湖南	2.83	15.29	80273	63566	  1.26	1045	849	--  	      22420.16	
="300262"	巴安水务	-2.06	19.97	-0.42	19.97	19.98	100077	1670	0.10	          6.36	20.55	20.58	19.85	20.39	    63.69	201165632	  0.65	环境保护	上海	3.58	20.10	58759	41318	  1.42	221	554	--  	      15727.58	
="600277"	亿利能源	-4.57	9.39	-0.45	9.38	9.39	1023389	252	0.00	          4.90	9.70	9.75	9.25	9.84	    38.77	962478144	  1.59	化工原料	内蒙	5.08	9.40	521460	501929	  1.04	2194	804	--  	     208958.95	
="002255"	海陆重工	-7.13	16.03	-1.23	16.03	16.04	426793	4655	-0.12	         21.49	16.66	17.39	16.00	17.26	    61.31	706881152	  1.72	专用机械	江苏	8.05	16.56	166151	260641	  0.64	3221	1707	--  	      19860.33	
数据来源:通达信
