代码	名称	涨幅%%	现价	涨跌	买价	卖价	总量	现量	涨速%%	换手%%	今开	最高	最低	昨收	市盈(动)	总金额	量比	细分行业	地区	振幅%%	均价	内盘	外盘	内外比	买量	卖量	未匹配量	流通股本(万)	
="600107"	美尔雅	9.95	9.28	0.84	9.28	--  	493191	6	0.00	         13.70	8.68	9.28	8.68	8.44	--  	453696416	  5.35	服饰	湖北	7.11	9.20	248468	244723	  1.02	17340	0	--  	      36000.00	
="600778"	友好集团	8.75	10.19	0.82	10.19	10.20	453122	178	-0.58	         14.60	9.82	10.31	9.70	9.37	    29.64	455460192	  4.00	百货	新疆	6.51	10.05	199471	253651	  0.79	1152	144	--  	      31031.28	
="600489"	中金黄金	6.61	12.42	0.77	12.40	12.41	1967912	741	0.00	          6.69	11.80	12.82	11.80	11.65	    69.75	2444971776	  1.90	黄金	北京	8.76	12.42	931549	1036362	  0.90	3982	34	--  	     294322.88	
="000899"	赣能股份	6.60	7.59	0.47	7.59	7.60	438254	6442	0.13	          7.89	7.10	7.83	7.03	7.12	    13.07	324965312	  2.59	火力发电	江西	11.24	7.41	186171	252083	  0.74	2876	4330	--  	      55518.16	
="601857"	中国石油	5.99	12.39	0.70	12.38	12.39	3292583	276	0.89	          0.20	11.50	12.42	11.43	11.69	    17.71	3900463872	  1.06	石油开采	北京	8.47	11.85	1602744	1689839	  0.95	185	238	--  	   16192208.00	
="601369"	陕鼓动力	5.96	9.78	0.55	9.77	9.78	456938	335	0.10	          2.79	9.25	9.90	9.14	9.23	    40.83	435681632	  2.19	机械基件	陕西	8.23	9.53	201030	255908	  0.79	243	10	--  	     163877.02	
="000488"	晨鸣纸业	5.16	6.73	0.33	6.73	6.74	676629	10174	0.59	          6.12	6.41	6.79	6.37	6.40	    28.65	448440320	  1.68	造纸	山东	6.56	6.63	284747	391881	  0.73	5357	2021	--  	     110503.72	
="600230"	沧州大化	4.96	12.28	0.58	12.28	12.29	204589	94	0.00	          6.95	11.70	12.63	11.52	11.70	--  	247669728	  2.54	农药化肥	河北	9.49	12.11	96582	108007	  0.89	705	935	--  	      29418.82	
="002237"	恒邦股份	4.61	17.70	0.78	17.70	17.71	253326	1707	-0.05	          6.33	17.10	18.50	17.08	16.92	    25.73	449917600	  2.43	黄金	山东	8.39	17.76	114492	138834	  0.82	1725	593	--  	      40015.00	
="002155"	辰州矿业	4.51	11.35	0.49	11.35	11.36	664111	4018	-0.08	          6.67	10.90	11.89	10.89	10.86	    82.31	756326720	  1.17	黄金	湖南	9.21	11.39	310357	353754	  0.88	998	767	--  	      99608.52	
="000935"	四川双马	4.12	7.59	0.30	7.59	7.60	269068	3670	0.13	         14.24	7.28	7.75	7.21	7.29	   134.52	202000240	  1.61	水泥	四川	7.41	7.51	119680	149388	  0.80	1840	1283	--  	      18890.02	
="600335"	国机汽车	4.10	20.32	0.80	20.33	20.34	97866	9	-0.24	          1.75	19.41	21.00	19.05	19.52	    15.29	198774624	  1.28	汽车配件	天津	9.99	20.31	42221	55645	  0.76	2	46	--  	      56000.46	
="600050"	中国联通	3.68	5.36	0.19	5.36	5.37	6156267	22	0.75	          2.90	5.11	5.40	5.09	5.17	    24.35	3246405632	  1.10	电信运营	上海	6.00	5.27	3195151	2961115	  1.08	1263	14358	--  	    2119659.75	
="600695"	大江股份	3.40	7.61	0.25	7.62	7.63	103559	22	0.00	          3.14	7.38	7.74	7.26	7.36	--  	77522776	  2.20	食品	上海	6.52	7.49	42519	61039	  0.70	60	484	--  	      32957.28	
="000792"	盐湖股份	3.02	24.23	0.71	24.23	24.24	260083	3636	0.12	          2.42	23.40	24.44	23.21	23.52	    44.27	624749952	  1.63	农药化肥	青海	5.23	24.02	116897	143185	  0.82	822	411	--  	     107353.50	
="600612"	老凤祥	2.81	33.98	0.93	33.95	33.96	32606	3	0.17	          1.03	33.23	34.96	33.00	33.05	    18.38	110967184	  1.25	服饰	上海	5.93	34.03	16507	16099	  1.03	19	19	--  	      31710.96	
="600747"	大连控股	2.74	6.75	0.18	6.74	6.75	324892	5	-0.29	          3.05	6.62	6.82	6.58	6.57	--  	218342096	  1.22	元器件	辽宁	3.65	6.72	131894	192997	  0.68	952	1340	--  	     106432.84	
="000537"	广宇发展	2.60	9.09	0.23	9.08	9.09	298329	4445	0.22	          5.82	8.77	9.22	8.65	8.86	    14.21	269156640	  0.78	区域地产	天津	6.43	9.02	138457	159872	  0.87	259	1445	--  	      51271.33	
="600888"	新疆众和	2.48	8.28	0.20	8.28	8.29	243712	57	0.72	          3.80	8.08	8.32	8.02	8.08	--  	200510368	  1.13	铝	新疆	3.71	8.23	111766	131945	  0.85	513	1069	--  	      64122.58	
="600295"	鄂尔多斯	2.35	9.59	0.22	9.59	9.60	113715	70	0.00	          1.86	9.45	9.70	9.38	9.37	    28.02	108488704	  1.11	服饰	内蒙	3.42	9.54	51666	62049	  0.83	16	2179	--  	      61200.00	
="600278"	东方创业	2.32	13.21	0.30	13.21	13.22	105544	10	0.07	          2.02	12.90	13.34	12.84	12.91	    54.18	138996256	  1.01	商贸代理	上海	3.87	13.17	46778	58765	  0.80	8015	420	--  	      52224.17	
="600066"	宇通客车	2.23	24.26	0.53	24.26	24.27	245306	109	-0.36	          1.97	23.88	25.00	23.73	23.73	    23.85	596923776	  0.91	汽车整车	河南	5.35	24.33	130702	114604	  1.14	163	17	--  	     124421.64	
="000655"	金岭矿业	2.11	9.69	0.20	9.68	9.69	191443	1506	-0.10	          3.22	9.58	10.02	9.50	9.49	    29.57	187522608	  1.81	普钢	山东	5.48	9.80	85296	106146	  0.80	294	146	--  	      59534.01	
="600723"	首商股份	2.04	8.50	0.17	8.50	8.51	125643	9	0.11	          1.91	8.30	8.55	8.25	8.33	    20.06	105710144	  1.25	百货	北京	3.60	8.41	55083	70560	  0.78	52	1550	--  	      65722.45	
="600779"	水井坊	1.98	10.29	0.20	10.29	10.30	157713	261	0.29	          5.34	10.05	10.30	10.01	10.09	--  	160691488	  0.89	白酒	四川	2.87	10.19	69069	88644	  0.78	97	2451	--  	      29532.34	
="002195"	海隆软件	1.97	46.18	0.89	46.18	46.19	13609	493	1.05	          2.32	45.29	46.18	44.29	45.29	   320.20	61464848	  1.42	软件服务	上海	4.17	45.16	5713	7896	  0.72	51	39	--  	       5871.68	
="600824"	益民集团	1.89	7.02	0.13	7.02	7.03	268354	60	0.14	          3.06	6.85	7.04	6.81	6.89	    29.46	186688128	  1.55	百货	上海	3.34	6.96	122015	146339	  0.83	643	4643	--  	      87835.59	
="600416"	湘电股份	1.83	12.22	0.22	12.20	12.21	114282	14	0.16	          1.88	11.98	12.30	11.95	12.00	   168.08	139184672	  0.93	电气设备	湖南	2.92	12.18	50357	63925	  0.79	416	77	--  	      60848.44	
="601928"	凤凰传媒	1.69	11.41	0.19	11.40	11.41	551300	768	0.17	          7.78	11.68	11.87	11.32	11.22	    29.65	637262144	  1.58	出版业	江苏	4.90	11.56	262889	288410	  0.91	724	19	--  	      70878.35	
="600675"	中华企业	1.63	6.84	0.11	6.84	6.85	474087	427	0.14	          2.54	6.73	6.86	6.63	6.73	    62.26	319964448	  0.53	区域地产	上海	3.42	6.75	250211	223875	  1.12	482	613	--  	     186705.94	
="000572"	海马汽车	1.62	5.63	0.09	5.63	5.64	423370	30153	1.25	          2.58	5.50	5.63	5.44	5.54	    43.98	233629616	  0.96	汽车整车	海南	3.43	5.52	208591	214779	  0.97	5923	5313	--  	     164205.73	
="000957"	中通客车	1.48	15.73	0.23	15.72	15.73	180615	3349	0.19	          7.57	15.39	15.95	15.22	15.50	    10.14	282302112	  1.22	汽车整车	山东	4.71	15.63	94981	85633	  1.11	133	25	--  	      23847.91	
="000157"	中联重科	1.44	7.05	0.10	7.05	7.06	1969432	33146	0.14	          3.15	6.97	7.12	6.96	6.95	    40.73	1384515328	  0.64	工程机械	湖南	2.30	7.03	928957	1040474	  0.89	8907	21824	--  	     626117.19	
="000011"	深物业A	1.44	9.89	0.14	9.88	9.89	97934	759	0.10	          5.57	9.69	10.00	9.68	9.75	    13.68	96674792	  0.70	区域地产	深圳	3.28	9.87	50321	47613	  1.06	243	197	--  	      17586.25	
="600614"	鼎立股份	1.39	13.90	0.19	13.90	13.91	125653	13	0.00	          2.81	13.67	13.91	13.50	13.71	   334.05	172829136	  0.78	综合类	上海	2.99	13.75	56293	69359	  0.81	56	234	--  	      44675.94	
="600618"	氯碱化工	1.38	10.25	0.14	10.23	10.24	111845	12	0.09	          1.49	10.00	10.30	9.96	10.11	--  	113825984	  0.95	化工原料	上海	3.36	10.18	54870	56975	  0.96	210	92	--  	      74984.00	
="600688"	上海石化	1.33	4.57	0.06	4.56	4.57	1484175	20	0.21	          6.22	4.46	4.64	4.38	4.51	--  	665766144	  0.76	石油加工	上海	5.76	4.49	682629	801545	  0.85	4659	1379	--  	     238500.00	
="002064"	华峰氨纶	1.32	11.52	0.15	11.51	11.52	240974	2877	0.00	          3.61	11.30	11.68	11.22	11.37	    24.01	276824352	  1.07	化纤	浙江	4.05	11.49	114237	126736	  0.90	705	779	--  	      66669.71	
="000042"	中洲控股	1.28	15.03	0.19	15.02	15.03	54786	258	0.13	          1.14	14.83	15.31	14.68	14.84	    17.69	82146400	  0.45	全国地产	深圳	4.25	14.99	25327	29459	  0.86	164	336	--  	      47879.07	
="600616"	金枫酒业	1.25	9.72	0.12	9.72	9.73	132275	54	0.10	          3.02	9.60	9.73	9.50	9.60	    56.00	127528712	  0.86	红黄药酒	上海	2.40	9.64	62931	69344	  0.91	397	40	--  	      43867.14	
="000830"	鲁西化工	1.25	5.68	0.07	5.68	5.69	439356	4862	0.00	          3.00	5.58	5.69	5.49	5.61	    20.65	246465136	  0.92	农药化肥	山东	3.57	5.61	235049	204307	  1.15	2883	5012	--  	     146398.02	
="600467"	好当家	1.22	6.63	0.08	6.62	6.63	276226	910	0.00	          3.78	6.61	6.76	6.56	6.55	   164.59	183851232	  1.80	渔业	山东	3.05	6.66	128560	147666	  0.87	963	20	--  	      73049.71	
="600596"	新安股份	1.20	10.96	0.13	10.96	10.97	262694	24	0.18	          3.87	10.78	11.08	10.64	10.83	    59.14	285153344	  1.57	农药化肥	浙江	4.06	10.85	120540	142154	  0.85	280	218	--  	      67918.46	
="600284"	浦东建设	1.10	11.93	0.13	11.92	11.93	243098	163	0.25	          3.68	11.79	12.04	11.70	11.80	    26.11	288717792	  0.71	建筑施工	上海	2.88	11.88	127254	115844	  1.10	53	278	--  	      66104.00	
="000723"	美锦能源	0.98	8.25	0.08	8.25	8.26	126687	1807	0.00	          6.50	8.07	8.28	8.01	8.17	   510.19	103433960	  0.80	焦炭加工	山西	3.30	8.16	65628	61058	  1.07	472	1387	--  	      19486.41	
="600729"	重庆百货	0.95	26.67	0.25	26.66	26.67	107688	206	0.00	          2.89	26.45	27.00	26.08	26.42	    16.75	287193728	  0.71	百货	重庆	3.48	26.67	52405	55283	  0.95	8	115	--  	      37231.14	
="601666"	平煤股份	0.93	6.50	0.06	6.50	6.51	573311	683	0.46	          2.43	6.33	6.53	6.28	6.44	   133.16	368089120	  0.66	煤炭开采	河南	3.88	6.42	287046	286265	  1.00	1883	1927	--  	     236116.50	
="600648"	外高桥	0.89	32.92	0.29	32.86	32.90	96205	31	0.24	          1.19	32.50	33.35	32.40	32.63	    51.40	317007168	  0.86	园区开发	上海	2.91	32.95	45108	51096	  0.88	63	14	--  	      81022.34	
="600739"	辽宁成大	0.88	21.81	0.19	21.81	21.82	716967	4	0.04	          5.25	21.52	22.50	21.42	21.62	    34.05	1577183232	  1.12	商贸代理	辽宁	5.00	22.00	345973	370993	  0.93	38	498	--  	     136470.98	
="600362"	江西铜业	0.87	19.73	0.17	19.74	19.75	660413	40	0.05	          3.18	19.45	20.40	19.32	19.56	    22.04	1316711936	  0.87	铜	江西	5.52	19.94	330039	330373	  1.00	28	1442	--  	     207524.73	
="600322"	天房发展	0.85	4.73	0.04	4.73	4.74	276877	20	0.00	          2.50	4.69	4.82	4.66	4.69	    59.71	130898968	  0.66	区域地产	天津	3.41	4.73	139691	137185	  1.02	2090	2538	--  	     110570.00	
="002221"	东华能源	0.83	16.98	0.14	16.94	16.98	33731	192	0.35	          0.75	16.85	17.06	16.61	16.84	   193.23	56920960	  0.64	石油贸易	江苏	2.67	16.88	16059	17671	  0.91	14	318	--  	      44718.82	
="002244"	滨江集团	0.73	8.27	0.06	8.26	8.27	177579	1803	0.24	          1.55	8.17	8.39	8.13	8.21	    14.73	147174528	  0.58	区域地产	浙江	3.17	8.29	84931	92647	  0.92	656	1204	--  	     114773.00	
="600326"	西藏天路	0.67	8.98	0.06	8.98	8.99	158581	40	0.00	          2.90	8.82	9.09	8.82	8.92	    72.25	141959424	  0.77	建筑施工	西藏	3.03	8.95	82604	75977	  1.09	497	450	--  	      54720.00	
="600121"	郑州煤电	0.66	6.07	0.04	6.07	6.08	144964	100	0.00	          2.08	5.97	6.12	5.91	6.03	--  	87180944	  0.69	煤炭开采	河南	3.48	6.01	79374	65589	  1.21	274	1148	--  	      69834.40	
="000552"	靖远煤电	0.64	10.95	0.07	10.94	10.95	156900	1852	0.09	          4.43	10.75	11.10	10.61	10.88	    21.69	171032608	  0.76	煤炭开采	甘肃	4.50	10.90	79407	77492	  1.02	380	479	--  	      35412.42	
="600642"	申能股份	0.60	6.67	0.04	6.66	6.67	707004	1025	0.15	          1.55	6.63	6.69	6.50	6.63	    16.00	467023296	  0.96	火力发电	上海	2.87	6.61	349959	357044	  0.98	568	1310	--  	     455203.84	
="600309"	万华化学	0.54	24.06	0.13	24.02	24.05	607734	5	0.88	          2.81	24.22	25.24	23.60	23.93	    18.60	1478773888	  1.30	化工原料	山东	6.85	24.33	324120	283614	  1.14	4	62	--  	     216233.45	
="600132"	重庆啤酒	0.54	16.67	0.09	16.66	16.67	62672	7	-0.11	          1.29	16.51	16.85	16.49	16.58	    37.89	104463272	  1.11	啤酒	重庆	2.17	16.67	31425	31247	  1.01	59	90	--  	      48397.12	
="002128"	露天煤业	0.50	10.04	0.05	10.04	10.05	219118	1907	0.29	          1.65	9.81	10.15	9.76	9.99	    53.55	217998208	  0.90	煤炭开采	内蒙	3.90	9.95	113319	105799	  1.07	1292	1341	--  	     132668.17	
="600197"	伊力特	0.48	12.65	0.06	12.63	12.66	115121	3	0.31	          2.61	12.62	12.77	12.41	12.59	    15.40	145056080	  0.66	白酒	新疆	2.86	12.60	61754	53366	  1.16	2	1050	--  	      44100.00	
="000780"	平庄能源	0.47	6.44	0.03	6.44	6.45	235195	3288	0.31	          2.32	6.38	6.47	6.26	6.41	--  	149715808	  0.62	煤炭开采	内蒙	3.28	6.37	131223	103971	  1.26	1190	3136	--  	     101430.63	
="600009"	上海机场	0.45	20.18	0.09	20.19	20.20	254100	76	0.54	          2.32	20.10	20.21	19.85	20.09	    18.47	508812896	  1.05	机场	上海	1.79	20.02	123340	130760	  0.94	230	486	--  	     109347.64	
="000058"	深 赛 格	0.42	7.17	0.03	7.17	7.18	98572	3307	0.13	          1.83	7.09	7.22	7.02	7.14	    90.58	70155088	  0.94	元器件	深圳	2.80	7.12	50599	47973	  1.05	1412	1826	--  	      53831.10	
="002033"	丽江旅游	0.38	15.68	0.06	15.67	15.68	61104	532	0.12	          3.11	15.53	15.83	15.45	15.62	    20.38	95599224	  1.38	旅游景点	云南	2.43	15.65	28116	32987	  0.85	25	21	--  	      19658.59	
="600581"	八一钢铁	0.35	5.80	0.02	5.80	5.81	212562	12	0.17	          2.77	5.73	5.85	5.68	5.78	--  	122583240	  0.78	普钢	新疆	2.94	5.77	115157	97405	  1.18	840	1069	--  	      76644.89	
="002028"	思源电气	0.30	13.34	0.04	13.33	13.34	167198	2012	0.00	          3.58	13.15	13.40	13.04	13.30	    19.09	220735504	  1.06	电气设备	上海	2.71	13.20	91778	75419	  1.22	373	124	--  	      46646.76	
="600159"	大龙地产	0.22	4.63	0.01	4.63	4.64	155237	99	0.00	          1.87	4.58	4.67	4.53	4.62	    31.34	71626192	  0.43	区域地产	北京	3.03	4.61	93516	61720	  1.52	329	947	--  	      83000.32	
="002685"	华东重机	0.07	13.99	0.01	13.99	14.00	12858	436	0.07	          1.29	13.97	14.08	13.75	13.98	   446.87	17891438	  0.50	工程机械	江苏	2.36	13.91	6441	6416	  1.00	365	395	--  	       9950.00	
="000869"	张  裕Ａ	0.05	36.72	0.02	36.71	36.72	38647	525	-0.21	          0.85	36.62	37.71	36.10	36.70	    23.63	142143456	  0.76	红黄药酒	山东	4.39	36.78	23615	15032	  1.57	23	249	--  	      45346.07	
="600986"	科达股份	0.00	7.05	0.00	--  	--  	0	0	0.00	          0.00	--  	--  	--  	7.05	    36.88	0	  0.00	建筑施工	山东	0.00	7.05	0	0	--  	0	0	--  	      33526.96	
="600981"	汇鸿股份	0.00	4.21	0.00	--  	--  	0	0	0.00	          0.00	--  	--  	--  	4.21	    92.48	0	  0.00	商贸代理	江苏	0.00	4.21	0	0	--  	0	0	--  	      51610.64	
="600749"	西藏旅游	0.00	12.18	0.00	--  	--  	0	0	0.00	          0.00	--  	--  	--  	12.18	  1161.76	0	  0.00	旅游景点	西藏	0.00	12.18	0	0	--  	0	0	--  	      18913.78	
="600575"	皖江物流	0.00	4.11	0.00	--  	--  	0	0	0.00	          0.00	--  	--  	--  	4.11	--  	0	  0.00	水运	安徽	0.00	4.11	0	0	--  	0	0	--  	     142320.00	
="600365"	通葡股份	0.00	11.38	0.00	--  	--  	0	0	0.00	          0.00	--  	--  	--  	11.38	  5686.21	0	  0.00	红黄药酒	吉林	0.00	11.38	0	0	--  	0	0	--  	      14000.00	
="600318"	巢东股份	0.00	11.20	0.00	--  	--  	0	0	0.00	          0.00	--  	--  	--  	11.20	    17.93	0	  0.00	水泥	安徽	0.00	11.20	0	0	--  	0	0	--  	      24200.00	
="600241"	时代万恒	0.00	8.28	0.00	--  	--  	0	0	0.00	          0.00	--  	--  	--  	8.28	--  	0	  0.00	商贸代理	辽宁	0.00	8.28	0	0	--  	0	0	--  	      18020.00	
="600105"	永鼎股份	0.00	9.86	0.00	--  	--  	0	0	0.00	          0.00	--  	--  	--  	9.86	    22.23	0	  0.00	通信设备	江苏	0.00	9.86	0	0	--  	0	0	--  	      38095.46	
="600103"	青山纸业	0.00	3.66	0.00	--  	--  	0	0	0.00	          0.00	--  	--  	--  	3.66	   601.14	0	  0.00	造纸	福建	0.00	3.66	0	0	--  	0	0	--  	     106184.15	
="600091"	ST明科	0.00	7.02	0.00	--  	--  	0	0	0.00	          0.00	--  	--  	--  	7.02	--  	0	  0.00	化工原料	内蒙	0.00	7.02	0	0	--  	0	0	--  	      33652.60	
="600090"	啤酒花	0.00	8.13	0.00	--  	--  	0	0	0.00	          0.00	--  	--  	--  	8.13	    36.46	0	  0.00	啤酒	新疆	0.00	8.13	0	0	--  	0	0	--  	      36791.66	
="600056"	中国医药	0.00	17.56	0.00	--  	--  	0	0	0.00	          0.00	--  	--  	--  	17.56	    31.65	0	  0.00	医药商业	北京	0.00	17.56	0	0	--  	0	0	--  	      88445.85	
="300313"	天山生物	--  	23.69	--  	--  	--  	0	0	--  	          0.00	--  	--  	--  	23.69	   258.62	0	  0.00	农业综合	新疆	0.00	23.69	0	0	--  	0	0	--  	       4177.81	
="300144"	宋城演艺	--  	30.12	--  	--  	--  	0	0	--  	          0.00	--  	--  	--  	30.12	    39.83	0	  0.00	旅游景点	浙江	0.00	30.12	0	0	--  	0	0	--  	      19553.75	
="002558"	世纪游轮	--  	31.65	--  	--  	--  	0	0	--  	          0.00	--  	--  	--  	31.65	   271.60	0	  0.00	旅游服务	重庆	0.00	31.65	0	0	--  	0	0	--  	       3244.39	
="002529"	海源机械	--  	15.03	--  	--  	--  	0	0	--  	          0.00	--  	--  	--  	15.03	--  	0	  0.00	专用机械	福建	0.00	15.03	0	0	--  	0	0	--  	      15608.25	
="002509"	天广消防	--  	12.27	--  	--  	--  	0	0	--  	          0.00	--  	--  	--  	12.27	    51.77	0	  0.00	专用机械	福建	0.00	12.27	0	0	--  	0	0	--  	      23109.89	
="002324"	普利特	--  	19.90	--  	--  	--  	0	0	--  	          0.00	--  	--  	--  	19.90	    26.33	0	  0.00	塑料	上海	0.00	19.90	0	0	--  	0	0	--  	      15582.66	
="002323"	中联电气	--  	21.95	--  	--  	--  	0	0	--  	          0.00	--  	--  	--  	21.95	   130.92	0	  0.00	电气设备	江苏	0.00	21.95	0	0	--  	0	0	--  	       8350.16	
="002168"	深圳惠程	--  	10.13	--  	--  	--  	0	0	--  	          0.00	--  	--  	--  	10.13	--  	0	  0.00	电气设备	深圳	0.00	10.13	0	0	--  	0	0	--  	      56803.58	
="002044"	江苏三友	--  	10.04	--  	--  	--  	0	0	--  	          0.00	--  	--  	--  	10.04	    43.13	0	  0.00	服饰	江苏	0.00	10.04	0	0	--  	0	0	--  	      22410.00	
="002009"	天奇股份	--  	16.30	--  	--  	--  	0	0	--  	          0.00	--  	--  	--  	16.30	    47.89	0	  0.00	工程机械	江苏	0.00	16.30	0	0	--  	0	0	--  	      25991.22	
="002006"	*ST精功	--  	8.75	--  	--  	--  	0	0	--  	          0.00	--  	--  	--  	8.75	--  	0	  0.00	工程机械	浙江	0.00	8.75	0	0	--  	0	0	--  	      43677.89	
="000796"	易食股份	--  	7.23	--  	--  	--  	0	0	--  	          0.00	--  	--  	--  	7.23	    95.94	0	  0.00	食品	陕西	0.00	7.23	0	0	--  	0	0	--  	      24652.30	
="000758"	中色股份	0.00	15.75	0.00	15.75	15.76	535917	4109	0.19	          5.94	15.60	16.37	15.50	15.75	   165.19	854753600	  0.84	铅锌	北京	5.52	15.95	268576	267341	  1.00	1839	1109	--  	      90156.15	
="000627"	天茂集团	--  	4.10	--  	--  	--  	0	0	--  	          0.00	--  	--  	--  	4.10	    28.37	0	  0.00	化工原料	湖北	0.00	4.10	0	0	--  	0	0	--  	     135358.98	
="000608"	阳光股份	0.00	5.11	0.00	5.10	5.11	192495	1396	0.00	          2.57	5.10	5.14	5.04	5.11	   160.71	98137784	  0.42	区域地产	广西	1.96	5.10	96140	96354	  1.00	1877	1010	--  	      74991.32	
="000533"	万 家 乐	--  	5.97	--  	--  	--  	0	0	--  	          0.00	--  	--  	--  	5.97	    35.25	0	  0.00	家用电器	广东	0.00	5.97	0	0	--  	0	0	--  	      68487.71	
="000514"	渝 开 发	--  	7.08	--  	--  	--  	0	0	--  	          0.00	--  	--  	--  	7.08	    36.98	0	  0.00	区域地产	重庆	0.00	7.08	0	0	--  	0	0	--  	      84377.09	
="000498"	山东路桥	--  	4.64	--  	--  	--  	0	0	--  	          0.00	--  	--  	--  	4.64	    27.67	0	  0.00	建筑施工	山东	0.00	4.64	0	0	--  	0	0	--  	      35417.01	
="000404"	华意压缩	0.00	8.05	0.00	8.05	8.06	166218	2973	0.00	          3.35	8.00	8.10	7.87	8.05	    20.99	132786280	  0.51	专用机械	江西	2.86	7.99	93174	73043	  1.28	98	1122	--  	      49550.89	
="600638"	新黄浦	-0.06	16.32	-0.01	16.33	16.34	70637	7	0.24	          1.26	16.28	16.53	16.01	16.33	    92.79	114855696	  0.75	区域地产	上海	3.18	16.26	22397	48240	  0.46	86	45	--  	      56116.39	
="000799"	酒 鬼 酒	-0.06	15.79	-0.01	15.78	15.79	193741	2792	0.06	          8.64	15.75	16.20	15.60	15.80	--  	307240096	  1.04	白酒	湖南	3.80	15.86	105751	87989	  1.20	327	192	--  	      22420.16	
="600007"	中国国贸	-0.07	15.19	-0.01	15.18	15.19	43821	5	0.00	          0.44	15.03	15.36	14.88	15.20	    26.74	66168492	  0.70	园区开发	北京	3.16	15.10	21412	22409	  0.96	215	1531	--  	     100728.25	
="600089"	特变电工	-0.07	13.43	-0.01	13.42	13.43	1357393	15	0.22	          4.29	13.20	13.59	13.09	13.44	    23.66	1810289664	  0.97	电气设备	新疆	3.72	13.34	666795	690598	  0.97	1941	271	--  	     316591.31	
="601699"	潞安环能	-0.08	12.42	-0.01	12.41	12.42	583119	12	0.00	          2.53	12.23	12.65	12.10	12.43	    33.75	717960768	  0.80	煤炭开采	山西	4.42	12.31	328061	255058	  1.29	53	20	--  	     230108.41	
="600101"	明星电力	-0.10	9.93	-0.01	9.92	9.94	90522	40	0.20	          2.79	9.98	10.05	9.70	9.94	    21.14	89167232	  0.75	水力发电	四川	3.52	9.85	52636	37886	  1.39	186	609	--  	      32417.90	
="600511"	国药股份	-0.16	32.15	-0.05	32.12	32.15	42691	17	-0.15	          1.54	32.16	32.78	31.68	32.20	    30.80	137564560	  1.03	医药商业	北京	3.42	32.22	24704	17987	  1.37	13	103	--  	      27764.33	
="000937"	冀中能源	-0.22	8.87	-0.02	8.87	8.88	528781	3338	-0.11	          2.40	8.70	8.95	8.61	8.89	   443.34	464129504	  0.70	煤炭开采	河北	3.82	8.78	287342	241439	  1.19	719	972	--  	     220706.56	
="601886"	江河创建	-0.23	8.72	-0.02	8.72	8.73	144428	53	-0.11	          1.59	8.72	8.86	8.59	8.74	    27.59	125933304	  1.03	装修装饰	北京	3.09	8.72	77056	67372	  1.14	324	724	--  	      90723.52	
="600143"	金发科技	-0.27	7.49	-0.02	7.49	7.50	631117	130	0.00	          2.47	7.43	7.59	7.38	7.51	    31.49	472340160	  0.74	塑料	广东	2.80	7.48	309702	321414	  0.96	133	7114	--  	     256000.00	
="002305"	南国置业	-0.28	7.25	-0.02	7.24	7.25	151049	1310	-0.13	          2.29	7.22	7.36	7.17	7.27	    37.75	109868440	  0.65	区域地产	湖北	2.61	7.27	84631	66418	  1.27	737	820	--  	      66064.96	
="000725"	京东方Ａ	-0.29	3.48	-0.01	3.47	3.48	3401508	20893	0.57	          2.96	3.47	3.52	3.42	3.49	    49.66	1178636288	  0.78	元器件	北京	2.87	3.47	1705263	1696244	  1.01	18420	36859	--  	    1150574.38	
="600641"	万业企业	-0.31	6.39	-0.02	6.38	6.39	133604	216	0.00	          1.66	6.42	6.47	6.28	6.41	    14.73	85091016	  0.42	区域地产	上海	2.96	6.37	74421	59182	  1.26	59	700	--  	      80615.88	
="300002"	神州泰岳	-0.33	18.39	-0.06	18.38	18.39	564662	2713	-0.43	          7.78	18.98	19.06	18.11	18.45	    49.95	1049590336	  2.41	软件服务	北京	5.15	18.59	284648	280014	  1.02	930	124	--  	      72615.95	
="600277"	亿利能源	-0.33	9.00	-0.03	9.00	9.01	423113	50	-0.11	          2.02	9.01	9.15	8.80	9.03	    37.16	379017280	  0.74	化工原料	内蒙	3.88	8.96	230792	192321	  1.20	18	442	--  	     208958.95	
="601098"	中南传媒	-0.35	17.09	-0.06	17.09	17.10	235919	7	0.05	          1.31	17.87	17.89	17.00	17.15	    24.66	411605056	  1.30	出版业	湖南	5.19	17.45	137418	98500	  1.40	79	76	--  	     179600.00	
="600621"	华鑫股份	-0.36	8.33	-0.03	8.32	8.33	109624	20	0.12	          2.09	8.29	8.44	8.20	8.36	    34.68	91434000	  0.61	全国地产	上海	2.87	8.34	59218	50405	  1.17	42	128	--  	      52408.23	
="002372"	伟星新材	-0.36	16.45	-0.06	16.45	16.46	28653	370	-0.06	          0.74	16.30	16.61	16.20	16.51	    19.28	47035236	  0.59	其他建材	浙江	2.48	16.42	14044	14608	  0.96	616	194	--  	      38494.82	
="000422"	湖北宜化	-0.37	8.04	-0.03	8.03	8.04	312607	2096	0.00	          3.58	8.07	8.18	7.85	8.07	   297.85	249596864	  0.72	农药化肥	湖北	4.09	7.98	175347	137259	  1.28	406	1324	--  	      87374.47	
="601933"	永辉超市	-0.44	9.05	-0.04	9.04	9.05	337000	34	0.11	          1.10	9.08	9.19	8.96	9.09	    34.04	305479168	  0.72	超市连锁	福建	2.53	9.06	175142	161857	  1.08	622	378	--  	     307160.00	
="000759"	中百集团	-0.44	9.02	-0.04	9.02	9.04	48495	795	-0.44	          0.71	9.08	9.10	8.90	9.06	    47.16	43677400	  0.60	超市连锁	湖北	2.21	9.01	24255	24239	  1.00	286	10	--  	      68057.63	
="601139"	深圳燃气	-0.45	8.77	-0.04	8.77	8.78	118718	2	0.34	          0.60	8.79	8.84	8.63	8.81	    22.36	103527248	  0.97	供气供热	深圳	2.38	8.72	64000	54717	  1.17	44	1460	--  	     198059.78	
="002419"	天虹商场	-0.54	12.78	-0.07	12.78	12.79	48815	390	0.07	          0.61	12.80	12.99	12.65	12.85	    21.81	62535900	  0.53	百货	深圳	2.65	12.81	24059	24756	  0.97	85	52	--  	      80020.00	
="600123"	兰花科创	-0.56	10.75	-0.06	10.73	10.74	570621	392	0.65	          4.99	10.58	10.86	10.39	10.81	   524.12	607361088	  0.70	煤炭开采	山西	4.35	10.64	303550	267070	  1.14	26	4	--  	     114240.00	
="600060"	海信电器	-0.57	12.19	-0.07	12.19	12.20	371308	29	-0.08	          2.84	12.26	12.30	11.89	12.26	    13.01	448903872	  0.86	家用电器	山东	3.34	12.09	203775	167532	  1.22	2	1304	--  	     130848.13	
="000418"	小天鹅Ａ	-0.57	13.92	-0.08	13.92	13.93	62138	647	0.00	          1.42	13.91	14.00	13.70	14.00	    12.84	85747160	  0.64	家用电器	江苏	2.14	13.80	35707	26430	  1.35	65	118	--  	      43776.10	
="600804"	鹏博士	-0.58	18.89	-0.11	18.89	18.90	257216	10	-0.05	          1.92	19.00	19.09	18.52	19.00	    46.70	483838176	  0.86	电信运营	四川	3.00	18.81	137249	119966	  1.14	14	79	--  	     134194.16	
="000718"	苏宁环球	-0.61	6.53	-0.04	6.52	6.53	220730	1487	0.00	          1.50	6.55	6.64	6.42	6.57	   277.72	144110656	  0.59	区域地产	吉林	3.35	6.53	133075	87654	  1.52	803	944	--  	     146984.73	
="600801"	华新水泥	-0.66	10.53	-0.07	10.53	10.54	262437	8	0.09	          2.70	10.55	10.81	10.37	10.60	    14.50	276686080	  0.61	水泥	湖北	4.15	10.54	149693	112743	  1.33	66	740	--  	      97167.99	
="002415"	海康威视	-0.69	25.75	-0.18	25.75	25.76	261612	1935	-0.03	          0.83	25.80	26.27	25.00	25.93	    28.62	671999168	  0.93	电器仪表	浙江	4.90	25.69	135819	125792	  1.08	203	266	--  	     315046.75	
="300048"	合康变频	-0.70	12.74	-0.09	12.73	12.74	199613	478	-0.23	          6.70	12.80	13.10	12.40	12.83	   145.77	253273824	  1.63	电气设备	北京	5.46	12.69	113526	86086	  1.32	84	1117	--  	      29812.73	
="000690"	宝新能源	-0.73	6.77	-0.05	6.77	6.78	433000	2445	0.00	          2.53	6.75	6.85	6.63	6.82	    10.52	292305760	  0.69	火力发电	广东	3.23	6.75	241155	191844	  1.26	613	4687	--  	     171265.66	
="600805"	悦达投资	-0.74	12.05	-0.09	12.04	12.05	229515	4	-0.08	          2.70	12.14	12.16	11.90	12.14	    10.24	275366592	  0.69	综合类	江苏	2.14	12.00	131914	97601	  1.35	977	515	--  	      84920.21	
="600018"	上港集团	-0.74	6.67	-0.05	6.67	6.68	1034191	42	0.00	          0.45	6.67	6.83	6.55	6.72	    24.33	688662656	  0.79	港口	上海	4.17	6.66	537288	496903	  1.08	165	5097	--  	    2275518.00	
="600067"	冠城大通	-0.76	7.87	-0.06	7.86	7.87	231301	2	0.12	          1.94	7.84	7.96	7.71	7.93	    20.67	181766320	  0.49	全国地产	福建	3.15	7.86	133725	97576	  1.37	149	1919	--  	     119334.20	
="600166"	福田汽车	-0.76	6.54	-0.05	6.53	6.54	519313	159	0.00	          2.05	6.51	6.58	6.45	6.59	    45.75	338204576	  0.65	汽车整车	北京	1.97	6.51	302330	216983	  1.39	797	1234	--  	     253810.02	
="002431"	棕榈园林	-0.77	21.88	-0.17	21.88	21.89	139190	914	-0.09	          5.50	22.40	22.65	21.67	22.05	    31.37	308220256	  1.20	建筑施工	广东	4.44	22.14	82113	57077	  1.44	49	102	--  	      25304.64	
="000538"	云南白药	-0.79	66.70	-0.53	66.70	66.71	113365	1611	0.09	          1.09	66.95	67.20	65.63	67.23	    26.79	751573184	  0.62	中成药	云南	2.34	66.30	60670	52695	  1.15	503	23	--  	     104136.53	
="600280"	中央商场	-0.89	14.47	-0.13	14.47	14.48	46799	6	0.13	          0.82	14.40	14.75	14.25	14.60	    12.60	67955072	  0.45	百货	江苏	3.42	14.52	22676	24123	  0.94	465	113	--  	      57416.73	
="601339"	百隆东方	-0.90	11.02	-0.10	11.01	11.02	49765	14	-0.18	          2.59	11.13	11.15	10.89	11.12	    15.55	54813612	  0.99	纺织	浙江	2.34	11.01	31697	18067	  1.75	104	60	--  	      19200.00	
="601678"	滨化股份	-0.91	10.90	-0.10	10.88	10.89	201193	11	-0.27	          3.05	10.89	10.99	10.65	11.00	    17.09	217418640	  0.87	化工原料	山东	3.09	10.81	119983	81209	  1.48	201	1060	--  	      66000.00	
="603128"	华贸物流	-0.92	15.12	-0.14	15.11	15.12	56666	27	0.00	          3.54	15.18	15.59	15.07	15.26	    56.73	86449200	  0.74	仓储物流	上海	3.41	15.26	34372	22294	  1.54	14	255	--  	      16000.00	
="600583"	海油工程	-0.93	10.66	-0.10	10.65	10.66	1345952	232	0.00	          3.32	10.56	10.75	10.42	10.76	    13.63	1424945664	  0.75	石油开采	天津	3.07	10.59	655595	690356	  0.95	869	522	--  	     404901.41	
="002481"	双塔食品	-0.98	17.12	-0.17	17.12	17.13	20390	274	-0.05	          0.54	17.49	17.49	17.08	17.29	    49.63	35100488	  0.66	食品	山东	2.37	17.21	14778	5612	  2.63	4	194	--  	      37455.17	
="002646"	青青稞酒	-1.00	21.78	-0.22	21.78	21.79	43479	454	0.00	          0.97	21.98	22.27	21.59	22.00	    27.18	95489952	  0.58	白酒	青海	3.09	21.96	25029	18449	  1.36	279	31	--  	      45000.00	
="002032"	苏 泊 尔	-1.00	17.77	-0.18	17.76	17.77	19709	224	-0.50	          0.58	17.99	17.99	17.50	17.95	    16.62	34943808	  0.99	家用电器	浙江	2.73	17.73	11047	8661	  1.28	15	14	--  	      33956.62	
="600998"	九州通	-1.03	18.19	-0.19	18.16	18.17	107884	111	0.11	          0.76	18.36	18.36	17.95	18.38	    75.80	195598080	  0.55	医药商业	湖北	2.23	18.13	63638	44246	  1.44	91	89	--  	     142051.56	
="600697"	欧亚集团	-1.05	25.38	-0.27	25.36	25.39	23378	4	0.03	          1.51	25.65	26.49	25.26	25.65	    16.35	60070524	  0.50	百货	吉林	4.80	25.69	11696	11682	  1.00	32	35	--  	      15515.59	
="000636"	风华高科	-1.09	9.10	-0.10	9.09	9.10	88291	641	0.00	          1.32	9.16	9.20	9.00	9.20	   105.30	80047936	  0.73	元器件	广东	2.17	9.07	52005	36285	  1.43	870	823	--  	      67093.63	
="600873"	梅花生物	-1.11	7.12	-0.08	7.12	7.13	312074	88	0.00	          1.00	7.22	7.22	7.05	7.20	    61.19	221812512	  0.55	食品	西藏	2.36	7.11	192846	119227	  1.62	339	854	--  	     310822.66	
="600267"	海正药业	-1.13	17.47	-0.20	17.48	17.49	116464	251	0.11	          1.39	17.65	17.75	17.30	17.67	    55.72	203722560	  0.80	化学制药	浙江	2.55	17.49	73700	42763	  1.72	154	148	--  	      83970.90	
="600199"	金种子酒	-1.16	11.98	-0.14	11.97	11.98	243514	360	-0.16	          4.38	12.10	12.48	11.85	12.12	    88.77	295954112	  0.73	白酒	安徽	5.20	12.15	127555	115958	  1.10	518	139	--  	      55577.50	
="601398"	工商银行	-1.18	5.04	-0.06	5.04	5.05	8105968	840	0.00	          0.31	5.00	5.10	4.95	5.10	     6.03	4076793856	  0.74	银行	北京	2.94	5.03	3883653	4222314	  0.92	15097	17062	--  	   26471778.00	
="000669"	金鸿能源	-1.18	28.46	-0.34	28.37	28.46	14638	209	0.35	          0.64	28.50	28.85	28.05	28.80	    36.63	41464208	  0.44	供气供热	吉林	2.78	28.33	7037	7601	  0.93	16	408	--  	      22855.91	
="002628"	成都路桥	-1.18	5.84	-0.07	5.84	5.85	260249	936	-0.17	          3.97	5.89	5.96	5.77	5.91	    29.27	152559648	  0.70	建筑施工	四川	3.21	5.86	153139	107110	  1.43	3589	1431	--  	      65581.46	
="600015"	华夏银行	-1.20	13.14	-0.16	13.12	13.13	1641441	856	0.45	          2.53	13.16	13.39	12.82	13.30	     6.66	2147939328	  0.65	银行	北京	4.29	13.09	875888	765552	  1.14	339	419	--  	     648768.69	
="000726"	鲁  泰Ａ	-1.23	12.02	-0.15	12.02	12.03	132613	658	0.08	          2.36	12.17	12.33	11.81	12.17	    12.13	160291904	  0.74	纺织	山东	4.27	12.09	67816	64797	  1.05	94	154	--  	      56110.69	
="000789"	万年青	-1.27	13.96	-0.18	13.95	13.96	100043	1450	-0.35	          2.45	14.04	14.27	13.72	14.14	    11.42	139965200	  0.47	水泥	江西	3.89	13.99	57962	42081	  1.38	511	785	--  	      40888.75	
="002233"	塔牌集团	-1.28	10.00	-0.13	9.99	10.00	126189	3608	-0.19	          2.27	10.03	10.18	9.91	10.13	    13.59	126561704	  0.45	水泥	广东	2.67	10.03	74803	51386	  1.46	1174	233	--  	      55565.60	
="600718"	东软集团	-1.30	16.67	-0.22	16.67	16.68	325501	143	0.12	          2.65	16.80	16.90	16.45	16.89	    71.63	542399488	  0.85	软件服务	辽宁	2.66	16.66	181040	144460	  1.25	13	246	--  	     122759.42	
="600058"	五矿发展	-1.43	17.27	-0.25	17.27	17.28	270785	41	0.00	          2.53	17.31	17.87	17.05	17.52	    78.58	471212288	  0.65	商贸代理	北京	4.68	17.40	158927	111857	  1.42	2	8	--  	     107191.07	
="600054"	黄山旅游	-1.44	15.77	-0.23	15.77	15.78	34326	14	0.19	          2.92	16.00	16.08	15.56	16.00	    26.11	54189852	  0.74	旅游景点	安徽	3.25	15.79	21775	12550	  1.74	3	103	--  	      11762.00	
="002024"	苏宁云商	-1.48	9.34	-0.14	9.34	9.35	1576930	24313	0.32	          3.19	9.47	9.63	9.26	9.48	--  	1481509376	  0.80	电器连锁	江苏	3.90	9.39	904498	672432	  1.35	1479	3336	--  	     494071.41	
="600073"	上海梅林	-1.55	9.50	-0.15	9.49	9.50	148792	101	-0.10	          1.81	9.63	9.68	9.46	9.65	    59.52	141883424	  0.62	食品	上海	2.28	9.54	89215	59577	  1.50	490	708	--  	      82273.52	
="002200"	云投生态	-1.63	18.10	-0.30	18.10	18.11	28362	204	-0.33	          2.63	18.50	18.64	18.02	18.40	--  	51824492	  0.61	环境保护	云南	3.37	18.27	14853	13509	  1.10	640	7	--  	      10782.91	
="000012"	南  玻Ａ	-1.64	9.01	-0.15	9.01	9.02	511581	3887	-0.11	          3.93	9.16	9.22	8.89	9.16	    19.02	462339968	  0.79	玻璃	深圳	3.60	9.04	298294	213286	  1.40	2446	1433	--  	     130276.85	
="300255"	常山药业	-1.65	34.01	-0.57	34.01	34.08	12501	94	-0.14	          0.97	34.02	34.87	33.85	34.58	    66.25	42910252	  0.54	生物制药	河北	2.95	34.33	7318	5182	  1.41	8	6	--  	      12945.29	
="000096"	广聚能源	-1.66	7.72	-0.13	7.71	7.72	161693	1482	0.00	          3.17	7.80	7.83	7.56	7.85	    40.52	124299304	  0.99	石油贸易	深圳	3.44	7.69	97890	63803	  1.53	1999	37	--  	      51084.80	
="600690"	青岛海尔	-1.72	20.00	-0.35	19.99	20.00	375932	38	0.10	          1.37	20.34	20.34	19.78	20.35	    10.84	750748416	  0.66	家用电器	山东	2.75	19.97	220404	155528	  1.42	104	124	--  	     273684.13	
="000826"	桑德环境	-1.72	28.55	-0.50	28.54	28.55	158574	790	-0.03	          1.89	28.74	29.00	28.08	29.05	    35.27	451181152	  0.76	环境保护	湖北	3.17	28.45	89047	69526	  1.28	219	172	--  	      83933.35	
="601607"	上海医药	-1.79	17.58	-0.32	17.56	17.59	394604	3	0.17	          2.05	17.78	17.79	17.24	17.90	    18.54	689830592	  0.93	医药商业	上海	3.07	17.48	229310	165294	  1.39	3	312	--  	     192293.50	
="000401"	冀东水泥	-1.81	12.50	-0.23	12.49	12.50	254656	1125	0.16	          2.10	12.60	12.73	12.24	12.73	   609.09	315465792	  0.99	水泥	河北	3.85	12.39	150349	104306	  1.44	719	460	--  	     121233.36	
="600858"	银座股份	-1.88	10.45	-0.20	10.43	10.44	125116	2	0.19	          2.42	10.57	10.64	10.30	10.65	    20.56	130878736	  0.68	百货	山东	3.19	10.46	70444	54671	  1.29	84	77	--  	      51754.80	
="600183"	生益科技	-1.89	7.80	-0.15	7.80	7.81	274965	30	0.25	          1.93	7.94	7.94	7.69	7.95	    19.82	214225408	  0.78	元器件	广东	3.14	7.79	165679	109286	  1.52	632	1141	--  	     142301.81	
="600196"	复星医药	-1.91	22.08	-0.43	22.08	22.10	384213	108	-0.18	          2.02	22.51	22.51	21.95	22.51	    24.31	851416576	  0.97	化学制药	上海	2.49	22.16	219621	164592	  1.33	894	49	--  	     190439.23	
="601877"	正泰电器	-1.93	31.07	-0.61	31.02	31.13	34079	7	0.35	          0.34	31.68	31.82	30.82	31.68	    17.88	106425224	  0.65	电气设备	浙江	3.16	31.23	20354	13724	  1.48	100	213	--  	     101144.64	
="600252"	中恒集团	-1.98	16.81	-0.34	16.79	16.80	263020	54	0.05	          2.41	17.18	17.33	16.74	17.15	    19.84	445005504	  0.98	中成药	广西	3.44	16.92	157633	105386	  1.50	474	2	--  	     109174.75	
="000063"	中兴通讯	-1.99	19.71	-0.40	19.71	19.72	957037	7266	0.15	          3.42	19.90	20.12	19.48	20.11	    27.74	1892496128	  0.88	通信设备	深圳	3.18	19.77	529696	427341	  1.24	9714	308	--  	     280129.03	
="600085"	同仁堂	-2.05	23.86	-0.50	23.85	23.86	252693	143	0.63	          1.93	24.00	24.18	23.33	24.36	    40.49	600466432	  1.02	中成药	北京	3.49	23.76	145239	107454	  1.35	5	17	--  	     131114.31	
="600377"	宁沪高速	-2.07	7.58	-0.16	7.59	7.60	164270	309	0.53	          0.43	7.63	7.65	7.48	7.74	    13.85	124081112	  0.71	路桥	江苏	2.20	7.55	101951	62318	  1.64	952	1406	--  	     379275.53	
="601010"	文峰股份	-2.13	10.13	-0.22	10.11	10.12	101083	17	-0.39	          1.37	10.35	10.52	10.10	10.35	    17.28	103778224	  0.74	超市连锁	江苏	4.06	10.27	61152	39930	  1.53	264	156	--  	      73920.00	
="600106"	重庆路桥	-2.33	5.86	-0.14	5.86	5.87	303706	10	0.00	          3.35	5.93	5.97	5.81	6.00	    20.59	178485008	  0.71	路桥	重庆	2.67	5.88	177177	126528	  1.40	51	1149	--  	      90774.20	
="600116"	三峡水利	-2.54	14.61	-0.38	14.61	14.66	108412	30	0.13	          4.05	14.88	15.16	14.46	14.99	    25.16	159872992	  0.55	水力发电	重庆	4.67	14.75	59242	49169	  1.20	15	30	--  	      26753.32	
="000729"	燕京啤酒	-2.74	8.17	-0.23	8.17	8.20	266758	6154	-0.72	          1.07	8.39	8.48	8.15	8.40	    18.80	221033632	  0.93	啤酒	北京	3.93	8.29	155864	110893	  1.41	261	10	--  	     250045.17	
="000523"	广州浪奇	-2.75	9.56	-0.27	9.55	9.56	132064	2195	-0.10	          2.97	9.71	9.76	9.50	9.83	   126.77	126712032	  0.45	日用化工	广东	2.64	9.59	73619	58445	  1.26	529	1541	--  	      44493.73	
="600388"	龙净环保	-2.82	35.17	-1.02	35.17	35.18	136173	35	-0.08	          3.18	35.50	35.89	35.05	36.19	    38.07	481416800	  0.60	专用机械	福建	2.32	35.35	80981	55192	  1.47	1	14	--  	      42762.00	
="600461"	洪城水业	-2.87	11.83	-0.35	11.81	11.82	115271	58	0.16	          3.49	11.98	12.01	11.73	12.18	    25.74	136585488	  0.88	水务	江西	2.30	11.85	67131	48140	  1.39	261	36	--  	      33000.00	
="000521"	美菱电器	-2.96	6.55	-0.20	6.54	6.55	278260	2063	0.15	          4.71	6.72	6.75	6.46	6.75	    15.68	182591008	  1.36	家用电器	安徽	4.30	6.56	166823	111436	  1.50	571	307	--  	      59107.98	
="600012"	皖通高速	-2.99	6.49	-0.20	6.48	6.49	146691	171	0.00	          1.26	6.58	6.58	6.39	6.69	    12.04	94871456	  0.95	路桥	安徽	2.84	6.47	80482	66208	  1.22	612	154	--  	     116560.00	
="600814"	杭州解百	-3.15	9.22	-0.30	9.22	9.23	114480	25	0.21	          3.69	9.39	9.49	9.15	9.52	    27.00	106276568	  0.89	百货	浙江	3.57	9.28	70606	43874	  1.61	323	182	--  	      31038.30	
="601888"	中国国旅	-3.30	47.81	-1.63	47.76	47.77	68439	7	-0.25	          0.70	49.29	49.29	47.55	49.44	    29.36	330776064	  0.95	旅游服务	北京	3.52	48.33	38532	29907	  1.29	12	11	--  	      97623.77	
="600874"	创业环保	-3.41	11.90	-0.42	11.89	11.90	599015	208	0.16	          5.51	12.32	12.32	11.75	12.32	    50.07	716557248	  1.50	环境保护	天津	4.63	11.96	325368	273646	  1.19	85	1178	--  	     108722.84	
="300262"	巴安水务	-3.86	20.68	-0.83	20.67	20.68	77648	1378	-0.09	          4.94	20.91	21.25	20.58	21.51	    65.96	161861536	  0.61	环境保护	上海	3.11	20.85	39354	38294	  1.03	321	205	--  	      15727.58	
="000417"	合肥百货	-3.93	8.55	-0.35	8.54	8.55	198906	1430	0.23	          2.55	8.80	8.85	8.46	8.90	    17.31	171692672	  0.55	百货	安徽	4.38	8.63	126525	72381	  1.75	993	264	--  	      77859.75	
数据来源:通达信
