代码	名称	涨幅%%	现价	涨跌	买价	卖价	总量	现量	涨速%%	换手%%	今开	最高	最低	昨收	市盈(动)	总金额	量比	细分行业	地区	振幅%%	均价	内盘	外盘	内外比	买量	卖量	未匹配量	流通股本(万)	
="300002"	神州泰岳	10.02	18.45	1.68	18.45	--  	459309	230	0.00	          6.33	16.74	18.45	16.51	16.77	    50.11	819225280	  2.41	软件服务	北京	11.57	17.84	259830	199479	  1.30	60055	0	--  	      72615.95	
="600874"	创业环保	10.00	12.32	1.12	12.32	--  	644734	61	0.00	          5.93	11.10	12.32	10.92	11.20	    51.83	743960192	  1.79	环境保护	天津	12.50	11.54	325206	319528	  1.02	95721	0	--  	     108722.84	
="600458"	时代新材	10.00	14.74	1.34	14.74	--  	5006	1	0.00	          0.08	14.74	14.74	14.74	13.40	    66.52	7378638	  0.02	塑料	湖南	0.00	14.74	4441	564	  7.87	178184	0	--  	      66142.21	
="600085"	同仁堂	8.75	24.36	1.96	24.37	24.38	465279	65	0.08	          3.55	22.21	24.64	22.10	22.40	    41.34	1122867968	  2.50	中成药	北京	11.34	24.13	247711	217567	  1.14	274	627	--  	     131114.31	
="300027"	华谊兄弟	8.56	29.16	2.30	29.16	29.17	967745	8987	-0.10	         11.31	26.81	29.55	26.70	26.86	    59.50	2752695040	  2.87	影视音像	浙江	10.61	28.44	491949	475795	  1.03	1243	2102	--  	      85552.46	
="300262"	巴安水务	8.04	21.51	1.60	21.51	21.52	116857	4002	0.18	          7.43	19.87	21.86	19.40	19.91	    68.60	239439088	  0.94	环境保护	上海	12.36	20.49	52784	64073	  0.82	131	16	--  	      15727.58	
="002415"	海康威视	6.88	25.93	1.67	25.93	25.94	406523	1140	-0.34	          1.29	24.00	26.20	23.80	24.26	    28.82	1038732864	  1.67	电器仪表	浙江	9.89	25.55	177922	228600	  0.78	22	6	--  	     315046.75	
="600814"	杭州解百	6.73	9.52	0.60	9.50	9.51	175849	174	0.52	          5.67	8.80	9.58	8.73	8.92	    27.88	162781328	  1.41	百货	浙江	9.53	9.26	75702	100146	  0.76	54	579	--  	      31038.30	
="601888"	中国国旅	6.64	49.44	3.08	49.46	49.47	120846	9	0.46	          1.24	46.00	49.47	45.66	46.36	    30.36	575665536	  2.07	旅游服务	北京	8.22	47.64	54539	66306	  0.82	2	21	--  	      97623.77	
="600143"	金发科技	6.07	7.51	0.43	7.50	7.51	1223594	19	0.00	          4.78	7.23	7.77	7.15	7.08	    31.58	914815744	  1.59	塑料	广东	8.76	7.48	510584	713010	  0.72	1040	368	--  	     256000.00	
="000063"	中兴通讯	5.79	20.11	1.10	20.11	20.12	1618065	15025	0.04	          5.78	18.90	20.38	18.75	19.01	    28.31	3151267072	  1.75	通信设备	深圳	8.57	19.48	736865	881199	  0.84	1622	4043	--  	     280129.03	
="600089"	特变电工	5.00	13.44	0.64	13.43	13.44	2359772	27	0.07	          7.45	12.81	13.80	12.80	12.80	    23.68	3166411520	  1.95	电气设备	新疆	7.81	13.42	1107452	1252320	  0.88	3017	413	--  	     316591.31	
="000826"	桑德环境	4.91	29.05	1.36	29.05	29.06	245997	2772	-0.24	          2.93	27.40	29.20	27.21	27.69	    35.88	696187776	  1.30	环境保护	湖北	7.19	28.30	119314	126682	  0.94	1232	246	--  	      83933.35	
="600377"	宁沪高速	4.31	7.74	0.32	7.73	7.74	363930	138	0.25	          0.96	7.41	8.05	7.37	7.42	    14.14	280556960	  1.92	路桥	江苏	9.16	7.71	149325	214604	  0.70	454	597	--  	     379275.53	
="600461"	洪城水业	4.28	12.18	0.50	12.17	12.18	172653	9	-0.16	          5.23	11.55	12.28	11.36	11.68	    26.50	203390560	  1.48	水务	江西	7.88	11.78	85661	86992	  0.98	227	118	--  	      33000.00	
="603128"	华贸物流	4.16	15.26	0.61	15.24	15.25	89633	250	-0.19	          5.60	14.65	15.37	14.36	14.65	    57.26	134920224	  1.31	仓储物流	上海	6.89	15.05	37381	52252	  0.72	18	263	--  	      16000.00	
="300255"	常山药业	4.16	34.58	1.38	34.28	34.58	25135	385	0.20	          1.94	33.18	34.85	32.30	33.20	    67.36	84954832	  1.15	生物制药	河北	7.68	33.80	11123	14012	  0.79	38	27	--  	      12945.29	
="600196"	复星医药	4.07	22.51	0.88	22.50	22.51	664412	84	-0.08	          3.49	21.41	22.69	21.35	21.63	    24.78	1475110784	  2.10	化学制药	上海	6.20	22.20	315346	349065	  0.90	880	31	--  	     190439.23	
="600998"	九州通	4.02	18.38	0.71	18.36	18.37	208084	34	-0.21	          1.46	17.58	18.50	17.25	17.67	    76.59	374072896	  1.09	医药商业	湖北	7.07	17.98	105288	102795	  1.02	147	325	--  	     142051.56	
="002028"	思源电气	3.74	13.30	0.48	13.30	13.31	280797	1393	0.07	          6.02	12.85	13.65	12.76	12.82	    19.03	373382880	  2.17	电气设备	上海	6.94	13.30	122865	157932	  0.78	1015	420	--  	      46646.76	
="601199"	江南水务	3.70	19.91	0.71	19.91	19.93	43001	11	0.00	          1.84	19.05	19.95	18.76	19.20	    29.72	83113696	  0.98	水务	江苏	6.20	19.33	19690	23310	  0.84	30	9	--  	      23380.00	
="600718"	东软集团	3.68	16.89	0.60	16.88	16.89	497222	169	0.00	          4.05	16.26	17.10	16.00	16.29	    72.57	827106048	  1.41	软件服务	辽宁	6.75	16.63	238445	258776	  0.92	108	590	--  	     122759.42	
="600056"	中国医药	3.60	17.56	0.61	17.58	17.59	519184	1	0.34	          5.87	16.70	17.99	16.57	16.95	    31.65	904611712	  1.80	医药商业	北京	8.38	17.42	245526	273657	  0.90	34	96	--  	      88445.85	
="601607"	上海医药	3.59	17.90	0.62	17.90	17.91	531784	24	0.11	          2.77	17.10	18.11	17.01	17.28	    18.87	941347840	  1.42	医药商业	上海	6.37	17.70	255499	276285	  0.92	939	19	--  	     192293.50	
="600388"	龙净环保	3.52	36.19	1.23	36.26	36.28	265973	25	-0.84	          6.22	34.50	36.76	34.10	34.96	    39.17	941394240	  1.22	专用机械	福建	7.61	35.39	134725	131247	  1.03	100	100	--  	      42762.00	
="000538"	云南白药	3.51	67.23	2.28	67.22	67.23	232618	1309	0.11	          2.23	64.90	70.45	64.00	64.95	    27.00	1566886912	  1.54	中成药	云南	9.93	67.36	108343	124275	  0.87	110	336	--  	     104136.53	
="600858"	银座股份	3.40	10.65	0.35	10.65	10.66	210505	93	0.18	          4.07	10.18	10.67	10.08	10.30	    20.95	219096960	  1.18	百货	山东	5.73	10.41	103339	107165	  0.96	139	446	--  	      51754.80	
="600804"	鹏博士	3.09	19.00	0.57	18.99	19.00	411265	40	0.05	          3.06	18.48	19.15	18.26	18.43	    46.97	776854400	  1.57	电信运营	四川	4.83	18.89	182738	228526	  0.80	254	817	--  	     134194.16	
="600252"	中恒集团	3.00	17.15	0.50	17.14	17.15	409386	17	0.17	          3.75	16.60	17.46	16.50	16.65	    20.24	700679744	  1.78	中成药	广西	5.77	17.12	192603	216782	  0.89	828	145	--  	     109174.75	
="000422"	湖北宜化	2.93	8.07	0.23	8.07	8.08	605571	5736	-0.12	          6.93	7.80	8.25	7.75	7.84	   298.96	489256576	  1.55	农药化肥	湖北	6.38	8.08	248012	357559	  0.69	10465	1330	--  	      87374.47	
="601098"	中南传媒	2.88	17.15	0.48	17.14	17.16	164522	13	0.00	          0.92	16.58	17.28	16.19	16.67	    24.75	276756864	  0.87	出版业	湖南	6.54	16.82	79478	85044	  0.93	292	12	--  	     179600.00	
="002032"	苏 泊 尔	2.81	17.95	0.49	17.90	17.95	37085	216	0.16	          1.09	17.34	18.08	17.21	17.46	    16.79	65946776	  2.58	家用电器	浙江	4.98	17.78	18334	18750	  0.98	249	143	--  	      33956.62	
="002056"	横店东磁	2.64	22.92	0.59	22.92	22.93	71129	964	0.08	          1.73	22.35	23.10	22.22	22.33	    26.96	162095600	  1.01	元器件	浙江	3.94	22.79	34612	36517	  0.95	166	88	--  	      41081.51	
="601678"	滨化股份	2.61	11.00	0.28	10.99	11.00	270642	35	0.36	          4.10	10.65	11.06	10.53	10.72	    17.25	293536704	  1.05	化工原料	山东	4.94	10.85	135333	135309	  1.00	1025	47	--  	      66000.00	
="002431"	棕榈园林	2.61	22.05	0.56	22.05	22.06	129807	1557	0.22	          5.13	21.23	22.19	21.17	21.49	    31.62	282503136	  1.18	建筑施工	广东	4.75	21.76	55887	73920	  0.76	149	94	--  	      25304.64	
="000690"	宝新能源	2.56	6.82	0.17	6.82	6.83	814817	4620	0.00	          4.76	6.64	6.85	6.50	6.65	    10.60	542765248	  1.42	火力发电	广东	5.26	6.66	389217	425600	  0.91	14028	8164	--  	     171265.66	
="600511"	国药股份	2.48	32.20	0.78	32.20	32.22	63983	31	0.34	          2.30	31.36	32.49	30.22	31.42	    30.85	202571072	  2.02	医药商业	北京	7.22	31.66	30501	33481	  0.91	103	303	--  	      27764.33	
="002372"	伟星新材	2.23	16.51	0.36	16.50	16.51	61750	652	0.06	          1.60	16.00	16.55	15.90	16.15	    19.35	100442744	  1.29	其他建材	浙江	4.02	16.27	22747	39003	  0.58	324	803	--  	      38494.82	
="002685"	华东重机	2.12	13.98	0.29	13.97	13.98	17623	252	0.00	          1.77	13.61	13.99	13.59	13.69	   446.55	24340024	  0.69	工程机械	江苏	2.92	13.81	8686	8937	  0.97	363	133	--  	       9950.00	
="000572"	海马汽车	2.03	5.54	0.11	5.54	5.55	620870	5492	0.18	          3.78	5.40	5.65	5.37	5.43	    43.28	343017696	  1.55	汽车整车	海南	5.16	5.52	284441	336429	  0.85	528	3821	--  	     164205.73	
="600596"	新安股份	1.88	10.83	0.20	10.83	10.84	238540	2	0.18	          3.51	10.60	10.85	10.41	10.63	    58.44	253716480	  1.54	农药化肥	浙江	4.14	10.64	117617	120923	  0.97	235	364	--  	      67918.46	
="600690"	青岛海尔	1.80	20.35	0.36	20.35	20.36	704044	13	0.00	          2.57	19.78	21.30	19.60	19.99	    11.03	1441701120	  1.38	家用电器	山东	8.50	20.48	337566	366477	  0.92	9	17	--  	     273684.13	
="600195"	中牧股份	1.79	16.49	0.29	16.48	16.50	90669	10	0.12	          2.11	16.03	16.59	15.99	16.20	    22.25	148141136	  1.16	饲料	北京	3.70	16.34	42096	48573	  0.87	126	226	--  	      42980.00	
="600805"	悦达投资	1.76	12.14	0.21	12.13	12.14	461467	53	0.33	          5.43	11.83	12.49	11.75	11.93	    10.32	561507456	  1.58	综合类	江苏	6.20	12.17	234926	226540	  1.04	967	295	--  	      84920.21	
="601139"	深圳燃气	1.73	8.81	0.15	8.81	8.82	202752	21	0.22	          1.02	8.60	8.86	8.56	8.66	    22.46	177380608	  1.96	供气供热	深圳	3.46	8.75	94465	108286	  0.87	76	767	--  	     198045.67	
="600073"	上海梅林	1.69	9.65	0.16	9.63	9.64	189309	41	0.41	          2.30	9.47	9.66	9.29	9.49	    60.46	179991200	  0.72	食品	上海	3.90	9.51	87760	101548	  0.86	696	19	--  	      82273.52	
="600309"	万华化学	1.66	23.93	0.39	23.95	23.97	546233	100	0.16	          2.53	23.36	24.85	23.11	23.54	    18.50	1319841024	  1.29	化工原料	山东	7.39	24.16	287798	258435	  1.11	25	5	--  	     216233.45	
="600054"	黄山旅游	1.65	16.00	0.26	16.01	16.02	58320	9	0.06	          4.96	15.65	16.03	15.40	15.74	    26.49	91783768	  1.21	旅游景点	安徽	4.00	15.74	27616	30704	  0.90	29	208	--  	      11762.00	
="600230"	沧州大化	1.65	11.70	0.19	11.71	11.72	87124	70	0.42	          2.96	11.52	11.77	11.45	11.51	--  	101341696	  1.16	农药化肥	河北	2.78	11.63	40762	46361	  0.88	107	376	--  	      29418.82	
="002242"	九阳股份	1.65	11.73	0.19	11.73	11.74	179773	881	-0.25	          2.36	11.47	11.84	11.35	11.54	    15.46	208423936	  1.98	家用电器	山东	4.25	11.59	78784	100988	  0.78	1940	8	--  	      76095.00	
="000488"	晨鸣纸业	1.59	6.40	0.10	6.40	6.41	374960	4895	0.00	          3.39	6.25	6.44	6.18	6.30	    27.24	237524976	  0.95	造纸	山东	4.13	6.33	176228	198731	  0.89	4999	3161	--  	     110503.72	
="002628"	成都路桥	1.55	5.91	0.09	5.90	5.91	379217	7554	0.00	          5.78	5.79	5.96	5.71	5.82	    29.62	221972352	  0.85	建筑施工	四川	4.30	5.85	187052	192164	  0.97	1933	855	--  	      65581.46	
="000058"	深 赛 格	1.42	7.14	0.10	7.13	7.14	108680	1976	0.14	          2.02	7.05	7.15	6.96	7.04	    90.20	77004392	  1.03	元器件	深圳	2.70	7.09	49393	59286	  0.83	983	6	--  	      53831.10	
="600628"	新世界	1.41	10.76	0.15	10.76	10.77	128381	45	0.00	          2.41	10.52	10.94	10.42	10.61	    26.53	137766656	  1.07	百货	上海	4.90	10.73	66589	61792	  1.08	67	1166	--  	      53179.92	
="600106"	重庆路桥	1.35	6.00	0.08	5.99	6.01	509947	158	0.16	          5.62	5.88	6.22	5.78	5.92	    21.08	305997792	  1.27	路桥	重庆	7.43	6.00	258301	251646	  1.03	260	2123	--  	      90774.20	
="000978"	桂林旅游	1.29	9.45	0.12	9.44	9.45	50432	539	0.00	          1.40	9.25	9.50	9.15	9.33	--  	47052696	  0.79	旅游景点	广西	3.75	9.33	24581	25850	  0.95	17	364	--  	      36010.00	
="002024"	苏宁云商	1.28	9.48	0.12	9.48	9.49	2049886	75595	0.95	          4.15	9.29	9.48	9.12	9.36	--  	1909897472	  1.05	电器连锁	江苏	3.85	9.32	1034890	1014995	  1.02	7968	7928	--  	     494071.41	
="600018"	上港集团	1.20	6.72	0.08	6.71	6.72	1678898	149	0.29	          0.74	6.60	7.05	6.52	6.64	    24.51	1140986752	  1.27	港口	上海	7.98	6.80	840514	838384	  1.00	2422	6116	--  	    2275518.00	
="601886"	江河创建	1.16	8.74	0.10	8.74	8.75	142452	56	0.22	          1.57	8.65	8.76	8.52	8.64	    27.65	123182488	  1.04	装修装饰	北京	2.78	8.65	68213	74238	  0.92	805	934	--  	      90723.52	
="600101"	明星电力	1.12	9.94	0.11	9.93	9.94	195811	95	0.00	          6.04	9.75	10.10	9.67	9.83	    21.16	194309392	  2.00	水力发电	四川	4.37	9.92	89494	106317	  0.84	328	63	--  	      32417.90	
="000523"	广州浪奇	1.03	9.83	0.10	9.83	9.84	215210	2529	-0.40	          4.84	9.50	9.90	9.34	9.73	   130.35	206812592	  0.79	日用化工	广东	5.76	9.61	105262	109948	  0.96	21	159	--  	      44493.73	
="000417"	合肥百货	1.02	8.90	0.09	8.90	8.91	316138	2943	-0.11	          4.06	8.70	9.05	8.53	8.81	    18.02	279154656	  0.94	百货	安徽	5.90	8.83	151584	164553	  0.92	621	114	--  	      77859.75	
="600778"	友好集团	0.97	9.37	0.09	9.37	9.38	125997	120	0.42	          4.06	9.20	9.38	9.12	9.28	    27.25	116680160	  1.18	百货	新疆	2.80	9.26	58023	67974	  0.85	755	1304	--  	      31031.28	
="000830"	鲁西化工	0.90	5.61	0.05	5.61	5.62	420898	3514	0.00	          2.88	5.52	5.74	5.52	5.56	    20.40	236486624	  0.77	农药化肥	山东	3.96	5.62	227845	193053	  1.18	1151	1475	--  	     146398.02	
="000725"	京东方Ａ	0.87	3.49	0.03	3.48	3.49	5165588	38968	0.28	          4.49	3.41	3.58	3.40	3.46	    49.80	1801270656	  1.23	元器件	北京	5.20	3.49	2384405	2781182	  0.86	24828	3858	--  	    1150574.38	
="600612"	老凤祥	0.82	33.05	0.27	33.05	33.07	41249	2	0.09	          1.30	32.69	33.25	32.32	32.78	    17.87	135430800	  2.00	服饰	上海	2.84	32.83	20457	20792	  0.98	3	14	--  	      31710.96	
="600695"	大江股份	0.82	7.36	0.06	7.37	7.38	49932	15	0.40	          1.52	7.24	7.38	7.15	7.30	--  	36229644	  1.12	食品	上海	3.15	7.26	25572	24360	  1.05	57	717	--  	      32957.28	
="601398"	工商银行	0.79	5.10	0.04	5.09	5.10	14975615	1767	0.19	          0.57	5.00	5.36	4.95	5.06	     6.10	7672745984	  1.60	银行	北京	8.10	5.12	6616070	8359545	  0.79	6324	15533	--  	   26471778.00	
="000799"	酒 鬼 酒	0.77	15.80	0.12	15.79	15.80	247343	4092	0.12	         11.03	15.60	15.95	15.36	15.68	--  	387927424	  1.50	白酒	湖南	3.76	15.68	126278	121064	  1.04	3130	117	--  	      22420.16	
="000729"	燕京啤酒	0.72	8.40	0.06	8.40	8.42	285862	1717	-0.35	          1.14	8.28	8.59	8.16	8.34	    19.32	239238752	  1.02	啤酒	北京	5.16	8.37	150693	135168	  1.11	807	14	--  	     249943.92	
="601339"	百隆东方	0.63	11.12	0.07	11.10	11.13	61284	30	0.18	          3.19	10.98	11.15	10.85	11.05	    15.69	67367888	  1.26	纺织	浙江	2.71	10.99	32838	28446	  1.15	78	49	--  	      19200.00	
="002200"	云投生态	0.55	18.40	0.10	18.39	18.40	45268	1612	0.05	          4.20	18.20	18.44	17.96	18.30	--  	82184920	  1.03	环境保护	云南	2.62	18.16	19654	25613	  0.77	91	181	--  	      10782.91	
="601369"	陕鼓动力	0.54	9.23	0.05	9.23	9.24	208491	50	0.43	          1.27	9.10	9.26	8.96	9.18	    38.54	189673872	  0.99	机械基件	陕西	3.27	9.10	98167	110323	  0.89	75	1337	--  	     163877.02	
="600723"	首商股份	0.48	8.33	0.04	8.33	8.34	97441	52	-0.23	          1.48	8.25	8.47	8.19	8.29	    19.66	81179448	  1.00	百货	北京	3.38	8.33	49628	47812	  1.04	108	108	--  	      65722.45	
="600614"	鼎立股份	0.44	13.71	0.06	13.69	13.71	123890	10	-0.29	          2.77	13.60	13.85	13.33	13.65	   329.48	168983904	  0.67	综合类	上海	3.81	13.64	70497	53393	  1.32	14	1877	--  	      44675.94	
="000636"	风华高科	0.44	9.20	0.04	9.19	9.20	109703	431	0.00	          1.64	9.15	9.43	9.04	9.16	   106.45	101522424	  0.93	元器件	广东	4.26	9.25	60999	48703	  1.25	702	446	--  	      67093.63	
="002033"	丽江旅游	0.39	15.62	0.06	15.62	15.63	64933	237	0.06	          3.30	15.53	15.65	15.10	15.56	    20.30	99731568	  1.50	旅游景点	云南	3.53	15.36	36408	28524	  1.28	134	123	--  	      19658.59	
="002064"	华峰氨纶	0.35	11.37	0.04	11.36	11.37	279011	1649	0.17	          4.18	11.06	11.41	10.93	11.33	    23.70	310821088	  1.42	化纤	浙江	4.24	11.14	143044	135967	  1.05	1306	1117	--  	      66669.71	
="000012"	南  玻Ａ	0.33	9.16	0.03	9.15	9.16	746966	5007	0.00	          5.73	9.14	9.38	9.02	9.13	    19.34	687210880	  1.31	玻璃	深圳	3.94	9.20	377607	369358	  1.02	2510	767	--  	     130276.85	
="600616"	金枫酒业	0.31	9.60	0.03	9.59	9.60	122127	15	0.31	          2.78	9.50	9.63	9.45	9.57	    55.30	116482072	  0.65	红黄药酒	上海	1.88	9.54	70968	51159	  1.39	231	17	--  	      43867.14	
="600467"	好当家	0.31	6.55	0.02	6.55	6.56	163354	244	0.00	          2.24	6.50	6.61	6.46	6.53	   162.61	106826288	  1.11	渔业	山东	2.30	6.54	85440	77914	  1.10	1175	1723	--  	      73049.71	
="000899"	赣能股份	0.28	7.12	0.02	7.11	7.12	188003	1237	0.14	          3.39	7.02	7.16	6.97	7.10	    12.26	132711880	  1.21	火力发电	江西	2.68	7.06	105818	82185	  1.29	490	896	--  	      55518.16	
="000669"	金鸿能源	0.17	28.80	0.05	28.79	28.80	21341	374	0.10	          0.93	28.58	29.38	28.05	28.75	    37.06	60899388	  0.49	供气供热	吉林	4.63	28.54	10966	10374	  1.06	18	36	--  	      22855.91	
="000792"	盐湖股份	0.17	23.52	0.04	23.52	23.53	193800	1036	0.08	          1.81	23.25	23.92	23.00	23.48	    42.98	454253248	  1.31	农药化肥	青海	3.92	23.44	106687	87112	  1.22	174	641	--  	     107353.50	
="300048"	合康变频	0.16	12.83	0.02	12.82	12.83	128149	1309	-0.23	          4.30	12.85	13.13	12.76	12.81	   146.80	165785392	  0.94	电气设备	北京	2.89	12.94	56759	71390	  0.80	157	8798	--  	      29812.73	
="600166"	福田汽车	0.15	6.59	0.01	6.58	6.59	1159482	185	0.15	          4.57	6.50	6.81	6.44	6.58	    46.10	768736960	  1.67	汽车整车	北京	5.62	6.63	557304	602178	  0.93	1212	151	--  	     253810.02	
="600638"	新黄浦	0.12	16.33	0.02	16.33	16.34	100580	3	-0.18	          1.79	16.18	16.60	15.82	16.31	    92.84	162538416	  1.23	区域地产	上海	4.78	16.16	43685	56894	  0.77	37	52	--  	      56116.39	
="600489"	中金黄金	0.09	11.65	0.01	11.64	11.65	1381695	75	0.00	          4.69	11.64	12.07	11.31	11.64	    65.42	1613689856	  1.57	黄金	北京	6.53	11.68	724743	656952	  1.10	1300	2905	--  	     294322.88	
="002419"	天虹商场	0.08	12.85	0.01	12.84	12.85	73522	651	0.23	          0.92	12.60	12.96	12.41	12.84	    21.93	93740904	  0.76	百货	深圳	4.28	12.75	39122	34400	  1.14	133	475	--  	      80020.00	
="000789"	万年青	0.07	14.14	0.01	14.13	14.14	166146	1728	0.28	          4.06	13.90	14.14	13.70	14.13	    11.56	231345312	  0.78	水泥	江西	3.11	13.92	87530	78616	  1.11	562	1199	--  	      40888.75	
="600116"	三峡水利	0.07	14.99	0.01	14.99	15.00	136871	14	0.33	          5.12	14.88	15.00	14.56	14.98	    25.81	201852000	  0.67	水力发电	重庆	2.94	14.75	69673	67197	  1.04	314	149	--  	      26753.32	
="600986"	科达股份	0.00	7.05	0.00	--  	--  	0	0	0.00	          0.00	--  	--  	--  	7.05	    36.88	0	  0.00	建筑施工	山东	0.00	7.05	0	0	--  	0	0	--  	      33526.96	
="600981"	汇鸿股份	0.00	4.21	0.00	--  	--  	0	0	0.00	          0.00	--  	--  	--  	4.21	    92.48	0	  0.00	商贸代理	江苏	0.00	4.21	0	0	--  	0	0	--  	      51610.64	
="600824"	益民集团	0.00	6.89	0.00	6.88	6.89	145016	8	0.29	          1.65	6.85	6.93	6.77	6.89	    28.92	99211224	  0.82	百货	上海	2.32	6.84	78351	66665	  1.18	419	31	--  	      87835.59	
="600749"	西藏旅游	0.00	12.18	0.00	--  	--  	0	0	0.00	          0.00	--  	--  	--  	12.18	  1161.76	0	  0.00	旅游景点	西藏	0.00	12.18	0	0	--  	0	0	--  	      18913.78	
="600575"	皖江物流	0.00	4.11	0.00	--  	--  	0	0	0.00	          0.00	--  	--  	--  	4.11	--  	0	  0.00	水运	安徽	0.00	4.11	0	0	--  	0	0	--  	     142320.00	
="600365"	通葡股份	0.00	11.38	0.00	--  	--  	0	0	0.00	          0.00	--  	--  	--  	11.38	  5686.21	0	  0.00	红黄药酒	吉林	0.00	11.38	0	0	--  	0	0	--  	      14000.00	
="600318"	巢东股份	0.00	11.20	0.00	--  	--  	0	0	0.00	          0.00	--  	--  	--  	11.20	    17.93	0	  0.00	水泥	安徽	0.00	11.20	0	0	--  	0	0	--  	      24200.00	
="600241"	时代万恒	0.00	8.28	0.00	--  	--  	0	0	0.00	          0.00	--  	--  	--  	8.28	--  	0	  0.00	商贸代理	辽宁	0.00	8.28	0	0	--  	0	0	--  	      18020.00	
="600105"	永鼎股份	0.00	9.86	0.00	--  	--  	0	0	0.00	          0.00	--  	--  	--  	9.86	    22.23	0	  0.00	通信设备	江苏	0.00	9.86	0	0	--  	0	0	--  	      38095.46	
="600103"	青山纸业	0.00	3.66	0.00	--  	--  	0	0	0.00	          0.00	--  	--  	--  	3.66	   601.14	0	  0.00	造纸	福建	0.00	3.66	0	0	--  	0	0	--  	     106184.15	
="600091"	ST明科	0.00	7.02	0.00	--  	--  	0	0	0.00	          0.00	--  	--  	--  	7.02	--  	0	  0.00	化工原料	内蒙	0.00	7.02	0	0	--  	0	0	--  	      33652.60	
="600090"	啤酒花	0.00	8.13	0.00	--  	--  	0	0	0.00	          0.00	--  	--  	--  	8.13	    36.46	0	  0.00	啤酒	新疆	0.00	8.13	0	0	--  	0	0	--  	      36791.66	
="300313"	天山生物	--  	23.69	--  	--  	--  	0	0	--  	          0.00	--  	--  	--  	23.69	   258.62	0	  0.00	农业综合	新疆	0.00	23.69	0	0	--  	0	0	--  	       4177.81	
="300144"	宋城演艺	--  	30.12	--  	--  	--  	0	0	--  	          0.00	--  	--  	--  	30.12	    39.83	0	  0.00	旅游景点	浙江	0.00	30.12	0	0	--  	0	0	--  	      19553.75	
="002558"	世纪游轮	--  	31.65	--  	--  	--  	0	0	--  	          0.00	--  	--  	--  	31.65	   271.60	0	  0.00	旅游服务	重庆	0.00	31.65	0	0	--  	0	0	--  	       3244.39	
="002529"	海源机械	--  	15.03	--  	--  	--  	0	0	--  	          0.00	--  	--  	--  	15.03	--  	0	  0.00	专用机械	福建	0.00	15.03	0	0	--  	0	0	--  	      15608.25	
="002509"	天广消防	--  	12.27	--  	--  	--  	0	0	--  	          0.00	--  	--  	--  	12.27	    51.77	0	  0.00	专用机械	福建	0.00	12.27	0	0	--  	0	0	--  	      23109.89	
="002324"	普利特	--  	19.90	--  	--  	--  	0	0	--  	          0.00	--  	--  	--  	19.90	    26.33	0	  0.00	塑料	上海	0.00	19.90	0	0	--  	0	0	--  	      15582.66	
="002323"	中联电气	--  	21.95	--  	--  	--  	0	0	--  	          0.00	--  	--  	--  	21.95	   130.92	0	  0.00	电气设备	江苏	0.00	21.95	0	0	--  	0	0	--  	       8350.16	
="002168"	深圳惠程	--  	10.13	--  	--  	--  	0	0	--  	          0.00	--  	--  	--  	10.13	--  	0	  0.00	电气设备	深圳	0.00	10.13	0	0	--  	0	0	--  	      56803.58	
="002044"	江苏三友	--  	10.04	--  	--  	--  	0	0	--  	          0.00	--  	--  	--  	10.04	    43.13	0	  0.00	服饰	江苏	0.00	10.04	0	0	--  	0	0	--  	      22410.00	
="002009"	天奇股份	--  	16.30	--  	--  	--  	0	0	--  	          0.00	--  	--  	--  	16.30	    47.89	0	  0.00	工程机械	江苏	0.00	16.30	0	0	--  	0	0	--  	      25991.22	
="002006"	*ST精功	--  	8.75	--  	--  	--  	0	0	--  	          0.00	--  	--  	--  	8.75	--  	0	  0.00	工程机械	浙江	0.00	8.75	0	0	--  	0	0	--  	      43677.89	
="000796"	易食股份	--  	7.23	--  	--  	--  	0	0	--  	          0.00	--  	--  	--  	7.23	    95.94	0	  0.00	食品	陕西	0.00	7.23	0	0	--  	0	0	--  	      24652.30	
="000627"	天茂集团	--  	4.10	--  	--  	--  	0	0	--  	          0.00	--  	--  	--  	4.10	    28.37	0	  0.00	化工原料	湖北	0.00	4.10	0	0	--  	0	0	--  	     135358.98	
="000533"	万 家 乐	--  	5.97	--  	--  	--  	0	0	--  	          0.00	--  	--  	--  	5.97	    35.25	0	  0.00	家用电器	广东	0.00	5.97	0	0	--  	0	0	--  	      68487.71	
="000514"	渝 开 发	--  	7.08	--  	--  	--  	0	0	--  	          0.00	--  	--  	--  	7.08	    36.98	0	  0.00	区域地产	重庆	0.00	7.08	0	0	--  	0	0	--  	      84377.09	
="000498"	山东路桥	--  	4.64	--  	--  	--  	0	0	--  	          0.00	--  	--  	--  	4.64	    27.67	0	  0.00	建筑施工	山东	0.00	4.64	0	0	--  	0	0	--  	      35417.01	
="000418"	小天鹅Ａ	-0.21	14.00	-0.03	14.00	14.01	122123	700	0.00	          2.79	13.90	14.48	13.80	14.03	    12.92	172110864	  1.46	家用电器	江苏	4.85	14.09	64594	57529	  1.12	217	135	--  	      43776.10	
="601933"	永辉超市	-0.22	9.09	-0.02	9.09	9.10	439420	16	0.22	          1.43	9.05	9.10	8.90	9.11	    34.19	395725184	  0.95	超市连锁	福建	2.20	9.01	222390	217029	  1.02	128	3097	--  	     307160.00	
="601877"	正泰电器	-0.47	31.68	-0.15	31.70	31.72	41162	3	-0.03	          0.41	31.43	32.32	30.61	31.83	    18.23	130336512	  0.82	电气设备	浙江	5.37	31.66	21257	19905	  1.07	24	84	--  	     101144.64	
="002305"	南国置业	-0.55	7.27	-0.04	7.27	7.28	175388	3061	-0.27	          2.65	7.21	7.30	7.01	7.31	    37.85	125837360	  0.59	区域地产	湖北	3.97	7.17	94391	80997	  1.17	437	2295	--  	      66064.96	
="600648"	外高桥	-0.79	32.63	-0.26	32.58	32.59	82923	15	0.33	          1.02	32.70	33.36	32.27	32.89	    50.95	271073568	  0.61	园区开发	上海	3.31	32.69	44166	38756	  1.14	99	54	--  	      81022.34	
="002646"	青青稞酒	-0.99	22.00	-0.22	21.99	22.00	64557	650	0.31	          1.43	21.97	22.34	21.63	22.22	    27.46	141525520	  0.84	白酒	青海	3.20	21.92	37704	26853	  1.40	978	908	--  	      45000.00	
="002237"	恒邦股份	-0.99	16.92	-0.17	16.92	16.93	125185	1219	0.00	          3.13	17.06	17.28	16.52	17.09	    24.60	211225424	  1.34	黄金	山东	4.45	16.87	69587	55597	  1.25	747	209	--  	      40015.00	
="600739"	辽宁成大	-1.01	21.62	-0.22	21.62	21.63	600150	47	0.00	          4.40	21.60	22.08	21.05	21.84	    33.76	1296280960	  0.85	商贸代理	辽宁	4.72	21.60	318638	281511	  1.13	405	10	--  	     136470.98	
="600335"	国机汽车	-1.01	19.52	-0.20	19.51	19.52	105537	191	-0.05	          1.88	19.77	20.62	19.48	19.72	    14.69	210794688	  1.72	汽车配件	天津	5.78	19.97	53665	51871	  1.03	5	16	--  	      56000.46	
="600581"	八一钢铁	-1.03	5.78	-0.06	5.77	5.78	238017	86	0.52	          3.11	5.78	5.85	5.65	5.84	--  	136552848	  0.87	普钢	新疆	3.42	5.74	122141	115876	  1.05	61	1289	--  	      76644.89	
="600199"	金种子酒	-1.06	12.12	-0.13	12.12	12.13	249038	8	0.00	          4.48	12.11	12.25	11.90	12.25	    89.81	300760224	  0.76	白酒	安徽	2.86	12.08	137825	111212	  1.24	106	626	--  	      55577.50	
="600066"	宇通客车	-1.08	23.73	-0.26	23.71	23.72	275210	3	-0.29	          2.21	23.61	25.37	23.48	23.99	    23.33	667299776	  1.13	汽车整车	河南	7.88	24.25	146956	128254	  1.15	309	770	--  	     124421.64	
="000655"	金岭矿业	-1.15	9.49	-0.11	9.48	9.49	120697	3599	0.31	          2.03	9.60	9.67	9.30	9.60	    28.96	114611288	  1.27	普钢	山东	3.85	9.50	67234	53462	  1.26	204	1046	--  	      59534.01	
="600779"	水井坊	-1.18	10.09	-0.12	10.09	10.10	133495	114	0.09	          4.52	10.15	10.24	9.97	10.21	--  	134901344	  0.74	白酒	四川	2.64	10.11	72187	61308	  1.18	117	301	--  	      29532.34	
="002244"	滨江集团	-1.20	8.21	-0.10	8.20	8.21	224147	883	0.12	          1.95	8.20	8.35	8.07	8.31	    14.62	183213072	  0.78	区域地产	浙江	3.37	8.17	124198	99948	  1.24	227	68	--  	     114773.00	
="600697"	欧亚集团	-1.23	25.65	-0.32	25.61	25.65	28827	2	-0.19	          1.86	25.50	26.08	25.31	25.97	    16.53	74141160	  0.64	百货	吉林	2.96	25.72	15251	13575	  1.12	17	8	--  	      15515.59	
="600621"	华鑫股份	-1.30	8.36	-0.11	8.35	8.36	176097	20	0.11	          3.36	8.37	8.65	8.30	8.47	    34.80	148962240	  1.07	全国地产	上海	4.13	8.46	104659	71437	  1.47	361	110	--  	      52408.23	
="600277"	亿利能源	-1.31	9.03	-0.12	9.04	9.05	556531	91	-0.22	          2.66	9.16	9.16	8.76	9.15	    37.29	498274624	  0.84	化工原料	内蒙	4.37	8.95	297777	258754	  1.15	174	220	--  	     208958.95	
="000537"	广宇发展	-1.34	8.86	-0.12	8.85	8.86	324478	2840	0.33	          6.33	8.88	8.98	8.65	8.98	    13.85	285610208	  0.92	区域地产	天津	3.67	8.80	182777	141700	  1.29	1211	64	--  	      51271.33	
="600280"	中央商场	-1.35	14.60	-0.20	14.62	14.63	75400	20	-0.20	          1.31	14.58	14.80	14.20	14.80	    12.71	109370896	  0.76	百货	江苏	4.05	14.51	39275	36124	  1.09	103	86	--  	      57416.73	
="603001"	奥康国际	-1.39	17.70	-0.25	17.69	17.73	74952	47	0.00	          6.41	18.01	18.55	17.46	17.95	    28.69	134000232	  2.01	服饰	浙江	6.07	17.88	41078	33873	  1.21	11	2	--  	      11694.90	
="600284"	浦东建设	-1.42	11.80	-0.17	11.79	11.80	264271	36	0.25	          4.00	11.88	12.04	11.61	11.97	    25.83	310950080	  0.61	建筑施工	上海	3.59	11.77	142366	121904	  1.17	504	201	--  	      66104.00	
="002155"	辰州矿业	-1.45	10.86	-0.16	10.85	10.86	553576	2332	0.09	          5.56	10.81	11.17	10.50	11.02	    78.76	598911552	  1.04	黄金	湖南	6.08	10.82	294402	259174	  1.14	769	1935	--  	      99608.52	
="600642"	申能股份	-1.49	6.63	-0.10	6.63	6.64	647094	75	0.00	          1.42	6.64	6.71	6.54	6.73	    15.91	427838016	  0.85	火力发电	上海	2.53	6.61	339721	307372	  1.11	2600	3012	--  	     455203.84	
="600183"	生益科技	-1.49	7.95	-0.12	7.95	7.96	282939	166	0.25	          1.99	8.01	8.06	7.83	8.07	    20.20	224578080	  0.87	元器件	广东	2.85	7.94	170978	111960	  1.53	121	800	--  	     142301.81	
="002428"	云南锗业	-1.55	15.27	-0.24	15.26	15.27	256380	1358	0.06	          4.13	15.38	15.58	14.99	15.51	    70.83	390338592	  1.22	小金属	云南	3.80	15.23	144263	112116	  1.29	255	6532	--  	      62002.58	
="600618"	氯碱化工	-1.56	10.11	-0.16	10.12	10.13	99966	10	0.29	          1.33	10.31	10.33	9.92	10.27	--  	100925168	  0.84	化工原料	上海	3.99	10.10	56290	43675	  1.29	19	11	--  	      74984.00	
="000404"	华意压缩	-1.59	8.05	-0.13	8.05	8.06	230715	1627	0.00	          4.66	8.08	8.17	7.88	8.18	    20.99	184892400	  0.63	专用机械	江西	3.55	8.01	140573	90142	  1.56	799	2778	--  	      49550.89	
="600326"	西藏天路	-1.65	8.92	-0.15	8.92	8.93	157019	16	0.22	          2.87	9.02	9.02	8.82	9.07	    71.77	139587760	  0.65	建筑施工	西藏	2.21	8.89	93510	63509	  1.47	180	426	--  	      54720.00	
="601857"	中国石油	-1.68	11.69	-0.20	11.69	11.70	3892349	231	-0.51	          0.24	12.10	12.33	11.50	11.89	    16.71	4626943488	  1.45	石油开采	北京	6.98	11.89	2123710	1768639	  1.20	226	4988	--  	   16192208.00	
="600050"	中国联通	-1.71	5.17	-0.09	5.16	5.17	5634698	387	0.00	          2.66	5.16	5.25	5.05	5.26	    23.48	2905527296	  1.07	电信运营	上海	3.80	5.16	2936891	2697806	  1.09	6673	1846	--  	    2119659.75	
="600015"	华夏银行	-1.77	13.30	-0.24	13.30	13.31	1945766	32	0.15	          3.00	13.36	13.86	13.13	13.54	     6.74	2614867968	  0.68	银行	北京	5.39	13.44	998399	947366	  1.05	474	340	--  	     648768.69	
="600295"	鄂尔多斯	-1.78	9.37	-0.17	9.36	9.37	103609	100	0.00	          1.69	9.54	9.54	9.20	9.54	    27.38	96611520	  0.92	服饰	内蒙	3.56	9.32	61431	42178	  1.46	36	8	--  	      61200.00	
="600278"	东方创业	-1.83	12.91	-0.24	12.91	12.92	78467	1	0.07	          1.50	13.00	13.20	12.72	13.15	    52.95	101450456	  0.69	商贸代理	上海	3.65	12.93	47371	31096	  1.52	1	22	--  	      52224.17	
="002233"	塔牌集团	-2.03	10.13	-0.21	10.13	10.14	182604	1623	0.00	          3.29	10.23	10.31	10.03	10.34	    13.77	185020304	  0.67	水泥	广东	2.71	10.13	105028	77575	  1.35	408	3222	--  	      55565.60	
="002221"	东华能源	-2.04	16.84	-0.35	16.83	16.84	52216	206	0.05	          1.17	17.19	17.19	16.45	17.19	   191.64	87445624	  0.95	石油贸易	江苏	4.30	16.75	31347	20869	  1.50	2	102	--  	      44718.82	
="601699"	潞安环能	-2.05	12.43	-0.26	12.41	12.42	1107463	35	-0.08	          4.81	12.99	13.23	12.25	12.69	    33.78	1409934976	  1.86	煤炭开采	山西	7.72	12.73	566373	541090	  1.05	1516	73	--  	     230108.41	
="000552"	靖远煤电	-2.07	10.88	-0.23	10.87	10.88	359312	1391	0.18	         10.15	11.29	11.49	10.74	11.11	    21.55	399970272	  2.31	煤炭开采	甘肃	6.75	11.13	174704	184607	  0.95	342	1510	--  	      35412.42	
="600259"	广晟有色	-2.14	59.83	-1.31	59.85	59.89	100468	1	-0.06	          4.03	61.20	61.30	58.80	61.14	  1310.17	602233984	  0.96	小金属	海南	4.09	59.94	54637	45830	  1.19	8	18	--  	      24940.00	
="600009"	上海机场	-2.14	20.09	-0.44	20.09	20.10	345389	4	0.19	          3.16	20.30	20.78	19.84	20.53	    18.39	696850240	  1.61	机场	上海	4.58	20.18	177357	168031	  1.06	106	200	--  	     109347.64	
="000726"	鲁  泰Ａ	-2.25	12.17	-0.28	12.17	12.18	145704	840	0.08	          2.60	12.45	12.64	12.10	12.45	    12.28	179124560	  0.83	纺织	山东	4.34	12.29	80564	65140	  1.24	506	62	--  	      56110.69	
="000869"	张  裕Ａ	-2.39	36.70	-0.90	36.70	36.71	61728	152	-0.05	          1.36	37.10	37.47	36.00	37.60	    23.61	226194496	  1.33	红黄药酒	山东	3.91	36.64	36728	24999	  1.47	187	117	--  	      45346.07	
="600888"	新疆众和	-2.42	8.08	-0.20	8.08	8.09	162581	31	0.24	          2.54	8.18	8.25	7.98	8.28	--  	131426488	  0.68	铝	新疆	3.26	8.08	104087	58493	  1.78	681	378	--  	      64122.58	
="600873"	梅花生物	-2.44	7.20	-0.18	7.19	7.20	418093	20	-0.13	          1.35	7.28	7.33	7.12	7.38	    61.88	301398496	  0.71	食品	西藏	2.85	7.21	243074	175019	  1.39	895	849	--  	     310822.66	
="000608"	阳光股份	-2.48	5.11	-0.13	5.10	5.11	312190	4140	0.00	          4.16	5.18	5.25	5.08	5.24	   160.71	160514688	  0.71	区域地产	广西	3.24	5.14	179734	132456	  1.36	3942	4441	--  	      74991.32	
="002481"	双塔食品	-2.48	17.29	-0.44	17.29	17.30	32654	68	-0.11	          0.87	17.74	17.74	17.10	17.73	    50.12	56478120	  0.99	食品	山东	3.61	17.30	22091	10563	  2.09	34	180	--  	      37455.17	
="000157"	中联重科	-2.52	6.95	-0.18	6.95	6.96	2944603	13081	0.14	          4.70	7.13	7.13	6.85	7.13	    40.16	2055523840	  0.79	工程机械	湖南	3.93	6.98	1529072	1415530	  1.08	11864	8464	--  	     626117.19	
="000758"	中色股份	-2.54	15.75	-0.41	15.75	15.76	744434	5548	0.00	          8.26	16.00	16.11	15.30	16.16	   165.19	1165178368	  1.26	铅锌	北京	5.01	15.65	387824	356609	  1.09	1468	706	--  	      90156.15	
="600801"	华新水泥	-2.66	10.60	-0.29	10.61	10.62	330508	17	0.00	          3.40	10.87	10.87	10.40	10.89	    14.60	350947040	  0.72	水泥	湖北	4.32	10.62	167834	162674	  1.03	83	138	--  	      97167.99	
="600197"	伊力特	-2.70	12.59	-0.35	12.57	12.58	199425	30	0.07	          4.52	12.74	12.87	12.40	12.94	    15.33	251597824	  1.29	白酒	新疆	3.63	12.62	109771	89653	  1.22	1303	669	--  	      44100.00	
="601666"	平煤股份	-2.87	6.44	-0.19	6.44	6.45	1257266	40	0.15	          5.32	6.66	6.85	6.35	6.63	   131.93	827604416	  1.66	煤炭开采	河南	7.54	6.58	676967	580299	  1.17	275	1920	--  	     236116.50	
="600675"	中华企业	-2.89	6.73	-0.20	6.72	6.73	652923	251	0.29	          3.50	6.85	6.90	6.62	6.93	    61.26	440785120	  0.75	区域地产	上海	4.04	6.75	354101	298821	  1.18	1691	107	--  	     186705.94	
="000937"	冀中能源	-3.05	8.89	-0.28	8.89	8.90	976066	5661	0.33	          4.42	9.26	9.35	8.68	9.17	   444.34	880233472	  1.55	煤炭开采	河北	7.31	9.02	489387	486678	  1.01	499	2080	--  	     220706.56	
="600583"	海油工程	-3.06	10.76	-0.34	10.75	10.76	1581122	53	0.18	          3.90	10.88	10.99	10.51	11.10	    13.76	1702996480	  0.84	石油开采	天津	4.32	10.77	856944	724177	  1.18	1001	862	--  	     404901.41	
="600322"	天房发展	-3.30	4.69	-0.16	4.69	4.70	361558	22	-0.21	          3.27	4.78	4.80	4.65	4.85	    59.20	170692688	  0.89	区域地产	天津	3.09	4.72	226591	134966	  1.68	1484	403	--  	     110570.00	
="600159"	大龙地产	-3.35	4.62	-0.16	4.62	4.63	302078	1	0.21	          3.64	4.69	4.71	4.54	4.78	    31.27	139728000	  0.89	区域地产	北京	3.56	4.63	192097	109981	  1.75	200	789	--  	      83000.32	
="000011"	深物业A	-3.47	9.75	-0.35	9.74	9.75	120052	1180	0.00	          6.83	9.90	9.93	9.59	10.10	    13.49	116933128	  0.94	区域地产	深圳	3.37	9.74	71927	48125	  1.49	107	220	--  	      17586.25	
="600362"	江西铜业	-3.55	19.56	-0.72	19.56	19.57	1066281	10	0.00	          5.14	20.45	20.65	19.34	20.28	    21.85	2120764416	  1.73	铜	江西	6.46	19.89	571463	494818	  1.15	50	210	--  	     207524.73	
="600007"	中国国贸	-3.55	15.20	-0.56	15.19	15.20	52222	5	0.13	          0.52	15.70	15.70	15.00	15.76	    26.76	79647248	  0.87	园区开发	北京	4.44	15.25	30108	22113	  1.36	224	49	--  	     100728.25	
="600740"	山西焦化	-3.65	7.12	-0.27	7.12	7.13	377518	415	0.28	          5.75	7.32	7.34	7.02	7.39	   198.21	270129216	  1.44	焦炭加工	山西	4.33	7.16	199990	177528	  1.13	61	439	--  	      65683.27	
="000718"	苏宁环球	-3.81	6.57	-0.26	6.57	6.58	371808	1781	0.00	          2.53	6.75	6.78	6.47	6.83	   279.42	244809120	  1.07	区域地产	吉林	4.54	6.58	241476	130331	  1.85	2864	5740	--  	     146984.73	
="600121"	郑州煤电	-3.83	6.03	-0.24	6.02	6.03	304348	10	0.16	          4.36	6.18	6.28	5.97	6.27	--  	185343984	  1.80	煤炭开采	河南	4.94	6.09	157603	146745	  1.07	1545	96	--  	      69834.40	
="600688"	上海石化	-4.04	4.51	-0.19	4.51	4.52	2236016	363	0.22	          9.38	4.61	4.64	4.40	4.70	--  	1009098304	  1.31	石油加工	上海	5.11	4.51	1189573	1046442	  1.14	898	4328	--  	     238500.00	
="600067"	冠城大通	-4.11	7.93	-0.34	7.93	7.94	363326	200	0.12	          3.04	8.20	8.20	7.81	8.27	    20.82	289693088	  0.83	全国地产	福建	4.72	7.97	202246	161079	  1.26	467	783	--  	     119334.20	
="000096"	广聚能源	-4.50	7.85	-0.37	7.85	7.86	184391	1771	-0.12	          3.61	8.00	8.10	7.74	8.22	    41.20	145382848	  1.30	石油贸易	深圳	4.38	7.88	103607	80783	  1.28	1132	584	--  	      51084.80	
="600123"	兰花科创	-4.59	10.81	-0.52	10.82	10.83	1133005	19	0.55	          9.92	11.27	11.39	10.64	11.33	   527.04	1240917120	  1.70	煤炭开采	山西	6.62	10.95	608583	524421	  1.16	54	1148	--  	     114240.00	
="000042"	中洲控股	-4.69	14.84	-0.73	14.84	14.85	85471	299	-0.06	          1.79	15.36	15.40	14.77	15.57	    17.46	128117336	  0.74	全国地产	深圳	4.05	14.99	48580	36890	  1.32	709	360	--  	      47879.07	
="000401"	冀东水泥	-4.79	12.73	-0.64	12.73	12.74	236722	912	-0.07	          1.95	13.20	13.20	12.51	13.37	   620.29	303567584	  0.92	水泥	河北	5.16	12.82	136626	100095	  1.36	223	735	--  	     121233.36	
="600058"	五矿发展	-4.89	17.52	-0.90	17.52	17.53	389498	58	-0.22	          3.63	18.40	18.40	17.40	18.42	    79.72	691032320	  0.91	商贸代理	北京	5.43	17.74	229849	159648	  1.44	351	51	--  	     107191.07	
="000780"	平庄能源	-4.90	6.41	-0.33	6.41	6.42	591970	8972	0.00	          5.84	6.74	6.74	6.33	6.74	--  	384649408	  1.98	煤炭开采	内蒙	6.08	6.50	337930	254039	  1.33	1638	1480	--  	     101430.63	
数据来源:通达信
