代码	名称	涨幅%%	现价	涨跌	买价	卖价	总量	现量	涨速%%	换手%%	今开	最高	最低	昨收	市盈(动)	总金额	量比	细分行业	地区	振幅%%	均价	内盘	外盘	内外比	买量	卖量	未匹配量	流通股本	
="600755"	厦门国贸	10.02	6.37	0.58	6.37	--  	928834	39	          0.00	          6.98	5.82	6.37	5.77	5.79	    11.38	575360960	  1.70	商贸代理	福建	10.36	6.19	548202	380632	  1.44	440786	0	--  	     133083.59	
="600088"	中视传媒	9.33	22.86	1.95	22.87	22.88	313357	19	          0.13	          9.45	21.07	23.00	20.83	20.91	   143.03	710252480	  1.62	影视音像	上海	10.38	22.67	179847	133510	  1.35	125	1	--  	      33142.19	
="600717"	天津港	9.11	12.81	1.07	12.82	12.83	656045	1	          0.23	          3.92	11.74	12.90	11.67	11.74	    17.84	810471808	  2.09	港口	天津	10.48	12.35	262162	393883	  0.67	799	2720	--  	     167476.91	
="000897"	津滨发展	7.30	6.17	0.42	6.16	6.17	704510	12336	          0.32	          4.36	5.76	6.25	5.69	5.75	   329.64	421656672	  2.43	区域地产	天津	 9.74	5.99	288397	416113	  0.69	3702	12339	--  	     161708.06	
="000685"	中山公用	6.83	13.76	0.88	13.75	13.76	130648	1982	          0.00	          1.99	12.80	13.97	12.79	12.88	    18.93	176706176	  2.04	水务	广东	 9.16	13.53	55681	74967	  0.74	5872	323	--  	      65505.55	
="600727"	鲁北化工	5.91	6.09	0.34	6.06	6.07	177960	440	         -0.65	          5.07	5.75	6.20	5.75	5.75	   165.40	107825696	  1.42	农药化肥	山东	 7.83	6.06	75461	102499	  0.74	5	180	--  	      35092.66	
="300180"	华峰超纤	5.57	21.22	1.12	21.22	21.23	23805	539	          0.37	          2.06	20.33	21.37	20.19	20.10	    30.50	49821560	  1.50	化纤	上海	 5.87	20.93	9776	14029	  0.70	13	310	--  	      11531.30	
="300320"	海达股份	4.91	17.73	0.83	17.73	17.75	28173	548	          0.05	          4.07	16.95	18.18	16.95	16.90	    27.34	50113788	  1.75	橡胶	江苏	 7.28	17.79	12075	16098	  0.75	49	16	--  	       6921.29	
="000088"	盐 田 港	4.86	6.47	0.30	6.47	6.48	449397	9338	          0.31	          2.31	6.19	6.50	6.18	6.17	    28.09	286855168	  2.19	港口	深圳	 5.19	6.38	186047	263350	  0.71	10301	4403	--  	     194212.78	
="002215"	诺 普 信	4.51	10.19	0.44	10.19	10.20	93890	888	         -0.09	          1.82	9.75	10.43	9.70	9.75	    17.53	94825816	  1.16	农药化肥	深圳	 7.49	10.10	35782	58108	  0.62	317	1112	--  	      51575.60	
="600386"	北巴传媒	4.44	11.05	0.47	11.04	11.05	126320	97	          0.36	          3.13	10.61	11.07	10.52	10.58	    23.10	137745520	  1.25	公共交通	北京	 5.20	10.90	54847	71473	  0.77	200	21	--  	      40320.00	
="600082"	海泰发展	4.36	5.51	0.23	5.52	5.53	176961	350	          0.18	          2.81	5.27	5.60	5.22	5.28	   111.60	95063824	  1.27	园区开发	天津	 7.20	5.37	79861	97100	  0.82	259	158	--  	      62998.89	
="300203"	聚光科技	4.17	20.73	0.83	20.73	20.75	103270	862	         -0.48	          2.32	19.70	21.00	19.70	19.90	    78.26	213259440	  0.82	电器仪表	浙江	 6.53	20.65	49611	53659	  0.92	57	100	--  	      44500.00	
="600012"	皖通高速	4.12	5.05	0.20	5.03	5.04	62764	30	          0.19	          0.54	4.82	5.09	4.82	4.85	     9.55	31208592	  0.86	路桥	安徽	 5.57	4.97	26409	36355	  0.73	1396	70	--  	     116560.00	
="601007"	金陵饭店	4.09	10.94	0.43	10.94	10.96	52311	103	         -0.09	          1.74	10.56	10.96	10.29	10.51	   105.30	55422324	  0.83	酒店餐饮	江苏	 6.37	10.59	23829	28482	  0.84	195	245	--  	      30000.00	
="600800"	天津磁卡	4.08	7.39	0.29	7.39	7.40	215548	16	          0.00	          3.53	7.00	7.48	7.00	7.10	--  	156126288	  0.72	综合类	天津	 6.76	7.24	93087	122461	  0.76	1251	3239	--  	      61031.10	
="600693"	东百集团	3.92	8.21	0.31	8.19	8.20	57778	2	          0.00	          1.69	7.90	8.36	7.89	7.90	     8.29	47309416	  2.43	百货	福建	 5.95	8.19	17713	40065	  0.44	179	178	--  	      34216.55	
="600707"	彩虹股份	3.81	11.17	0.41	11.16	11.17	335956	4	          0.44	          4.57	10.57	11.29	10.42	10.76	--  	365921280	  1.06	元器件	陕西	 8.09	10.89	152765	183191	  0.83	72	133	--  	      73471.77	
="002031"	巨轮股份	3.80	11.19	0.41	11.18	11.19	123737	2478	          0.26	          3.02	10.80	11.20	10.73	10.78	    31.95	136046704	  1.08	汽车配件	广东	 4.36	10.99	55424	68313	  0.81	1477	1112	--  	      40972.19	
="002656"	卡奴迪路	3.76	17.13	0.62	17.12	17.13	60921	852	          0.23	         10.20	16.50	17.24	16.33	16.51	    84.84	102084528	  1.83	服饰	广东	 5.51	16.76	30756	30165	  1.02	60	585	--  	       5975.00	
="600125"	铁龙物流	3.69	7.03	0.25	7.02	7.03	346095	100	          0.28	          2.65	6.76	7.07	6.73	6.78	    26.26	241488480	  1.10	铁路	辽宁	 5.01	6.98	157510	188585	  0.84	722	481	--  	     130552.18	
="300294"	博雅生物	3.60	63.07	2.19	63.07	63.18	8679	41	          0.11	          2.72	60.85	64.78	60.65	60.88	    53.77	54533968	  0.79	生物制药	江西	 6.78	62.83	3791	4888	  0.78	9	5	--  	       3188.44	
="300204"	舒泰神	3.58	27.75	0.96	27.74	27.75	22716	62	          0.03	          0.96	27.80	28.48	27.43	26.79	    55.14	63457108	  1.69	生物制药	北京	 3.92	27.93	8741	13975	  0.63	1	221	--  	      23575.42	
="600179"	黑化股份	3.49	7.42	0.25	7.42	7.43	126451	9	          0.54	          3.24	7.16	7.50	7.04	7.17	--  	92523672	  0.86	焦炭加工	黑龙江	 6.42	7.32	51026	75425	  0.68	600	332	--  	      39000.00	
="600097"	开创国际	3.42	13.59	0.45	13.58	13.59	16767	10	          0.44	          1.45	13.14	13.69	13.11	13.14	    36.32	22369390	  0.50	渔业	上海	 4.41	13.34	7552	9215	  0.82	37	126	--  	      11544.99	
="600033"	福建高速	3.25	2.86	0.09	2.86	2.87	787735	32	         -0.34	          2.87	2.76	2.98	2.75	2.77	    12.13	227150960	  1.00	路桥	福建	 8.30	2.88	303185	484550	  0.63	489	667	--  	     274440.00	
="002702"	海欣食品	3.24	18.46	0.58	18.45	18.46	20588	474	          0.10	          3.38	17.93	18.47	17.82	17.88	--  	37568548	  1.75	食品	福建	 3.64	18.25	5539	15049	  0.37	83	57	--  	       6100.00	
="002168"	深圳惠程	3.01	9.58	0.28	9.57	9.58	358449	4066	          0.00	          6.31	9.35	9.89	9.18	9.30	--  	343268576	  1.07	电气设备	深圳	 7.63	9.58	152810	205639	  0.74	257	242	--  	      56803.58	
="000040"	宝安地产	3.01	5.14	0.15	5.13	5.14	51624	1052	          0.19	          1.11	5.02	5.18	4.95	4.99	   126.50	26448566	  1.00	全国地产	深圳	 4.61	5.12	25670	25954	  0.99	2282	645	--  	      46443.83	
="002398"	建研集团	2.94	16.47	0.47	16.45	16.47	53921	180	          0.30	          2.82	16.04	16.99	15.95	16.00	    19.32	88291248	  0.88	建筑施工	福建	 6.50	16.37	26792	27129	  0.99	21	61	--  	      19113.78	
="002677"	浙江美大	2.93	17.90	0.51	17.89	17.90	55354	977	         -0.11	         11.07	17.80	18.17	17.49	17.39	    37.17	98455152	  1.33	家用电器	浙江	 3.91	17.79	20577	34777	  0.59	8	212	--  	       5000.00	
="600615"	丰华股份	2.90	12.78	0.36	12.76	12.78	32331	6	          0.39	          1.72	12.44	12.81	12.40	12.42	   170.69	40921280	  0.72	区域地产	上海	 3.30	12.66	14654	17677	  0.83	138	30	--  	      18762.44	
="600758"	红阳能源	2.83	9.80	0.27	9.78	9.80	61023	135	         -0.50	          5.30	9.53	9.93	9.42	9.53	   102.75	59476140	  1.34	供气供热	辽宁	 5.35	9.75	27051	33972	  0.80	40	38	--  	      11505.03	
="002294"	信立泰	2.62	35.19	0.90	35.19	35.20	41691	457	          0.05	          1.45	34.32	35.35	34.30	34.29	    22.96	145708928	  0.77	化学制药	深圳	 3.06	34.95	17288	24403	  0.71	103	239	--  	      28698.46	
="300159"	新研股份	2.61	12.20	0.31	12.18	12.20	120597	797	          0.49	          4.28	11.79	12.40	11.78	11.89	   136.48	146862112	  0.99	农用机械	新疆	 5.21	12.18	64163	56434	  1.14	399	1338	--  	      28153.14	
="000998"	隆平高科	2.60	17.75	0.45	17.72	17.75	138257	6796	          0.56	          1.66	17.22	17.85	17.19	17.30	    66.97	242159120	  0.77	种植业	湖南	 3.82	17.52	61393	76864	  0.80	19	2143	--  	      83123.59	
="000516"	开元投资	2.58	9.16	0.23	9.15	9.16	391873	3457	          0.32	          5.56	9.01	9.38	8.90	8.93	    23.63	360236448	  0.85	百货	陕西	 5.38	9.19	197985	193888	  1.02	3652	1687	--  	      70442.67	
="600712"	南宁百货	2.54	5.24	0.13	5.24	5.25	155481	285	          0.00	          2.89	5.07	5.26	4.97	5.11	   187.11	79638096	  1.17	百货	广西	 5.68	5.12	78272	77209	  1.01	1169	819	--  	      53772.91	
="002409"	雅克科技	2.50	21.69	0.53	21.68	21.69	54014	450	          0.04	          6.54	21.07	21.79	20.64	21.16	    55.82	115143104	  3.88	化工原料	江苏	 5.43	21.32	9311	44703	  0.21	136	298	--  	       8253.00	
="002232"	启明信息	2.34	12.23	0.28	12.23	12.24	176329	1176	          0.00	          4.43	11.94	12.29	11.82	11.95	  1942.67	214627344	  1.69	软件服务	吉林	 3.93	12.17	66672	109657	  0.61	1735	336	--  	      39797.07	
="002333"	罗普斯金	2.33	13.20	0.30	13.15	13.20	19668	112	          0.53	          0.81	12.91	13.29	12.69	12.90	    54.25	25761340	  0.47	铝	江苏	 4.65	13.10	10260	9408	  1.09	300	39	--  	      24248.49	
="600380"	健康元	2.25	6.81	0.15	6.81	6.82	129990	35	          0.44	          0.84	6.67	6.82	6.58	6.66	    26.29	87388440	  0.63	化学制药	深圳	 3.60	6.72	54816	75174	  0.73	516	1466	--  	     154583.59	
="600993"	马应龙	2.22	20.75	0.45	20.71	20.79	51376	99	          0.48	          1.55	20.32	20.98	20.20	20.30	    26.35	105584128	  0.73	中成药	湖北	 3.84	20.55	24420	26956	  0.91	96	7	--  	      33087.71	
="600020"	中原高速	2.19	2.80	0.06	2.79	2.80	127542	16	          0.00	          0.57	2.73	2.91	2.72	2.74	    10.09	35843904	  0.84	路桥	河南	 6.93	2.81	53606	73936	  0.73	1213	226	--  	     224737.19	
="002231"	奥维通信	2.15	9.98	0.21	9.98	9.99	81328	1044	          0.30	          3.99	9.75	10.05	9.70	9.77	--  	80610344	  0.78	通信设备	辽宁	 3.58	9.91	34284	47044	  0.73	725	204	--  	      20369.00	
="002580"	圣阳股份	2.11	19.40	0.40	19.40	19.41	40636	206	         -0.05	          4.95	18.96	19.58	18.92	19.00	    70.80	78306528	  0.92	电气设备	山东	 3.47	19.27	20233	20403	  0.99	9	100	--  	       8209.24	
="000836"	鑫茂科技	2.05	7.45	0.15	7.44	7.45	102315	639	         -0.13	          3.50	7.50	7.73	7.34	7.30	--  	77107344	  1.15	软件服务	天津	 5.34	7.54	45694	56621	  0.81	560	50	--  	      29248.98	
="002169"	智光电气	2.04	10.49	0.21	10.48	10.49	195418	2723	          0.00	          7.95	10.30	10.50	10.08	10.28	    94.52	202773856	  2.24	电气设备	广东	 4.09	10.38	66123	129295	  0.51	752	523	--  	      24588.78	
="002496"	辉丰股份	2.04	17.00	0.34	17.00	17.01	41545	418	          0.00	          2.25	16.63	17.17	16.42	16.66	    25.96	70152720	  0.72	农药化肥	江苏	 4.50	16.89	23151	18394	  1.26	90	3	--  	      18456.77	
="000902"	新洋丰	2.00	14.28	0.28	14.27	14.28	82591	975	          0.21	          3.20	13.78	14.38	13.50	14.00	    14.98	115618600	  0.75	农药化肥	湖北	 6.29	14.00	41619	40972	  1.02	329	232	--  	      25800.00	
="002448"	中原内配	1.95	16.22	0.31	16.19	16.22	123599	2129	          0.55	          6.89	16.08	16.30	15.88	15.91	    19.62	199103376	  1.55	运输设备	河南	 2.64	16.11	34317	89282	  0.38	5	1223	--  	      17946.90	
="300042"	朗科科技	1.85	17.07	0.31	17.07	17.08	28569	212	          0.23	          3.90	16.80	17.31	16.80	16.76	    87.83	48947096	  0.96	电脑设备	深圳	 3.04	17.13	13281	15288	  0.87	0	12	--  	       7327.91	
="600483"	福建南纺	1.85	8.26	0.15	8.26	8.27	39650	12	          0.73	          1.37	8.06	8.39	8.06	8.11	   839.07	32741516	  0.87	纺织	福建	 4.07	8.26	18804	20846	  0.90	150	157	--  	      28848.36	
="600419"	天润乳业	1.81	21.38	0.38	21.33	21.38	7119	8	          0.89	          0.89	21.07	21.78	21.01	21.00	   102.18	15274093	  0.69	乳制品	新疆	 3.67	21.45	2968	4151	  0.72	5	2	--  	       8016.00	
="002511"	中顺洁柔	1.79	10.22	0.18	10.21	10.22	57625	408	          0.39	          1.42	10.06	10.38	10.01	10.04	    57.32	58973760	  0.67	造纸	广东	 3.69	10.23	23564	34061	  0.69	30	194	--  	      40451.92	
="601588"	北辰实业	1.76	3.46	0.06	3.46	3.47	343158	111	          0.28	          1.29	3.41	3.55	3.38	3.40	    24.48	118922944	  0.65	区域地产	北京	 5.00	3.47	156084	187074	  0.83	624	4837	--  	     266000.00	
="002687"	乔治白	1.76	11.00	0.19	10.99	11.00	20459	331	          0.00	          2.94	10.85	11.04	10.82	10.81	    34.21	22394726	  0.55	服饰	浙江	 2.04	10.95	8745	11714	  0.75	169	48	--  	       6961.27	
="601727"	上海电气	1.74	5.26	0.09	5.25	5.26	384324	398	          0.57	          0.39	5.21	5.33	5.16	5.17	    28.28	202262048	  1.15	电气设备	上海	 3.29	5.26	171708	212616	  0.81	506	215	--  	     985071.44	
="600635"	大众公用	1.62	5.65	0.09	5.65	5.66	171526	290	          0.00	          1.04	5.58	5.71	5.57	5.56	    37.61	96916176	  0.99	供气供热	上海	 2.52	5.65	72172	99354	  0.73	244	2287	--  	     164486.98	
="300211"	亿通科技	1.57	22.61	0.35	22.60	22.61	15330	175	          0.04	          3.23	22.22	22.80	22.01	22.26	    94.91	34565596	  1.12	通信设备	江苏	 3.55	22.55	6802	8528	  0.80	13	11	--  	       4739.52	
="600674"	川投能源	1.57	16.85	0.26	16.83	16.84	114984	1	          0.00	          0.52	16.65	16.88	16.45	16.59	     9.66	191950336	  0.74	火力发电	四川	 2.59	16.69	49770	65214	  0.76	155	4	--  	     220107.03	
="600300"	维维股份	1.54	5.27	0.08	5.27	5.28	171376	107	          0.00	          1.02	5.18	5.36	5.18	5.19	    73.09	90725904	  0.73	软饮料	江苏	 3.47	5.29	81093	90283	  0.90	389	1850	--  	     167200.00	
="600867"	通化东宝	1.53	15.25	0.23	15.25	15.26	152769	151	          0.06	          1.49	15.01	15.35	14.89	15.02	    53.72	231437440	  0.92	生物制药	吉林	 3.06	15.15	62119	90650	  0.69	416	61	--  	     102460.04	
="002670"	华声股份	1.38	13.94	0.19	13.93	13.94	34205	66	          0.07	          4.15	13.74	14.15	13.74	13.75	    26.30	47776776	  0.93	电气设备	广东	 2.98	13.97	15672	18533	  0.85	5	76	--  	       8237.73	
="600810"	神马股份	1.36	7.48	0.10	7.47	7.48	49343	22	          0.40	          1.12	7.35	7.58	7.35	7.38	    31.71	36872188	  0.71	化纤	河南	 3.12	7.47	26580	22763	  1.17	200	28	--  	      44228.00	
="601880"	大连港	1.35	3.75	0.05	3.75	3.76	812956	244	          0.26	          2.42	3.69	3.80	3.66	3.70	    29.18	304271712	  1.67	港口	辽宁	 3.78	3.74	392908	420048	  0.94	2888	15938	--  	     336340.00	
="000035"	中国天楹	1.34	12.83	0.17	12.83	12.85	25117	129	          0.07	          1.33	12.66	12.91	12.64	12.66	    65.75	32067304	  0.62	通信设备	深圳	 2.13	12.77	13287	11830	  1.12	124	12	--  	      18895.36	
="600736"	苏州高新	1.26	4.84	0.06	4.83	4.84	279389	8	          0.83	          2.64	4.77	4.90	4.68	4.78	    43.79	134014960	  0.36	园区开发	江苏	 4.60	4.80	135732	143657	  0.94	837	1246	--  	     105788.15	
="600745"	中茵股份	1.23	13.94	0.17	13.95	13.96	12931	5	          0.14	          0.39	13.79	14.02	13.75	13.77	   438.71	17970676	  0.44	区域地产	湖北	 1.96	13.90	6072	6859	  0.89	87	62	--  	      32737.49	
="600496"	精工钢构	1.23	9.03	0.11	9.02	9.03	36912	5	          0.33	          0.63	9.00	9.07	8.93	8.92	    22.99	33210068	  0.53	钢加工	安徽	 1.57	9.00	21067	15845	  1.33	67	700	--  	      58656.60	
="000014"	沙河股份	1.22	14.07	0.17	14.07	14.08	14619	96	          0.49	          0.72	13.90	14.19	13.83	13.90	    56.74	20446650	  0.45	全国地产	深圳	 2.59	13.99	7197	7422	  0.97	78	28	--  	      20170.51	
="002479"	富春环保	1.22	9.11	0.11	9.11	9.12	85265	992	          0.22	          1.17	9.00	9.26	9.00	9.00	    33.84	78000040	  0.96	火力发电	浙江	 2.89	9.15	36923	48342	  0.76	201	360	--  	      73141.99	
="002061"	江山化工	1.21	5.02	0.06	5.02	5.03	76214	1491	          0.60	          1.86	4.95	5.02	4.91	4.96	--  	37813532	  0.53	化工原料	浙江	 2.22	4.96	39909	36305	  1.10	105	583	--  	      40887.76	
="600068"	葛洲坝	1.13	4.48	0.05	4.47	4.48	271727	10	          0.00	          0.78	4.44	4.54	4.43	4.43	     8.18	121894064	  0.67	建筑施工	湖北	 2.48	4.49	111719	160008	  0.70	1916	6255	--  	     348745.91	
="002481"	双塔食品	1.07	15.09	0.16	15.08	15.09	21213	104	          0.06	          0.57	14.94	15.30	14.94	14.93	    53.65	32082746	  0.56	食品	山东	 2.41	15.12	9430	11783	  0.80	2	130	--  	      37455.17	
="000514"	渝 开 发	1.06	5.74	0.06	5.73	5.74	93751	852	          0.34	          1.11	5.70	5.87	5.64	5.68	    29.98	53873080	  0.54	区域地产	重庆	 4.05	5.75	53017	40734	  1.30	141	518	--  	      84377.09	
="600812"	华北制药	1.05	6.76	0.07	6.75	6.76	164795	15	          0.44	          1.60	6.72	6.92	6.67	6.69	   531.10	111913448	  0.54	化学制药	河北	 3.74	6.79	84691	80104	  1.06	157	266	--  	     102857.75	
="000650"	仁和药业	1.03	6.88	0.07	6.88	6.89	89866	816	          0.14	          0.91	6.84	6.94	6.83	6.81	    27.24	61898512	  0.53	中成药	江西	 1.62	6.89	41270	48596	  0.85	4654	836	--  	      99040.99	
="002494"	华斯股份	0.91	15.51	0.14	15.50	15.51	21052	166	          0.25	          2.16	15.49	15.78	15.33	15.37	    30.17	32712930	  0.69	服饰	河北	 2.93	15.54	12480	8572	  1.46	114	49	--  	       9726.16	
="002291"	星期六	0.90	7.89	0.07	7.88	7.89	23444	153	          0.38	          0.65	7.80	7.93	7.80	7.82	    43.01	18443830	  0.68	服饰	广东	 1.66	7.87	11435	12009	  0.95	133	134	--  	      36335.00	
="600781"	辅仁药业	0.89	20.30	0.18	20.30	20.34	25471	412	          0.89	          1.43	20.12	20.39	19.80	20.12	   130.10	51467028	  0.59	中成药	河南	 2.93	20.21	10890	14581	  0.75	50	640	--  	      17759.28	
="000501"	鄂武商Ａ	0.86	14.00	0.12	14.00	14.01	199050	1303	          0.21	          3.92	14.07	14.38	13.81	13.88	     9.62	280374400	  2.84	百货	湖北	 4.11	14.09	104987	94063	  1.12	210	169	--  	      50718.42	
="000928"	中钢国际	0.82	11.04	0.09	11.03	11.04	31786	357	          0.00	          1.12	10.95	11.06	10.85	10.95	--  	34854816	  0.58	建筑施工	吉林	 1.92	10.97	16306	15480	  1.05	120	74	--  	      28289.90	
="000613"	大东海A	0.82	7.36	0.06	7.35	7.36	55153	802	         -0.13	          2.12	7.29	7.50	7.21	7.30	--  	40708088	  0.90	旅游服务	海南	 3.97	7.38	28072	27081	  1.04	12	138	--  	      26056.48	
="600694"	大商股份	0.81	31.16	0.25	31.18	31.19	59374	5	          0.03	          2.02	30.85	31.53	30.68	30.91	     6.10	184651152	  0.60	百货	辽宁	 2.75	31.10	29889	29485	  1.01	225	428	--  	      29371.86	
="600354"	敦煌种业	0.81	7.48	0.06	7.47	7.48	74474	20	          0.00	          1.66	7.43	7.57	7.42	7.42	--  	55850984	  0.74	种植业	甘肃	 2.02	7.50	37432	37042	  1.01	241	273	--  	      44780.21	
="002224"	三 力 士	0.80	8.78	0.07	8.77	8.78	83674	1210	          0.11	          1.90	8.75	8.86	8.58	8.71	    38.13	73101024	  0.74	橡胶	浙江	 3.21	8.74	42489	41185	  1.03	106	143	--  	      44120.33	
="600589"	广东榕泰	0.80	6.28	0.05	6.27	6.29	73246	200	          0.00	          1.22	6.22	6.36	6.18	6.23	    53.09	46002056	  0.70	塑料	广东	 2.89	6.28	36480	36766	  0.99	59	448	--  	      60173.00	
="000623"	吉林敖东	0.80	20.19	0.16	20.19	20.20	136520	993	          0.00	          1.77	20.04	20.38	19.91	20.03	    16.70	275678048	  0.56	中成药	吉林	 2.35	20.19	71843	64677	  1.11	143	602	--  	      77115.20	
="600359"	新农开发	0.80	10.10	0.08	10.09	10.10	64744	8	          0.19	          2.02	9.97	10.24	9.91	10.02	   321.57	65473612	  0.94	农业综合	新疆	 3.29	10.11	31821	32923	  0.97	258	226	--  	      32100.00	
="000667"	美好集团	0.78	2.58	0.02	2.57	2.58	418504	5430	          0.00	          1.64	2.55	2.61	2.53	2.56	   176.14	107823248	  0.63	全国地产	云南	 3.12	2.58	197858	220646	  0.90	10508	2162	--  	     255959.23	
="600469"	风神股份	0.75	12.14	0.09	12.13	12.15	34618	26	          0.08	          0.92	11.99	12.29	11.98	12.05	    12.28	41923792	  0.46	汽车配件	河南	 2.57	12.11	16840	17778	  0.95	288	364	--  	      37494.21	
="300041"	回天新材	0.70	20.12	0.14	20.11	20.12	14655	77	          0.39	          1.13	19.99	20.45	19.84	19.98	    30.65	29591766	  0.72	化工原料	湖北	 3.05	20.19	6268	8387	  0.75	100	29	--  	      12935.03	
="002667"	鞍重股份	0.67	28.56	0.19	28.56	28.57	25245	78	          0.10	          9.02	28.34	28.66	27.40	28.37	    42.31	70949624	  1.12	工程机械	辽宁	 4.44	28.10	13005	12240	  1.06	41	10	--  	       2798.00	
="002536"	西泵股份	0.66	25.97	0.17	25.95	25.97	12585	155	          0.07	          2.84	25.73	26.29	25.65	25.80	    45.94	32699744	  0.55	汽车配件	河南	 2.48	25.98	7139	5446	  1.31	18	13	--  	       4438.20	
="600466"	迪康药业	0.62	6.44	0.04	6.43	6.44	82375	50	          0.31	          1.88	6.38	6.48	6.33	6.40	   148.75	52748020	  0.44	中成药	四川	 2.34	6.40	44396	37979	  1.17	576	329	--  	      43900.58	
="600337"	美克家居	0.61	8.29	0.05	8.28	8.29	54420	33	          0.48	          0.85	8.25	8.38	8.20	8.24	    28.60	45107332	  0.92	家居用品	新疆	 2.18	8.29	29427	24993	  1.18	74	87	--  	      63833.23	
="002187"	广百股份	0.58	10.47	0.06	10.47	10.48	27234	123	          0.09	          0.81	10.40	10.65	10.40	10.41	    15.06	28692332	  0.61	百货	广东	 2.40	10.54	13040	14194	  0.92	37	20	--  	      33572.48	
="600078"	澄星股份	0.57	8.77	0.05	8.78	8.79	172065	35	          1.27	          2.60	8.73	8.87	8.65	8.72	   152.96	150807200	  0.71	化工原料	江苏	 2.52	8.76	88523	83542	  1.06	100	255	--  	      66257.28	
="002350"	北京科锐	0.55	12.70	0.07	12.67	12.70	18003	1014	          0.31	          0.83	12.65	12.82	12.60	12.63	    61.95	22862706	  0.61	电气设备	北京	 1.74	12.70	11039	6964	  1.59	30	265	--  	      21821.63	
="000543"	皖能电力	0.53	7.65	0.04	7.65	7.66	89516	534	          0.13	          0.87	7.60	7.69	7.57	7.61	     8.42	68289120	  0.52	火力发电	安徽	 1.58	7.63	58335	31181	  1.87	316	1117	--  	     102515.75	
="600985"	雷鸣科化	0.52	15.32	0.08	15.35	15.36	13690	5	          1.72	          1.06	15.35	15.50	14.85	15.24	    21.85	20957376	  0.66	化工原料	安徽	 4.27	15.31	7800	5890	  1.32	470	14	--  	      12960.00	
="002220"	天宝股份	0.51	7.83	0.04	7.83	7.84	31892	189	          0.12	          0.82	7.79	7.91	7.77	7.79	    24.45	25015240	  0.47	食品	辽宁	 1.80	7.84	17902	13990	  1.28	41	237	--  	      38948.12	
="300346"	南大光电	0.51	37.28	0.19	37.27	37.28	10659	172	          0.00	          2.97	36.88	37.70	36.65	37.09	    93.12	39704808	  0.77	半导体	江苏	 2.83	37.25	6231	4428	  1.41	16	974	--  	       3584.05	
="002316"	键桥通讯	0.51	11.86	0.06	11.86	11.88	42636	326	          0.08	          1.09	11.80	12.12	11.63	11.80	   152.75	50869360	  0.97	软件服务	深圳	 4.15	11.93	20602	22034	  0.94	81	123	--  	      39267.76	
="002485"	希努尔	0.50	10.13	0.05	10.13	10.14	104454	306	          0.39	          3.26	10.10	10.65	9.96	10.08	--  	107509816	  1.73	服饰	山东	 6.85	10.29	57015	47439	  1.20	297	118	--  	      32000.00	
="000731"	四川美丰	0.48	8.29	0.04	8.29	8.30	88640	1248	          0.24	          1.50	8.24	8.36	8.21	8.25	--  	73486192	  0.55	农药化肥	四川	 1.82	8.29	45176	43464	  1.04	135	392	--  	      59134.76	
="000582"	北部湾港	0.45	13.33	0.06	13.33	13.35	16411	489	         -0.14	          1.16	13.32	13.45	13.17	13.27	    18.26	21878188	  0.54	港口	广西	 2.11	13.33	8630	7781	  1.11	57	8	--  	      14166.61	
="002471"	中超电缆	0.42	12.00	0.05	12.00	12.03	42634	1130	         -0.33	          0.89	11.99	12.20	11.88	11.95	    51.15	51424984	  0.50	电气设备	江苏	 2.68	12.06	23064	19570	  1.18	109	100	--  	      48012.35	
="601618"	中国中冶	0.41	2.42	0.01	2.42	2.43	672305	33	          0.41	          0.41	2.41	2.43	2.39	2.41	    12.78	162209296	  0.50	建筑施工	北京	 1.66	2.41	309059	363246	  0.85	1429	34545	--  	    1623900.00	
="002558"	世纪游轮	0.41	31.65	0.13	31.54	31.65	2815	95	         -0.06	          0.87	31.69	31.95	31.22	31.52	   796.05	8884757	  0.34	旅游服务	重庆	 2.32	31.55	1389	1426	  0.97	1	57	--  	       3244.39	
="600478"	科力远	0.41	24.68	0.10	24.72	24.75	30807	100	         -0.08	          0.65	24.58	24.99	24.57	24.58	  1316.45	76189536	  0.40	元器件	湖南	 1.71	24.73	16609	14198	  1.17	160	106	--  	      47223.51	
="600276"	恒瑞医药	0.40	38.03	0.15	37.92	38.05	22997	19	         -0.05	          0.15	37.90	38.30	37.60	37.88	    37.63	87097312	  0.54	化学制药	江苏	 1.85	37.87	9430	13567	  0.70	9	144	--  	     149624.31	
="002616"	长青集团	0.39	23.10	0.09	23.00	23.10	13367	126	          0.60	          1.64	22.96	23.46	22.71	23.01	   106.48	30897696	  0.62	环境保护	广东	 3.26	23.11	7353	6014	  1.22	7	13	--  	       8140.00	
="000652"	泰达股份	0.37	5.48	0.02	5.47	5.48	280410	5473	          0.00	          1.91	5.42	5.60	5.30	5.46	--  	152221856	  0.64	综合类	天津	 5.49	5.43	142096	138314	  1.03	1173	430	--  	     146567.00	
="600004"	白云机场	0.36	8.25	0.03	8.25	8.26	55392	100	          0.48	          0.48	8.17	8.28	8.15	8.22	     9.05	45614452	  0.68	机场	广东	 1.58	8.23	27864	27528	  1.01	374	1015	--  	     115000.00	
="300196"	长海股份	0.36	19.43	0.07	19.42	19.43	32195	115	          0.00	          2.95	19.27	19.96	19.12	19.36	    29.47	62933312	  0.99	玻璃	江苏	 4.34	19.55	14413	17782	  0.81	49	12	--  	      10918.94	
="002253"	川大智胜	0.35	31.48	0.11	31.48	31.49	36978	515	         -0.03	          2.94	31.10	31.90	30.80	31.37	   175.09	116039072	  1.44	软件服务	四川	 3.51	31.38	16167	20811	  0.78	85	176	--  	      12585.73	
="600120"	浙江东方	0.33	15.06	0.05	15.02	15.04	155864	40	          0.40	          3.08	15.18	15.24	14.80	15.01	    13.02	233568208	  0.50	商贸代理	浙江	 2.93	14.99	78200	77664	  1.01	23	369	--  	      50547.33	
="600160"	巨化股份	0.33	6.12	0.02	6.12	6.13	135336	661	          0.32	          0.75	6.10	6.21	6.09	6.10	    82.60	82980864	  0.40	化工原料	浙江	 1.97	6.13	73601	61735	  1.19	2590	465	--  	     181091.59	
="600306"	*ST商城	0.28	10.56	0.03	10.56	10.58	16205	55	          0.09	          0.91	10.45	10.76	10.45	10.53	--  	17225176	  0.54	百货	辽宁	 2.94	10.63	5738	10467	  0.55	10	101	--  	      17727.78	
="002269"	美邦服饰	0.27	11.26	0.03	11.25	11.26	168736	1914	         -0.08	          1.68	11.22	11.44	11.17	11.23	    31.82	190863808	  0.66	服饰	上海	 2.40	11.31	84947	83789	  1.01	1145	547	--  	     100500.00	
="600609"	金杯汽车	0.26	3.93	0.01	3.92	3.93	100262	77	          0.25	          0.92	3.92	3.96	3.89	3.92	   306.25	39337356	  0.32	汽车整车	辽宁	 1.79	3.92	51271	48991	  1.05	1015	1263	--  	     109266.71	
="600375"	华菱星马	0.16	12.21	0.02	12.21	12.22	126307	7	          0.00	          2.54	12.20	12.43	12.11	12.19	    37.46	154785456	  1.00	汽车整车	安徽	 2.63	12.25	66836	59471	  1.12	243	244	--  	      49788.89	
="002691"	石中装备	0.14	14.22	0.02	14.22	14.23	22267	197	          0.21	          3.38	14.19	14.37	14.07	14.20	    82.40	31609990	  0.29	专用机械	河北	 2.11	14.20	13771	8496	  1.62	41	159	--  	       6596.93	
="300275"	梅安森	0.10	20.29	0.02	20.28	20.29	25251	332	          1.75	          2.87	20.00	20.36	19.68	20.27	    72.45	50613712	  0.75	软件服务	重庆	 3.35	20.04	13744	11507	  1.19	300	104	--  	       8783.59	
="002534"	杭锅股份	0.06	17.73	0.01	17.72	17.73	20564	1046	          0.05	          0.53	17.65	18.01	17.35	17.72	    55.27	36327616	  0.55	专用机械	浙江	 3.72	17.67	11105	9459	  1.17	10	42	--  	      39168.26	
="300142"	沃森生物	0.05	42.39	0.02	42.24	42.39	11895	133	          0.37	          0.72	42.07	43.09	42.07	42.37	--  	50727536	  0.63	生物制药	云南	 2.41	42.65	4450	7445	  0.60	77	191	--  	      16605.85	
="600086"	东方金钰	0.04	22.89	0.01	22.88	22.90	29967	51	          0.04	          0.85	22.76	23.15	22.76	22.88	    70.79	68727888	  0.73	服饰	湖北	 1.70	22.93	16948	13019	  1.30	422	58	--  	      35228.17	
="002563"	森马服饰	0.03	32.89	0.01	32.88	32.89	6984	102	          0.12	          1.00	32.70	32.99	32.40	32.88	    32.05	22823542	  0.37	服饰	浙江	 1.79	32.68	3157	3827	  0.82	328	10	--  	       7000.00	
="601928"	凤凰传媒	0.00	10.71	0.00	--  	--  	0	0	          0.00	          0.00	--  	--  	--  	10.71	    23.65	0	  0.00	出版业	江苏	 0.00	10.71	0	0	--  	0	0	--  	      65788.35	
="601313"	江南嘉捷	0.00	9.94	0.00	9.92	9.93	25672	14	          0.00	          0.96	9.94	10.09	9.83	9.94	    22.62	25563228	  0.32	运输设备	江苏	 2.62	9.96	13547	12125	  1.12	152	277	--  	      26852.53	
="601113"	华鼎股份	0.00	5.38	0.00	5.37	5.38	56149	10	          0.00	          0.88	5.40	5.47	5.32	5.38	--  	30290216	  0.65	化纤	浙江	 2.79	5.39	25668	30481	  0.84	484	87	--  	      64000.00	
="600986"	科达股份	0.00	7.05	0.00	--  	--  	0	0	          0.00	          0.00	--  	--  	--  	7.05	    95.92	0	  0.00	建筑施工	山东	 0.00	7.05	0	0	--  	0	0	--  	      33526.96	
="600981"	汇鸿股份	0.00	4.21	0.00	--  	--  	0	0	          0.00	          0.00	--  	--  	--  	4.21	    91.20	0	  0.00	商贸代理	江苏	 0.00	4.21	0	0	--  	0	0	--  	      51610.64	
="600881"	亚泰集团	0.00	5.14	0.00	--  	--  	0	0	          0.00	          0.00	--  	--  	--  	5.14	    41.03	0	  0.00	水泥	吉林	 0.00	5.14	0	0	--  	0	0	--  	     189473.20	
="600876"	洛阳玻璃	0.00	7.24	0.00	--  	--  	0	0	          0.00	          0.00	--  	--  	--  	7.24	    56.10	0	  0.00	玻璃	河南	 0.00	7.24	0	0	--  	0	0	--  	      25001.82	
="600865"	百大集团	0.00	8.17	0.00	8.16	8.17	30873	30	          0.00	          0.82	8.17	8.29	8.03	8.17	    16.60	25258890	  0.84	百货	浙江	 3.18	8.18	12847	18026	  0.71	3	78	--  	      37624.03	
="600847"	万里股份	0.00	18.19	0.00	--  	--  	0	0	          0.00	          0.00	--  	--  	--  	18.19	   644.02	0	  0.00	电气设备	重庆	 0.00	18.19	0	0	--  	0	0	--  	      13316.49	
="600749"	西藏旅游	0.00	12.18	0.00	--  	--  	0	0	          0.00	          0.00	--  	--  	--  	12.18	--  	0	  0.00	旅游景点	西藏	 0.00	12.18	0	0	--  	0	0	--  	      18913.78	
="600575"	皖江物流	0.00	4.11	0.00	--  	--  	0	0	          0.00	          0.00	--  	--  	--  	4.11	    69.90	0	  0.00	港口	安徽	 0.00	4.11	0	0	--  	0	0	--  	     142320.00	
="600569"	安阳钢铁	0.00	2.32	0.00	--  	--  	0	0	          0.00	          0.00	--  	--  	--  	2.32	    58.76	0	  0.00	普钢	河南	 0.00	2.32	0	0	--  	0	0	--  	     239368.45	
="600532"	宏达矿业	0.00	9.75	0.00	--  	--  	0	0	          0.00	          0.00	--  	--  	--  	9.75	    31.26	0	  0.00	普钢	山东	 0.00	9.75	0	0	--  	0	0	--  	      16510.25	
="600517"	置信电气	0.00	12.45	0.00	--  	--  	0	0	          0.00	          0.00	--  	--  	--  	12.45	    80.24	0	  0.00	电气设备	上海	 0.00	12.45	0	0	--  	0	0	--  	     111366.89	
="600497"	驰宏锌锗	0.00	10.39	0.00	--  	--  	0	0	          0.00	          0.00	--  	--  	--  	10.39	    91.83	0	  0.00	铅锌	云南	 0.00	10.39	0	0	--  	0	0	--  	     166756.09	
="600400"	红豆股份	0.00	5.69	0.00	--  	--  	0	0	          0.00	          0.00	--  	--  	--  	5.69	   103.21	0	  0.00	服饰	江苏	 0.00	5.69	0	0	--  	0	0	--  	      56039.96	
="600369"	西南证券	0.00	10.54	0.00	--  	--  	0	0	          0.00	          0.00	--  	--  	--  	10.54	    27.45	0	  0.00	证券	重庆	 0.00	10.54	0	0	--  	0	0	--  	     232255.45	
="600365"	通葡股份	0.00	11.38	0.00	--  	--  	0	0	          0.00	          0.00	--  	--  	--  	11.38	   755.95	0	  0.00	红黄药酒	吉林	 0.00	11.38	0	0	--  	0	0	--  	      14000.00	
="600318"	巢东股份	0.00	11.20	0.00	--  	--  	0	0	          0.00	          0.00	--  	--  	--  	11.20	    13.31	0	  0.00	水泥	安徽	 0.00	11.20	0	0	--  	0	0	--  	      24200.00	
="600241"	时代万恒	0.00	8.28	0.00	--  	--  	0	0	          0.00	          0.00	--  	--  	--  	8.28	--  	0	  0.00	商贸代理	辽宁	 0.00	8.28	0	0	--  	0	0	--  	      18020.00	
="600239"	云南城投	0.00	6.01	0.00	--  	--  	0	0	          0.00	          0.00	--  	--  	--  	6.01	    27.83	0	  0.00	区域地产	云南	 0.00	6.01	0	0	--  	0	0	--  	      82342.92	
="600105"	永鼎股份	0.00	9.86	0.00	--  	--  	0	0	          0.00	          0.00	--  	--  	--  	9.86	    17.13	0	  0.00	通信设备	江苏	 0.00	9.86	0	0	--  	0	0	--  	      38095.46	
="600103"	青山纸业	0.00	3.66	0.00	--  	--  	0	0	          0.00	          0.00	--  	--  	--  	3.66	    60.41	0	  0.00	造纸	福建	 0.00	3.66	0	0	--  	0	0	--  	     106184.15	
="600091"	ST明科	0.00	7.02	0.00	--  	--  	0	0	          0.00	          0.00	--  	--  	--  	7.02	--  	0	  0.00	化工原料	内蒙	 0.00	7.02	0	0	--  	0	0	--  	      33652.60	
="600090"	啤酒花	0.00	8.13	0.00	--  	--  	0	0	          0.00	          0.00	--  	--  	--  	8.13	    50.77	0	  0.00	啤酒	新疆	 0.00	8.13	0	0	--  	0	0	--  	      36791.66	
="600083"	博信股份	0.00	9.87	0.00	9.86	9.87	19738	30	          0.00	          0.87	9.80	10.05	9.80	9.87	   560.63	19592616	  0.62	元器件	广东	 2.53	9.93	8165	11573	  0.71	24	144	--  	      22598.08	
="600005"	武钢股份	0.00	2.38	0.00	--  	--  	0	0	          0.00	          0.00	--  	--  	--  	2.38	    28.06	0	  0.00	普钢	湖北	 0.00	2.38	0	0	--  	0	0	--  	    1009378.00	
="300332"	天壕节能	--  	0.00	--  	--  	--  	0	0	--  	          0.00	--  	--  	--  	14.06	    40.57	0	  0.00	环境保护	北京	 0.00	14.06	0	0	--  	0	0	--  	      22666.75	
="300230"	永利带业	--  	0.00	--  	--  	--  	0	0	--  	          0.00	--  	--  	--  	9.63	    37.74	0	  0.00	塑料	上海	 0.00	9.63	0	0	--  	0	0	--  	      10127.07	
="300194"	福安药业	--  	0.00	--  	--  	--  	0	0	--  	          0.00	--  	--  	--  	21.58	    84.71	0	  0.00	化学制药	重庆	 0.00	21.58	0	0	--  	0	0	--  	      12880.26	
="300138"	晨光生物	--  	0.00	--  	--  	--  	0	0	--  	          0.00	--  	--  	--  	11.24	   118.23	0	  0.00	食品	河北	 0.00	11.24	0	0	--  	0	0	--  	      12796.33	
="300074"	华平股份	--  	0.00	--  	--  	--  	0	0	--  	          0.00	--  	--  	--  	18.61	    61.30	0	  0.00	通信设备	上海	 0.00	18.61	0	0	--  	0	0	--  	      21427.27	
="300072"	三聚环保	--  	0.00	--  	--  	--  	0	0	--  	          0.00	--  	--  	--  	27.13	    37.91	0	  0.00	化工原料	北京	 0.00	27.13	0	0	--  	0	0	--  	      45855.16	
="300013"	新宁物流	--  	0.00	--  	--  	--  	0	0	--  	          0.00	--  	--  	--  	9.26	   131.57	0	  0.00	仓储物流	江苏	 0.00	9.26	0	0	--  	0	0	--  	      18000.00	
="002661"	克明面业	0.00	40.85	0.00	40.85	40.86	19826	203	         -0.12	          9.28	39.84	41.83	39.52	40.85	    37.99	81237696	  1.13	食品	湖南	 5.65	40.97	9840	9986	  0.99	203	2	--  	       2135.75	
="002608"	舜天船舶	--  	0.00	--  	--  	--  	0	0	--  	          0.00	--  	--  	--  	12.79	    57.18	0	  0.00	船舶	江苏	 0.00	12.79	0	0	--  	0	0	--  	      32855.16	
="002537"	海立美达	--  	0.00	--  	--  	--  	0	0	--  	          0.00	--  	--  	--  	19.19	    89.02	0	  0.00	机械基件	山东	 0.00	19.19	0	0	--  	0	0	--  	      15000.00	
="002529"	海源机械	--  	0.00	--  	--  	--  	0	0	--  	          0.00	--  	--  	--  	15.03	--  	0	  0.00	专用机械	福建	 0.00	15.03	0	0	--  	0	0	--  	      15608.25	
="002509"	天广消防	--  	0.00	--  	--  	--  	0	0	--  	          0.00	--  	--  	--  	12.27	    49.43	0	  0.00	专用机械	福建	 0.00	12.27	0	0	--  	0	0	--  	      23109.89	
="002483"	润邦股份	--  	0.00	--  	--  	--  	0	0	--  	          0.00	--  	--  	--  	12.22	    35.76	0	  0.00	工程机械	江苏	 0.00	12.22	0	0	--  	0	0	--  	      29250.00	
="002450"	康得新	--  	0.00	--  	--  	--  	0	0	--  	          0.00	--  	--  	--  	32.67	    33.05	0	  0.00	化工原料	江苏	 0.00	32.67	0	0	--  	0	0	--  	      94531.45	
="002426"	胜利精密	--  	0.00	--  	--  	--  	0	0	--  	          0.00	--  	--  	--  	11.26	    68.93	0	  0.00	元器件	江苏	 0.00	11.26	0	0	--  	0	0	--  	      35306.58	
="002384"	东山精密	0.00	14.07	0.00	14.07	14.08	33227	175	          0.21	          0.73	14.06	14.44	14.00	14.07	   245.84	47062084	  0.55	通信设备	江苏	 3.13	14.16	19382	13845	  1.40	45	5	--  	      45272.80	
="002375"	亚厦股份	--  	0.00	--  	--  	--  	0	0	--  	          0.00	--  	--  	--  	23.21	    21.90	0	  0.00	装修装饰	浙江	 0.00	23.21	0	0	--  	0	0	--  	      68105.28	
="002324"	普利特	--  	0.00	--  	--  	--  	0	0	--  	          0.00	--  	--  	--  	19.90	    27.22	0	  0.00	塑料	上海	 0.00	19.90	0	0	--  	0	0	--  	      15582.66	
="002323"	中联电气	--  	0.00	--  	--  	--  	0	0	--  	          0.00	--  	--  	--  	21.95	   122.80	0	  0.00	电气设备	江苏	 0.00	21.95	0	0	--  	0	0	--  	       8350.16	
="002282"	博深工具	--  	0.00	--  	--  	--  	0	0	--  	          0.00	--  	--  	--  	11.50	    69.15	0	  0.00	轻工机械	河北	 0.00	11.50	0	0	--  	0	0	--  	      11982.66	
="002103"	广博股份	--  	0.00	--  	--  	--  	0	0	--  	          0.00	--  	--  	--  	10.18	   196.01	0	  0.00	文教休闲	浙江	 0.00	10.18	0	0	--  	0	0	--  	      17095.44	
="002084"	海鸥卫浴	--  	0.00	--  	--  	--  	0	0	--  	          0.00	--  	--  	--  	7.60	    89.04	0	  0.00	家居用品	广东	 0.00	7.60	0	0	--  	0	0	--  	      40605.57	
="002044"	江苏三友	--  	0.00	--  	--  	--  	0	0	--  	          0.00	--  	--  	--  	10.04	    43.13	0	  0.00	服饰	江苏	 0.00	10.04	0	0	--  	0	0	--  	      22410.00	
="002036"	宜科科技	--  	0.00	--  	--  	--  	0	0	--  	          0.00	--  	--  	--  	10.86	   153.77	0	  0.00	服饰	浙江	 0.00	10.86	0	0	--  	0	0	--  	      19791.78	
="002013"	中航机电	--  	0.00	--  	--  	--  	0	0	--  	          0.00	--  	--  	--  	22.15	    43.52	0	  0.00	汽车配件	湖北	 0.00	22.15	0	0	--  	0	0	--  	      29285.81	
="002009"	天奇股份	--  	0.00	--  	--  	--  	0	0	--  	          0.00	--  	--  	--  	16.30	    47.89	0	  0.00	工程机械	江苏	 0.00	16.30	0	0	--  	0	0	--  	      25991.22	
="002006"	*ST精功	--  	0.00	--  	--  	--  	0	0	--  	          0.00	--  	--  	--  	8.75	   155.21	0	  0.00	工程机械	浙江	 0.00	8.75	0	0	--  	0	0	--  	      43677.89	
="000936"	华西股份	--  	0.00	--  	--  	--  	0	0	--  	          0.00	--  	--  	--  	5.17	   119.27	0	  0.00	化纤	江苏	 0.00	5.17	0	0	--  	0	0	--  	      74768.59	
="000920"	南方汇通	--  	0.00	--  	--  	--  	0	0	--  	          0.00	--  	--  	--  	13.23	   128.57	0	  0.00	运输设备	贵州	 0.00	13.23	0	0	--  	0	0	--  	      42200.00	
="000796"	易食股份	--  	0.00	--  	--  	--  	0	0	--  	          0.00	--  	--  	--  	7.23	    95.94	0	  0.00	食品	陕西	 0.00	7.23	0	0	--  	0	0	--  	      24652.30	
="000795"	太原刚玉	--  	0.00	--  	--  	--  	0	0	--  	          0.00	--  	--  	--  	10.92	--  	0	  0.00	矿物制品	山西	 0.00	10.92	0	0	--  	0	0	--  	      27679.44	
="000710"	天兴仪表	--  	0.00	--  	--  	--  	0	0	--  	          0.00	--  	--  	--  	13.60	--  	0	  0.00	汽车配件	四川	 0.00	13.60	0	0	--  	0	0	--  	      15120.00	
="000668"	荣丰控股	--  	0.00	--  	--  	--  	0	0	--  	          0.00	--  	--  	--  	13.98	--  	0	  0.00	区域地产	上海	 0.00	13.98	0	0	--  	0	0	--  	      14668.41	
="000627"	天茂集团	--  	0.00	--  	--  	--  	0	0	--  	          0.00	--  	--  	--  	4.10	    15.68	0	  0.00	化工原料	湖北	 0.00	4.10	0	0	--  	0	0	--  	     135358.98	
="000563"	陕国投Ａ	--  	0.00	--  	--  	--  	0	0	--  	          0.00	--  	--  	--  	8.18	    22.63	0	  0.00	多元金融	陕西	 0.00	8.18	0	0	--  	0	0	--  	      75266.72	
="000533"	万 家 乐	--  	0.00	--  	--  	--  	0	0	--  	          0.00	--  	--  	--  	5.97	    35.25	0	  0.00	家用电器	广东	 0.00	5.97	0	0	--  	0	0	--  	      68487.71	
="000498"	山东路桥	--  	0.00	--  	--  	--  	0	0	--  	          0.00	--  	--  	--  	4.64	    28.22	0	  0.00	建筑施工	山东	 0.00	4.64	0	0	--  	0	0	--  	      35417.01	
="000415"	渤海租赁	--  	0.00	--  	--  	--  	0	0	--  	          0.00	--  	--  	--  	10.28	    19.77	0	  0.00	多元金融	新疆	 0.00	10.28	0	0	--  	0	0	--  	     126917.42	
="000090"	天健集团	--  	0.00	--  	--  	--  	0	0	--  	          0.00	--  	--  	--  	8.44	    25.79	0	  0.00	建筑施工	深圳	 0.00	8.44	0	0	--  	0	0	--  	      55253.07	
="600038"	哈飞股份	-0.03	37.68	-0.01	37.75	37.78	34700	42	          0.66	          1.03	37.88	38.25	37.25	37.69	    72.77	130826928	  0.55	航空航天	黑龙江	 2.65	37.70	18537	16163	  1.15	20	179	--  	      33735.00	
="002680"	黄海机械	-0.09	33.37	-0.03	33.37	33.38	5667	424	          0.21	          2.36	33.43	33.50	32.75	33.40	   138.70	18773370	  0.31	工程机械	江苏	 2.25	33.12	3353	2314	  1.45	84	18	--  	       2399.22	
="000513"	丽珠集团	-0.09	54.12	-0.05	53.74	54.12	3766	31	          0.74	          0.21	54.17	54.80	53.57	54.17	    27.51	20338242	  0.46	中成药	广东	 2.27	53.99	2357	1409	  1.67	6	39	--  	      17766.91	
="300313"	天山生物	-0.09	21.48	-0.02	21.45	21.48	7868	70	          0.18	          1.88	21.56	21.70	21.00	21.50	   211.06	16882086	  0.36	农业综合	新疆	 3.26	21.46	4127	3741	  1.10	8	4	--  	       4177.81	
="600590"	泰豪科技	-0.11	8.91	-0.01	8.90	8.91	64446	13	          0.33	          1.29	8.91	9.06	8.82	8.92	--  	57608936	  0.42	电气设备	江西	 2.69	8.94	35986	28460	  1.26	7	396	--  	      50032.57	
="601311"	骆驼股份	-0.14	14.70	-0.02	14.70	14.71	64633	17	          0.20	          0.77	14.73	14.98	14.45	14.72	    21.56	95123144	  0.61	电气设备	湖北	 3.60	14.72	34234	30399	  1.13	395	155	--  	      84461.57	
="002489"	浙江永强	-0.14	14.16	-0.02	14.14	14.16	101334	151	         -0.07	          2.66	14.26	14.39	13.89	14.18	    21.70	143573696	  1.90	家居用品	浙江	 3.53	14.17	20466	80868	  0.25	431	53	--  	      38040.41	
="603077"	和邦股份	-0.20	10.09	-0.02	10.04	10.05	88084	5	          0.00	          2.94	10.11	10.32	10.05	10.11	     7.58	89821440	  0.73	化工原料	四川	 2.67	10.20	48239	39845	  1.21	25	1206	--  	      30000.00	
="002035"	华帝股份	-0.24	12.40	-0.03	12.32	12.40	52258	1509	          1.14	          1.76	12.41	12.52	12.11	12.43	    18.31	64049092	  0.85	家用电器	广东	 3.30	12.26	30526	21732	  1.40	108	28	--  	      29677.21	
="000981"	银亿股份	-0.28	10.68	-0.03	10.67	10.68	14130	77	          0.18	          0.16	10.60	10.80	10.55	10.71	    17.00	15100005	  0.40	区域地产	甘肃	 2.33	10.69	8417	5713	  1.47	165	112	--  	      85810.52	
="000078"	海王生物	-0.30	10.00	-0.03	9.99	10.00	186265	2172	          0.10	          2.55	10.00	10.14	9.89	10.03	    69.12	186546528	  0.40	生物制药	深圳	 2.49	10.02	101951	84314	  1.21	1105	736	--  	      73076.79	
="000153"	丰原药业	-0.35	11.30	-0.04	11.19	11.30	38210	855	          1.52	          1.29	11.31	11.49	11.02	11.34	    94.11	42972816	  0.41	化学制药	安徽	 4.14	11.25	17753	20457	  0.87	10	559	--  	      29664.51	
="002690"	美亚光电	-0.50	43.98	-0.22	43.98	43.99	9468	64	         -0.04	          0.85	44.19	44.70	43.40	44.20	    69.60	41764260	  0.65	专用机械	安徽	 2.94	44.11	4518	4950	  0.91	16	4	--  	      11095.95	
="002002"	鸿达兴业	-0.54	11.14	-0.06	11.14	11.15	23821	405	          0.00	          1.02	11.15	11.30	11.10	11.20	    38.80	26587446	  0.40	塑料	广东	 1.79	11.16	16658	7163	  2.33	705	707	--  	      23365.13	
="002018"	华星化工	-0.59	11.85	-0.07	11.85	11.86	56445	649	          0.33	          1.26	11.93	12.04	11.68	11.92	   147.66	66809420	  0.42	农药化肥	安徽	 3.02	11.84	29604	26841	  1.10	501	107	--  	      44739.51	
="002144"	宏达高科	-0.62	20.75	-0.13	20.73	20.75	35093	416	          0.63	          2.57	20.83	20.95	20.52	20.88	    24.53	72790192	  0.48	纺织	浙江	 2.06	20.74	20204	14889	  1.36	35	30	--  	      13679.36	
="600683"	京投银泰	-0.63	6.32	-0.04	6.32	6.33	75201	121	          0.15	          1.02	6.39	6.39	6.19	6.36	--  	47347144	  0.45	区域地产	浙江	 3.14	6.30	43536	31665	  1.37	22	283	--  	      74077.75	
="300189"	神农大丰	-0.63	7.86	-0.05	7.85	7.86	106028	1255	         -0.12	          3.17	7.90	8.04	7.76	7.91	   220.06	83801000	  0.57	种植业	海南	 3.54	7.90	54739	51289	  1.07	432	177	--  	      33498.87	
="600218"	全柴动力	-0.66	13.60	-0.09	13.60	13.67	35153	14	         -0.65	          1.24	13.77	13.84	13.58	13.69	    58.84	48191164	  0.62	农用机械	安徽	 1.90	13.71	21768	13385	  1.63	41	49	--  	      28340.00	
="002318"	久立特材	-0.68	24.83	-0.17	24.82	24.83	22801	135	          0.00	          0.77	24.81	25.30	24.80	25.00	    36.87	57115468	  0.44	特钢	浙江	 2.00	25.05	10987	11814	  0.93	19	19	--  	      29783.93	
="002399"	海普瑞	-0.68	26.10	-0.18	26.10	26.12	25850	504	         -0.45	          0.32	26.32	26.58	26.10	26.28	    94.91	68162448	  0.47	化学制药	深圳	 1.83	26.37	13758	12092	  1.14	424	51	--  	      80020.00	
="600671"	天目药业	-0.73	16.24	-0.12	16.24	16.28	12161	25	          0.06	          1.00	16.35	16.44	16.10	16.36	--  	19768288	  0.45	中成药	浙江	 2.08	16.25	7430	4731	  1.57	0	53	--  	      12172.04	
="002650"	加加食品	-0.74	12.01	-0.09	12.01	12.02	34677	258	         -0.16	          1.55	12.15	12.19	11.99	12.10	    33.94	41927244	  0.48	食品	湖南	 1.65	12.09	20423	14254	  1.43	138	92	--  	      22439.23	
="300118"	东方日升	-0.80	9.88	-0.08	9.88	9.89	148734	2503	          0.30	          3.92	9.92	10.17	9.80	9.96	   147.78	148299904	  0.70	半导体	浙江	 3.71	9.97	85869	62865	  1.37	831	141	--  	      37982.94	
="600731"	湖南海利	-0.81	8.52	-0.07	8.53	8.54	55474	5	          0.47	          2.17	8.52	8.73	8.43	8.59	   297.42	47594824	  1.01	农药化肥	湖南	 3.49	8.58	27220	28254	  0.96	132	83	--  	      25557.66	
="000837"	秦川发展	-0.88	10.08	-0.09	10.07	10.08	69633	909	          0.29	          2.72	10.13	10.29	10.05	10.17	--  	70980608	  0.56	机床制造	陕西	 2.36	10.19	40647	28986	  1.40	753	94	--  	      25558.96	
="002086"	东方海洋	-0.94	10.55	-0.10	10.55	10.56	42265	584	          0.09	          1.78	10.65	10.74	10.48	10.65	    37.34	44753944	  0.46	渔业	山东	 2.44	10.59	26491	15774	  1.68	64	252	--  	      23780.85	
="002117"	东港股份	-0.95	18.82	-0.18	18.82	18.89	48690	564	          0.10	          1.35	19.01	19.10	18.50	19.00	    42.94	91168608	  0.77	广告包装	山东	 3.16	18.72	28139	20551	  1.37	31	4	--  	      36067.89	
="002507"	涪陵榨菜	-1.02	27.06	-0.28	27.05	27.06	6709	17	          0.18	          0.58	27.25	27.47	26.91	27.34	    31.35	18206970	  0.67	食品	重庆	 2.05	27.14	3805	2904	  1.31	42	183	--  	      11562.95	
="601107"	四川成渝	-1.19	3.33	-0.04	3.32	3.33	97390	1003	         -0.59	          0.45	3.37	3.42	3.31	3.37	     9.20	32844188	  0.49	路桥	四川	 3.26	3.37	57041	40349	  1.41	839	279	--  	     216274.00	
="000860"	顺鑫农业	-1.28	16.98	-0.22	16.98	16.99	41163	441	         -0.11	          0.94	17.22	17.40	16.90	17.20	    19.68	70443784	  0.57	农业综合	北京	 2.91	17.11	26174	14989	  1.75	306	17	--  	      43852.50	
="000816"	江淮动力	-1.30	6.09	-0.08	6.09	6.10	133904	1728	         -0.16	          1.23	6.17	6.20	6.06	6.17	   106.66	81920880	  0.46	机械基件	江苏	 2.27	6.12	78915	54989	  1.44	1588	1019	--  	     108877.75	
="000100"	TCL 集团	-1.33	2.96	-0.04	2.95	2.96	1708347	24453	          0.00	          2.10	3.03	3.05	2.94	3.00	     9.49	509958688	  0.70	家用电器	广东	 3.67	2.99	932742	775605	  1.20	64515	5596	--  	     813618.25	
="000099"	中信海直	-1.55	13.31	-0.21	13.31	13.32	338053	3114	          0.15	          5.58	13.28	13.49	12.99	13.52	    48.17	448219840	  1.03	空运	深圳	 3.70	13.26	191584	146469	  1.31	237	755	--  	      60607.03	
="002673"	西部证券	-1.66	14.79	-0.25	14.79	14.80	216075	1359	          0.06	          3.14	14.99	15.11	14.69	15.04	    58.27	321666624	  0.78	证券	陕西	 2.79	14.89	125242	90833	  1.38	592	240	--  	      68761.11	
="000912"	泸 天 化	-1.92	6.13	-0.12	6.13	6.14	112415	2226	         -0.16	          4.21	6.20	6.36	6.05	6.25	--  	69490832	  0.72	农药化肥	四川	 4.96	6.18	61347	51068	  1.20	459	160	--  	      26715.00	
="600336"	澳柯玛	-1.98	5.93	-0.12	5.94	5.95	151384	13	         -0.16	          2.23	6.04	6.16	5.88	6.05	    26.60	91566736	  0.51	家用电器	山东	 4.63	6.05	88043	63341	  1.39	2569	876	--  	      68007.20	
="600062"	华润双鹤	-2.03	21.21	-0.44	21.20	21.23	95543	88	          0.28	          1.67	21.51	21.60	21.00	21.65	    19.23	203494448	  0.41	化学制药	北京	 2.77	21.30	56866	38677	  1.47	181	160	--  	      57169.58	
="002470"	金正大	-2.13	24.86	-0.54	24.86	24.89	31321	742	         -0.59	          0.53	25.39	25.80	24.85	25.40	    16.02	79180816	  0.47	农药化肥	山东	 3.74	25.28	16869	14452	  1.17	543	5	--  	      59254.00	
="600238"	海南椰岛	-2.24	8.73	-0.20	8.71	8.75	146996	532	         -0.22	          3.33	8.90	8.99	8.66	8.93	    47.03	129388208	  0.59	红黄药酒	海南	 3.70	8.80	86098	60898	  1.41	220	55	--  	      44203.16	
="002073"	软控股份	-2.52	12.40	-0.32	12.39	12.40	350363	3450	          0.56	          5.66	12.72	12.86	12.31	12.72	    42.29	441532064	  0.90	软件服务	山东	 4.32	12.60	204732	145631	  1.41	397	942	--  	      61879.48	
="600728"	佳都科技	-2.57	15.18	-0.40	15.16	15.18	60690	7	         -0.13	          1.67	15.60	15.74	15.16	15.58	   225.69	93223664	  0.66	软件服务	广东	 3.72	15.36	39643	21047	  1.88	133	13	--  	      36280.03	
="002598"	山东章鼓	-2.58	9.43	-0.25	9.43	9.44	83103	446	          0.00	          3.16	9.66	9.78	9.39	9.68	    39.55	79055360	  0.65	机械基件	山东	 4.03	9.51	51875	31228	  1.66	87	493	--  	      26322.46	
="000738"	中航动控	-2.66	17.20	-0.47	17.20	17.21	165886	2380	         -0.11	          1.45	17.70	17.80	17.12	17.67	    98.39	288557920	  0.77	航空航天	江苏	 3.85	17.39	97959	67927	  1.44	92	541	--  	     114564.22	
="601989"	中国重工	-2.82	6.21	-0.18	6.21	6.22	1878649	185	          0.16	          1.20	6.38	6.42	6.19	6.39	    40.89	1180539648	  0.89	船舶	北京	 3.60	6.28	926553	952096	  0.97	3627	4415	--  	    1561259.25	
="002521"	齐峰新材	-2.87	11.17	-0.33	11.16	11.17	84303	1994	          0.17	          2.74	11.51	11.57	11.08	11.50	    17.74	95604512	  0.76	造纸	山东	 4.26	11.34	50409	33894	  1.49	373	72	--  	      30760.26	
="002110"	三钢闽光	-2.96	6.23	-0.19	6.22	6.23	95931	892	          0.16	          1.79	6.41	6.51	6.11	6.42	--  	60252976	  0.81	普钢	福建	 6.23	6.28	48602	47329	  1.03	660	1499	--  	      53470.00	
="002230"	科大讯飞	-3.00	29.39	-0.91	29.39	29.40	158414	1982	          0.00	          2.74	30.40	30.57	29.31	30.30	   100.84	473215808	  0.82	软件服务	安徽	 4.16	29.87	88534	69880	  1.27	53	543	--  	      57848.67	
="000900"	现代投资	-3.02	5.78	-0.18	5.78	5.79	452517	4099	          0.17	          4.47	5.86	5.96	5.68	5.96	    16.82	262976032	  1.28	路桥	湖南	 4.70	5.81	261188	191329	  1.37	886	71	--  	     101128.75	
="600543"	莫高股份	-3.41	8.79	-0.31	8.76	8.77	70761	216	          0.22	          2.20	9.11	9.17	8.75	9.10	    71.38	63091328	  0.62	红黄药酒	甘肃	 4.62	8.92	43028	27733	  1.55	70	284	--  	      32112.00	
="300005"	探路者	-3.64	18.54	-0.70	18.54	18.56	350629	3803	         -0.58	         10.88	19.20	20.10	18.45	19.24	    38.58	675534400	  0.95	服饰	北京	 8.58	19.27	190481	160148	  1.19	32	460	--  	      32222.78	
="000551"	创元科技	-3.77	10.20	-0.40	10.19	10.20	130246	4223	          0.09	          3.26	10.53	10.63	10.15	10.60	    79.58	135847024	  0.44	专用机械	江苏	 4.53	10.43	76273	53973	  1.41	306	138	--  	      40008.03	
="000791"	甘肃电投	-4.50	9.76	-0.46	9.75	9.76	194685	2637	          0.61	         16.96	10.28	10.44	9.47	10.22	   772.73	193815248	  1.68	水力发电	甘肃	 9.49	9.96	119439	75246	  1.59	87	37	--  	      11477.80	
="002615"	哈尔斯	-6.54	27.99	-1.96	27.98	27.99	39166	522	          0.00	          7.67	30.05	30.20	27.91	29.95	    33.78	113439384	  1.62	家居用品	浙江	 7.65	28.96	22389	16777	  1.33	64	298	--  	       5106.25	
数据来源:通达信
