代码	名称	涨幅%%	现价	涨跌	买价	卖价	总量	现量	涨速%%	换手%%	今开	最高	最低	昨收	市盈(动)	总金额	量比	细分行业	地区	振幅%%	均价	内盘	外盘	内外比	买量	卖量	未匹配量	流通股本(万)	
="300002"	神州泰岳	3.52	19.11	0.65	19.10	19.11	652557	4621	0.05	          8.99	18.46	19.92	18.30	18.46	    51.90	1260154624	  1.82	软件服务	北京	8.78	19.31	284448	368109	  0.77	3223	93	--  	      72615.95	
="002415"	海康威视	2.49	26.38	0.64	26.37	26.38	348528	1455	0.80	          1.11	25.61	27.13	25.55	25.74	    29.71	932432256	  1.16	电器仪表	浙江	6.14	26.75	146408	202119	  0.72	27	8	--  	     315046.75	
="002372"	伟星新材	2.25	16.80	0.37	16.79	16.80	55580	404	0.00	          1.44	16.26	17.22	16.22	16.43	    19.69	93852664	  1.20	其他建材	浙江	6.09	16.89	17836	37743	  0.47	81	213	--  	      38494.82	
="600873"	梅花生物	2.17	7.99	0.17	8.00	8.01	1249462	218	0.37	          4.02	7.90	8.45	7.75	7.82	    68.67	1013627904	  1.76	食品	西藏	8.95	8.11	596393	653068	  0.91	257	742	--  	     310822.66	
="002028"	思源电气	2.13	13.40	0.28	13.39	13.40	219997	6457	-0.37	          4.72	13.13	13.54	13.07	13.12	    19.18	293270272	  1.37	电气设备	上海	3.58	13.33	96948	123048	  0.79	1259	1277	--  	      46646.76	
="000759"	中百集团	2.10	9.22	0.19	9.21	9.22	73531	782	-0.21	          1.08	9.02	9.34	8.99	9.03	    48.20	67598256	  1.02	超市连锁	湖北	3.88	9.19	32374	41156	  0.79	477	1427	--  	      68057.63	
="000401"	冀东水泥	2.10	12.66	0.26	12.65	12.66	426884	4057	0.00	          3.52	12.53	13.00	12.45	12.40	   616.88	545741696	  1.71	水泥	河北	4.44	12.78	188741	238143	  0.79	4109	64	--  	     121233.36	
="000978"	桂林旅游	1.90	9.63	0.18	9.62	9.63	108340	1125	-0.10	          3.01	9.53	9.85	9.50	9.45	--  	105021808	  1.91	旅游景点	广西	3.70	9.69	54340	54000	  1.01	572	128	--  	      36010.00	
="600583"	海油工程	1.66	10.44	0.17	10.44	10.45	1899064	27	0.00	          4.69	10.55	10.97	10.38	10.27	    13.35	2015839488	  1.20	石油开采	天津	5.74	10.61	907947	991117	  0.92	769	188	--  	     404901.41	
="600015"	华夏银行	1.50	12.84	0.19	12.83	12.84	2301776	541	0.15	          3.55	12.63	13.58	12.52	12.65	     6.51	3010164736	  1.22	银行	北京	8.38	13.08	1103654	1198122	  0.92	1261	463	--  	     648768.69	
="600779"	水井坊	1.43	10.64	0.15	10.65	10.66	373484	890	0.00	         12.65	10.40	10.89	10.30	10.49	--  	399517984	  1.97	白酒	四川	5.62	10.70	165500	207983	  0.80	45	491	--  	      29532.34	
="000729"	燕京啤酒	1.34	8.32	0.11	8.32	8.33	355062	3359	-0.23	          1.42	8.21	8.65	8.17	8.21	    19.14	301071840	  1.37	啤酒	北京	5.85	8.48	138167	216894	  0.64	1187	257	--  	     250045.17	
="600697"	欧亚集团	1.27	25.54	0.32	25.54	25.55	22242	4	0.15	          1.43	25.23	25.86	25.23	25.22	    16.46	56845280	  0.59	百货	吉林	2.50	25.56	13342	8900	  1.50	10	53	--  	      15515.59	
="002032"	苏 泊 尔	1.25	17.89	0.22	17.89	17.90	26354	421	0.05	          0.78	17.60	17.97	17.58	17.67	    16.73	47123808	  1.31	家用电器	浙江	2.21	17.88	11524	14830	  0.78	192	229	--  	      33956.62	
="600066"	宇通客车	1.20	24.51	0.29	24.48	24.50	209408	759	0.28	          1.68	24.24	24.88	23.81	24.22	    24.09	511534176	  0.78	汽车整车	河南	4.42	24.43	113403	96004	  1.18	10	428	--  	     124421.64	
="600511"	国药股份	1.06	33.32	0.35	33.31	33.32	68605	1	0.00	          2.47	33.08	35.18	33.08	32.97	    31.92	233845072	  1.46	医药商业	北京	6.37	34.09	34267	34338	  1.00	104	748	--  	      27764.33	
="601398"	工商银行	1.04	4.88	0.05	4.89	4.90	9915904	679	0.82	          0.37	4.82	5.15	4.74	4.83	     5.87	4905936896	  0.92	银行	北京	8.49	4.95	4635828	5280075	  0.88	296	6526	--  	   26670016.00	
="000655"	金岭矿业	0.95	9.60	0.09	9.59	9.60	126175	2236	0.31	          2.12	9.46	9.95	9.43	9.51	    29.30	122499832	  0.93	普钢	山东	5.47	9.71	52344	73830	  0.71	177	2340	--  	      59534.01	
="600132"	重庆啤酒	0.60	16.68	0.10	16.66	16.67	62143	10	-0.05	          1.28	16.52	16.84	16.51	16.58	    37.91	103808856	  1.11	啤酒	重庆	1.99	16.70	27079	35063	  0.77	344	5	--  	      48397.12	
="002233"	塔牌集团	0.50	9.97	0.05	9.97	9.98	131902	1683	-0.20	          2.37	9.97	10.21	9.93	9.92	    13.55	133082936	  0.72	水泥	广东	2.82	10.09	60758	71143	  0.85	422	1212	--  	      55565.60	
="600252"	中恒集团	0.48	16.65	0.08	16.63	16.64	260089	10	0.00	          2.38	16.56	16.93	16.50	16.57	    19.65	435121504	  0.97	中成药	广西	2.60	16.73	125139	134949	  0.93	8216	10	--  	     109174.75	
="601010"	文峰股份	0.10	10.00	0.01	9.99	10.01	68960	15	-0.29	          0.93	9.95	10.08	9.91	9.99	    17.06	68999080	  0.62	超市连锁	江苏	1.70	10.01	42510	26450	  1.61	182	131	--  	      73920.00	
="600612"	老凤祥	0.06	34.07	0.02	34.06	34.07	13935	7	0.14	          0.44	34.00	34.19	33.58	34.05	    18.43	47416184	  0.55	服饰	上海	1.79	34.03	6069	7866	  0.77	416	1	--  	      31710.96	
="300015"	爱尔眼科	0.03	29.21	0.01	29.21	29.22	62267	463	0.00	          1.19	29.18	29.80	28.95	29.20	    56.16	183961744	  1.08	医疗保健	湖南	2.91	29.54	24885	37382	  0.67	26	10	--  	      52327.30	
="600986"	科达股份	0.00	7.05	0.00	--  	--  	0	0	0.00	          0.00	--  	--  	--  	7.05	    36.88	0	  0.00	建筑施工	山东	0.00	7.05	0	0	--  	0	0	--  	      33526.96	
="600981"	汇鸿股份	0.00	4.21	0.00	--  	--  	0	0	0.00	          0.00	--  	--  	--  	4.21	    92.48	0	  0.00	商贸代理	江苏	0.00	4.21	0	0	--  	0	0	--  	      51610.64	
="600749"	西藏旅游	0.00	12.18	0.00	--  	--  	0	0	0.00	          0.00	--  	--  	--  	12.18	  1161.76	0	  0.00	旅游景点	西藏	0.00	12.18	0	0	--  	0	0	--  	      18913.78	
="600621"	华鑫股份	0.00	8.09	0.00	8.09	8.10	85284	10	0.00	          1.63	8.05	8.22	8.03	8.09	    33.68	69530832	  0.60	全国地产	上海	2.35	8.15	46049	39235	  1.17	189	266	--  	      52408.23	
="600616"	金枫酒业	0.00	9.57	0.00	9.57	9.58	161426	272	-0.51	          3.68	9.59	9.86	9.53	9.57	    55.13	156958112	  1.33	红黄药酒	上海	3.45	9.72	75031	86394	  0.87	290	910	--  	      43867.14	
="600575"	皖江物流	0.00	4.11	0.00	--  	--  	0	0	0.00	          0.00	--  	--  	--  	4.11	--  	0	  0.00	水运	安徽	0.00	4.11	0	0	--  	0	0	--  	     142320.00	
="600365"	通葡股份	0.00	11.38	0.00	--  	--  	0	0	0.00	          0.00	--  	--  	--  	11.38	  5686.21	0	  0.00	红黄药酒	吉林	0.00	11.38	0	0	--  	0	0	--  	      14000.00	
="600326"	西藏天路	0.00	8.66	0.00	8.65	8.66	112771	220	-0.34	          2.06	8.65	8.86	8.61	8.66	    69.67	98609032	  0.68	建筑施工	西藏	2.89	8.74	60137	52633	  1.14	46	139	--  	      54720.00	
="600318"	巢东股份	0.00	11.20	0.00	--  	--  	0	0	0.00	          0.00	--  	--  	--  	11.20	    17.93	0	  0.00	水泥	安徽	0.00	11.20	0	0	--  	0	0	--  	      24200.00	
="600241"	时代万恒	0.00	8.28	0.00	--  	--  	0	0	0.00	          0.00	--  	--  	--  	8.28	--  	0	  0.00	商贸代理	辽宁	0.00	8.28	0	0	--  	0	0	--  	      18020.00	
="600183"	生益科技	0.00	7.76	0.00	7.75	7.77	183095	81	0.38	          1.29	7.71	7.83	7.65	7.76	    19.72	142029776	  0.58	元器件	广东	2.32	7.76	99004	84091	  1.18	4647	239	--  	     142301.81	
="600105"	永鼎股份	0.00	9.86	0.00	--  	--  	0	0	0.00	          0.00	--  	--  	--  	9.86	    22.23	0	  0.00	通信设备	江苏	0.00	9.86	0	0	--  	0	0	--  	      38095.46	
="600103"	青山纸业	0.00	3.66	0.00	--  	--  	0	0	0.00	          0.00	--  	--  	--  	3.66	   601.14	0	  0.00	造纸	福建	0.00	3.66	0	0	--  	0	0	--  	     106184.15	
="600091"	ST明科	0.00	7.02	0.00	--  	--  	0	0	0.00	          0.00	--  	--  	--  	7.02	--  	0	  0.00	化工原料	内蒙	0.00	7.02	0	0	--  	0	0	--  	      33652.60	
="600090"	啤酒花	0.00	8.13	0.00	--  	--  	0	0	0.00	          0.00	--  	--  	--  	8.13	    36.46	0	  0.00	啤酒	新疆	0.00	8.13	0	0	--  	0	0	--  	      36791.66	
="600056"	中国医药	0.00	17.56	0.00	--  	--  	0	0	0.00	          0.00	--  	--  	--  	17.56	    31.65	0	  0.00	医药商业	北京	0.00	17.56	0	0	--  	0	0	--  	      88445.85	
="300313"	天山生物	--  	23.69	--  	--  	--  	0	0	--  	          0.00	--  	--  	--  	23.69	   258.62	0	  0.00	农业综合	新疆	0.00	23.69	0	0	--  	0	0	--  	       4177.81	
="300144"	宋城演艺	--  	30.12	--  	--  	--  	0	0	--  	          0.00	--  	--  	--  	30.12	    39.83	0	  0.00	旅游景点	浙江	0.00	30.12	0	0	--  	0	0	--  	      19553.75	
="002558"	世纪游轮	--  	31.65	--  	--  	--  	0	0	--  	          0.00	--  	--  	--  	31.65	   271.60	0	  0.00	旅游服务	重庆	0.00	31.65	0	0	--  	0	0	--  	       3244.39	
="002529"	海源机械	--  	15.03	--  	--  	--  	0	0	--  	          0.00	--  	--  	--  	15.03	--  	0	  0.00	专用机械	福建	0.00	15.03	0	0	--  	0	0	--  	      15608.25	
="002509"	天广消防	--  	12.27	--  	--  	--  	0	0	--  	          0.00	--  	--  	--  	12.27	    51.77	0	  0.00	专用机械	福建	0.00	12.27	0	0	--  	0	0	--  	      23109.89	
="002324"	普利特	--  	19.90	--  	--  	--  	0	0	--  	          0.00	--  	--  	--  	19.90	    26.33	0	  0.00	塑料	上海	0.00	19.90	0	0	--  	0	0	--  	      15582.66	
="002323"	中联电气	--  	21.95	--  	--  	--  	0	0	--  	          0.00	--  	--  	--  	21.95	   130.92	0	  0.00	电气设备	江苏	0.00	21.95	0	0	--  	0	0	--  	       8350.16	
="002168"	深圳惠程	--  	10.13	--  	--  	--  	0	0	--  	          0.00	--  	--  	--  	10.13	--  	0	  0.00	电气设备	深圳	0.00	10.13	0	0	--  	0	0	--  	      56803.58	
="002044"	江苏三友	--  	10.04	--  	--  	--  	0	0	--  	          0.00	--  	--  	--  	10.04	    43.13	0	  0.00	服饰	江苏	0.00	10.04	0	0	--  	0	0	--  	      22410.00	
="002009"	天奇股份	--  	16.30	--  	--  	--  	0	0	--  	          0.00	--  	--  	--  	16.30	    47.89	0	  0.00	工程机械	江苏	0.00	16.30	0	0	--  	0	0	--  	      25991.22	
="002006"	*ST精功	--  	8.75	--  	--  	--  	0	0	--  	          0.00	--  	--  	--  	8.75	--  	0	  0.00	工程机械	浙江	0.00	8.75	0	0	--  	0	0	--  	      43677.89	
="000796"	易食股份	--  	7.23	--  	--  	--  	0	0	--  	          0.00	--  	--  	--  	7.23	    95.94	0	  0.00	食品	陕西	0.00	7.23	0	0	--  	0	0	--  	      24652.30	
="000758"	中色股份	0.00	15.87	0.00	15.87	15.88	649350	4904	-0.25	          7.20	15.75	16.65	15.65	15.87	   166.45	1053813824	  1.04	铅锌	北京	6.30	16.23	311749	337600	  0.92	529	5648	--  	      90156.15	
="000627"	天茂集团	--  	4.10	--  	--  	--  	0	0	--  	          0.00	--  	--  	--  	4.10	    28.37	0	  0.00	化工原料	湖北	0.00	4.10	0	0	--  	0	0	--  	     135358.98	
="000514"	渝 开 发	--  	7.08	--  	--  	--  	0	0	--  	          0.00	--  	--  	--  	7.08	    36.98	0	  0.00	区域地产	重庆	0.00	7.08	0	0	--  	0	0	--  	      84377.09	
="000498"	山东路桥	--  	4.64	--  	--  	--  	0	0	--  	          0.00	--  	--  	--  	4.64	    27.67	0	  0.00	建筑施工	山东	0.00	4.64	0	0	--  	0	0	--  	      35417.01	
="600116"	三峡水利	-0.07	14.21	-0.01	14.21	14.22	79754	1	-0.42	          2.98	14.21	14.58	14.16	14.22	    24.47	114557296	  0.62	水力发电	重庆	2.95	14.36	36964	42789	  0.86	115	175	--  	      26753.32	
="600859"	王府井	-0.09	22.17	-0.02	22.16	22.17	81430	1	-0.49	          1.76	22.11	22.38	22.00	22.19	    15.80	181095792	  0.72	百货	北京	1.71	22.24	40018	41411	  0.97	69	9	--  	      46276.80	
="600009"	上海机场	-0.25	19.95	-0.05	19.93	19.95	224732	27	-0.20	          2.06	19.86	20.48	19.83	20.00	    18.26	453089248	  0.85	机场	上海	3.25	20.16	102972	121760	  0.85	120	1	--  	     109347.64	
="601888"	中国国旅	-0.26	45.54	-0.12	45.46	45.58	54747	29	0.08	          0.56	45.78	47.50	45.45	45.66	    27.96	255216480	  0.72	旅游服务	北京	4.49	46.62	26567	28179	  0.94	7	200	--  	      97623.77	
="600377"	宁沪高速	-0.27	7.34	-0.02	7.34	7.35	109876	50	0.00	          0.29	7.31	7.48	7.29	7.36	    13.41	81164224	  0.50	路桥	江苏	2.58	7.39	53262	56613	  0.94	50	136	--  	     379275.53	
="600085"	同仁堂	-0.30	23.59	-0.07	23.58	23.59	140226	25	-0.25	          1.07	23.55	24.15	23.51	23.66	    40.04	334099456	  0.55	中成药	北京	2.70	23.83	65359	74866	  0.87	173	46	--  	     131123.06	
="600197"	伊力特	-0.40	12.52	-0.05	12.50	12.52	115502	47	0.07	          2.62	12.49	12.75	12.46	12.57	    15.24	145942048	  0.77	白酒	新疆	2.31	12.64	56831	58671	  0.97	28	54	--  	      44100.00	
="000608"	阳光股份	-0.40	4.96	-0.02	4.95	4.96	159365	1001	-0.20	          2.13	4.97	5.05	4.94	4.98	   156.00	79658160	  0.47	区域地产	广西	2.21	5.00	90030	69335	  1.30	2282	1820	--  	      74991.32	
="600467"	好当家	-0.46	6.56	-0.03	6.57	6.58	252928	15	-0.75	          3.46	6.56	6.75	6.53	6.59	   162.85	168380560	  1.36	渔业	山东	3.34	6.66	123413	129514	  0.95	10	692	--  	      73049.71	
="000521"	美菱电器	-0.46	6.45	-0.03	6.45	6.46	124158	4497	-0.30	          2.10	6.50	6.57	6.44	6.48	    15.44	80931008	  0.59	家用电器	安徽	2.01	6.52	61869	62288	  0.99	970	212	--  	      59107.98	
="000026"	飞亚达Ａ	-0.47	10.62	-0.05	10.61	10.62	66365	2544	-0.37	          2.13	10.67	11.04	10.62	10.67	    24.62	71742912	  1.26	其他商业	深圳	3.94	10.81	39043	27322	  1.43	160	2106	--  	      31107.00	
="600054"	黄山旅游	-0.58	15.31	-0.09	15.30	15.31	27337	26	-0.51	          2.32	15.42	15.63	15.30	15.40	    25.35	42374008	  0.69	旅游景点	安徽	2.14	15.50	16101	11236	  1.43	4	93	--  	      11762.00	
="002244"	滨江集团	-0.63	7.95	-0.05	7.95	7.96	144462	3926	0.37	          1.26	7.98	8.17	7.90	8.00	    14.16	116089216	  0.53	区域地产	浙江	3.38	8.04	82100	62361	  1.32	6637	74	--  	     114773.00	
="600012"	皖通高速	-0.63	6.27	-0.04	6.27	6.28	85598	55	-0.47	          0.73	6.30	6.43	6.22	6.31	    11.63	54040512	  0.57	路桥	安徽	3.33	6.31	39293	46305	  0.85	132	135	--  	     116560.00	
="600533"	栖霞建设	-0.64	4.68	-0.03	4.67	4.68	133388	20	-0.21	          1.27	4.68	4.78	4.66	4.71	    47.61	63154484	  0.45	区域地产	江苏	2.55	4.73	72652	60735	  1.20	2565	313	--  	     105000.00	
="600804"	鹏博士	-0.64	18.69	-0.12	18.67	18.68	301450	6	-0.05	          2.25	18.90	19.08	18.65	18.81	    46.20	568200064	  1.06	电信运营	四川	2.29	18.85	164046	137404	  1.19	581	4	--  	     134194.16	
="000957"	中通客车	-0.64	15.45	-0.10	15.45	15.46	128268	2788	-0.06	          5.38	15.50	15.95	15.45	15.55	     9.96	201581120	  0.74	汽车整车	山东	3.22	15.72	66278	61989	  1.07	480	434	--  	      23847.91	
="000869"	张  裕Ａ	-0.65	36.50	-0.24	36.49	36.50	51781	457	0.21	          1.14	36.50	37.48	36.36	36.74	    23.48	191721136	  1.05	红黄药酒	山东	3.05	37.03	26804	24976	  1.07	5	130	--  	      45346.07	
="600614"	鼎立股份	-0.66	13.65	-0.09	13.68	13.70	120544	17	-0.43	          2.70	13.74	14.08	13.40	13.74	   328.04	165690384	  0.89	综合类	上海	4.95	13.75	58532	62012	  0.94	4	1530	--  	      44675.94	
="000669"	金鸿能源	-0.68	27.60	-0.19	27.57	27.60	9763	221	-0.43	          0.43	27.70	28.18	27.40	27.79	    35.52	27049292	  0.37	供气供热	吉林	2.81	27.71	4746	5016	  0.95	1	136	--  	      22855.91	
="002628"	成都路桥	-0.71	5.60	-0.04	5.60	5.61	199415	6824	0.00	          3.04	5.61	5.72	5.59	5.64	    28.07	113013472	  0.67	建筑施工	四川	2.30	5.67	109549	89865	  1.22	912	2916	--  	      65581.46	
="300255"	常山药业	-0.76	33.93	-0.26	33.71	33.93	12840	232	0.98	          0.99	34.50	34.50	33.40	34.19	    66.09	43583840	  0.62	生物制药	河北	3.22	33.94	7675	5164	  1.49	51	95	--  	      12945.29	
="000690"	宝新能源	-0.76	6.50	-0.05	6.50	6.51	351459	8082	-0.30	          2.05	6.52	6.65	6.50	6.55	    10.10	231042560	  0.60	火力发电	广东	2.29	6.57	195135	156323	  1.25	11307	4539	--  	     171265.66	
="000737"	南风化工	-0.79	5.00	-0.04	5.00	5.01	86163	1555	-0.39	          1.57	5.02	5.11	5.00	5.04	--  	43625448	  0.70	日用化工	山西	2.18	5.06	45100	41063	  1.10	540	229	--  	      54873.12	
="000726"	鲁  泰Ａ	-0.82	12.05	-0.10	12.04	12.05	144797	1380	-0.24	          2.58	12.10	12.52	11.99	12.15	    12.16	177641744	  1.04	纺织	山东	4.36	12.27	70834	73963	  0.96	25	464	--  	      56110.69	
="600060"	海信电器	-0.84	11.84	-0.10	11.84	11.85	420032	47	-0.16	          3.21	11.95	12.29	11.81	11.94	    12.64	507924128	  0.93	家用电器	山东	4.02	12.09	216843	203188	  1.07	9	118	--  	     130848.13	
="000789"	万年青	-0.88	13.53	-0.12	13.52	13.53	100495	1896	-0.51	          2.46	13.58	13.92	13.50	13.65	    11.06	138311232	  0.65	水泥	江西	3.08	13.76	51895	48600	  1.07	1036	235	--  	      40888.75	
="002226"	江南化工	-0.88	12.38	-0.11	12.38	12.39	66409	1537	-0.24	          1.68	12.52	12.67	12.38	12.49	    23.30	83332912	  0.64	化工原料	安徽	2.32	12.55	38938	27470	  1.42	234	288	--  	      39550.44	
="600801"	华新水泥	-0.88	10.12	-0.09	10.11	10.13	310577	67	-0.09	          3.20	10.20	10.49	10.06	10.21	    13.94	319295136	  0.97	水泥	湖北	4.21	10.28	174342	136234	  1.28	5	445	--  	      97167.99	
="002221"	东华能源	-0.89	16.70	-0.15	16.70	16.71	39670	1033	-0.47	          0.89	16.85	17.04	16.45	16.85	   190.04	66378920	  0.87	石油贸易	江苏	3.50	16.73	27202	12467	  2.18	2808	8	--  	      44718.82	
="600581"	八一钢铁	-0.90	5.48	-0.05	5.47	5.48	154765	3	0.00	          2.02	5.50	5.60	5.43	5.53	--  	85591232	  0.62	普钢	新疆	3.07	5.53	71322	83442	  0.85	922	150	--  	      76644.89	
="600675"	中华企业	-0.91	6.54	-0.06	6.54	6.55	422746	53	-0.45	          2.26	6.59	6.75	6.53	6.60	    59.53	281186656	  0.53	区域地产	上海	3.33	6.65	206307	216438	  0.95	222	766	--  	     186705.94	
="600073"	上海梅林	-0.95	9.37	-0.09	9.37	9.38	173615	50	-0.74	          2.11	9.45	9.67	9.35	9.46	    58.70	165839696	  1.00	食品	上海	3.38	9.55	88418	85196	  1.04	280	486	--  	      82273.52	
="600007"	中国国贸	-1.01	14.67	-0.15	14.68	14.69	30453	158	-0.40	          0.30	14.75	15.15	14.61	14.82	    25.83	45284856	  0.51	园区开发	北京	3.64	14.87	14767	15686	  0.94	10	271	--  	     100728.25	
="002493"	荣盛石化	-1.06	12.08	-0.13	12.08	12.09	36506	943	-0.08	          0.36	12.20	12.39	12.05	12.21	   834.93	44730092	  0.62	化纤	浙江	2.78	12.25	19980	16525	  1.21	1417	73	--  	     101907.50	
="600723"	首商股份	-1.09	8.15	-0.09	8.16	8.17	70831	15	-0.48	          1.08	8.25	8.45	8.11	8.24	    19.24	58921988	  0.74	百货	北京	4.13	8.32	37800	33030	  1.14	9	78	--  	      65722.45	
="600641"	万业企业	-1.14	6.08	-0.07	6.09	6.10	118926	64	-0.81	          1.48	6.15	6.32	6.05	6.15	    14.02	73749568	  0.48	区域地产	上海	4.39	6.20	57849	61076	  0.95	322	430	--  	      80615.88	
="601857"	中国石油	-1.15	12.07	-0.14	12.06	12.08	2971975	688	-0.16	          0.18	12.08	12.70	11.84	12.21	    17.25	3640000000	  0.83	石油开采	北京	7.04	12.25	1487165	1484809	  1.00	3	2175	--  	   16192208.00	
="000937"	冀中能源	-1.15	8.58	-0.10	8.58	8.59	315163	4408	-0.46	          1.43	8.66	8.86	8.58	8.68	   428.84	274182816	  0.43	煤炭开采	河北	3.23	8.70	166105	149057	  1.11	666	495	--  	     220706.56	
="600050"	中国联通	-1.19	4.98	-0.06	4.97	4.98	5149009	8222	-0.39	          2.43	5.00	5.22	4.97	5.04	    22.62	2617789184	  0.84	电信运营	上海	4.96	5.08	2472497	2676512	  0.92	3250	2078	--  	    2119659.75	
="600858"	银座股份	-1.21	9.83	-0.12	9.86	9.87	101458	30	-0.80	          1.96	9.88	10.20	9.78	9.95	    19.34	101798400	  0.60	百货	山东	4.22	10.03	51896	49562	  1.05	68	150	--  	      51754.80	
="600690"	青岛海尔	-1.21	19.60	-0.24	19.56	19.57	392842	62	-0.40	          1.44	19.87	20.38	19.50	19.84	    10.62	788852928	  0.74	家用电器	山东	4.44	20.08	200906	191935	  1.05	89	1908	--  	     273684.13	
="600199"	金种子酒	-1.25	11.87	-0.15	11.86	11.88	284384	5	-0.25	          5.12	11.90	12.32	11.80	12.02	    87.95	343571552	  1.10	白酒	安徽	4.33	12.08	143190	141194	  1.01	145	37	--  	      55577.50	
="000157"	中联重科	-1.32	6.71	-0.09	6.71	6.72	1907004	22927	-0.14	          3.05	6.77	6.91	6.70	6.80	    38.77	1296505344	  0.78	工程机械	湖南	3.09	6.80	919737	987266	  0.93	7571	5222	--  	     626117.19	
="002128"	露天煤业	-1.33	9.64	-0.13	9.63	9.64	141889	2705	-0.72	          1.07	9.75	9.99	9.63	9.77	    51.41	139712352	  0.51	煤炭开采	内蒙	3.68	9.85	69764	72124	  0.97	413	922	--  	     132668.17	
="600058"	五矿发展	-1.39	16.37	-0.23	16.37	16.40	212934	80	-0.48	          1.99	16.65	17.08	16.29	16.60	    74.49	356461248	  0.62	商贸代理	北京	4.76	16.74	108415	104519	  1.04	5	587	--  	     107191.07	
="600196"	复星医药	-1.39	22.06	-0.31	22.08	22.09	400182	7	-0.36	          2.10	22.30	22.80	21.98	22.37	    24.29	900990208	  0.87	化学制药	上海	3.67	22.51	204144	196037	  1.04	27	56	--  	     190439.23	
="600642"	申能股份	-1.40	6.36	-0.09	6.35	6.36	568146	62	-0.15	          1.25	6.42	6.58	6.35	6.45	    15.26	366777504	  0.81	火力发电	上海	3.57	6.46	299151	268995	  1.11	3848	154	--  	     455203.84	
="600335"	国机汽车	-1.40	20.38	-0.29	20.42	20.43	55674	5	-0.34	          0.99	20.60	21.15	20.21	20.67	    15.34	115181384	  0.56	汽车配件	天津	4.55	20.69	30341	25333	  1.20	64	5	--  	      56000.46	
="600123"	兰花科创	-1.43	10.36	-0.15	10.36	10.37	356128	20	-0.38	          3.12	10.43	10.68	10.32	10.51	   505.10	374253728	  0.42	煤炭开采	山西	3.43	10.51	181705	174422	  1.04	198	104	--  	     114240.00	
="002646"	青青稞酒	-1.44	21.16	-0.31	21.16	21.19	41186	652	-0.47	          0.92	21.47	21.90	21.16	21.47	    26.41	88740768	  0.69	白酒	青海	3.45	21.55	21399	19786	  1.08	44	3	--  	      45000.00	
="000999"	华润三九	-1.45	23.80	-0.35	23.78	23.80	130588	3566	-0.50	          1.34	24.15	24.66	23.80	24.15	    22.15	316101088	  0.82	中成药	深圳	3.56	24.21	70867	59720	  1.19	31	2967	--  	      97774.22	
="002001"	新 和 成	-1.52	15.59	-0.24	15.58	15.59	176333	2694	-0.25	          1.64	15.83	16.05	15.58	15.83	    17.86	279516448	  0.74	化学制药	浙江	2.97	15.85	98845	77487	  1.28	470	462	--  	     107301.28	
="600159"	大龙地产	-1.55	4.44	-0.07	4.43	4.44	145512	5	-0.89	          1.75	4.48	4.62	4.44	4.51	    30.05	65970972	  0.46	区域地产	北京	3.99	4.53	76282	69229	  1.10	821	355	--  	      83000.32	
="600688"	上海石化	-1.58	4.35	-0.07	4.35	4.36	1101932	252	0.00	          4.62	4.39	4.50	4.33	4.42	--  	486676864	  0.57	石油加工	上海	3.85	4.42	574229	527702	  1.09	2659	506	--  	     238500.00	
="600828"	成商集团	-1.60	6.78	-0.11	6.78	6.79	71340	88	-0.44	          1.25	6.87	6.97	6.75	6.89	    16.43	49112756	  0.61	百货	四川	3.19	6.88	42664	28676	  1.49	43	134	--  	      56981.73	
="000533"	万 家 乐	-1.67	5.29	-0.09	5.29	5.30	372760	3232	0.00	          5.44	5.25	5.42	5.22	5.38	    31.24	198060672	  0.96	家用电器	广东	3.72	5.31	184832	187927	  0.98	1188	1491	--  	      68487.71	
="600143"	金发科技	-1.67	7.05	-0.12	7.05	7.06	522110	17	-0.70	          2.04	7.12	7.33	7.00	7.17	    29.64	374723392	  0.68	塑料	广东	4.60	7.18	266421	255689	  1.04	688	60	--  	     256000.00	
="002024"	苏宁云商	-1.68	9.37	-0.16	9.36	9.37	2069356	21287	0.32	          4.19	9.48	9.68	9.30	9.53	--  	1972185088	  1.05	电器连锁	江苏	3.99	9.53	1062712	1006644	  1.06	1427	10612	--  	     494071.41	
="600362"	江西铜业	-1.68	18.73	-0.32	18.74	18.76	445966	53	-0.53	          2.15	18.95	19.40	18.71	19.05	    20.93	849432384	  0.55	铜	江西	3.62	19.05	220903	225063	  0.98	114	1303	--  	     207524.73	
="601678"	滨化股份	-1.70	10.43	-0.18	10.41	10.42	154458	10	-0.94	          2.34	10.58	10.76	10.40	10.61	    16.35	163703472	  0.70	化工原料	山东	3.39	10.60	86287	68170	  1.27	100	59	--  	      66000.00	
="600508"	上海能源	-1.74	11.85	-0.21	11.85	11.86	130658	33	-0.25	          1.81	12.00	12.08	11.82	12.06	    90.12	156092784	  0.57	煤炭开采	上海	2.16	11.95	82190	48467	  1.70	21	211	--  	      72271.79	
="600489"	中金黄金	-1.78	11.61	-0.21	11.60	11.61	769751	1504	-0.08	          2.62	11.79	12.12	11.58	11.82	    65.20	913241216	  0.54	黄金	北京	4.57	11.86	400266	369485	  1.08	1	20	--  	     294322.88	
="601607"	上海医药	-1.80	16.96	-0.31	16.95	16.96	291012	232	-0.29	          1.51	17.26	17.66	16.86	17.27	    17.88	505365440	  0.73	医药商业	上海	4.63	17.37	151734	139277	  1.09	252	124	--  	     192293.50	
="600729"	重庆百货	-1.87	25.25	-0.48	25.22	25.23	78112	56	-0.27	          2.10	25.73	26.10	25.20	25.73	    15.85	200994896	  0.65	百货	重庆	3.50	25.73	41013	37098	  1.11	70	44	--  	      37231.14	
="002200"	云投生态	-1.87	17.82	-0.34	17.81	17.82	15119	349	-0.72	          1.40	18.15	18.26	17.82	18.16	--  	27285388	  0.34	环境保护	云南	2.42	18.05	8796	6323	  1.39	15	2565	--  	      10782.91	
="601666"	平煤股份	-1.88	6.26	-0.12	6.26	6.27	516930	19	0.00	          2.19	6.30	6.49	6.24	6.38	   128.25	327628064	  0.61	煤炭开采	河南	3.92	6.34	271708	245222	  1.11	541	372	--  	     236116.50	
="000404"	华意压缩	-1.91	7.70	-0.15	7.70	7.71	150519	2732	-0.25	          3.04	7.82	7.97	7.68	7.85	    20.08	117990144	  0.60	专用机械	江西	3.69	7.84	78767	71752	  1.10	876	279	--  	      49550.89	
="600695"	大江股份	-1.92	7.68	-0.15	7.67	7.68	77710	15	-0.25	          2.36	7.79	7.90	7.67	7.83	--  	60511928	  1.03	食品	上海	2.94	7.79	44113	33596	  1.31	87	249	--  	      32957.28	
="601139"	深圳燃气	-1.95	8.56	-0.17	8.58	8.59	123194	4	-0.34	          0.62	8.71	8.74	8.55	8.73	    21.82	106416976	  0.90	供气供热	深圳	2.18	8.64	70345	52849	  1.33	237	256	--  	     198059.78	
="000552"	靖远煤电	-1.95	10.57	-0.21	10.57	10.58	104175	2746	-0.47	          2.94	10.62	10.86	10.56	10.78	    20.94	111378088	  0.47	煤炭开采	甘肃	2.78	10.69	60152	44023	  1.37	372	1388	--  	      35412.42	
="600121"	郑州煤电	-1.99	5.90	-0.12	5.90	5.91	116989	89	-0.50	          1.68	5.99	6.10	5.89	6.02	--  	70106848	  0.48	煤炭开采	河南	3.49	5.99	74698	42290	  1.77	370	675	--  	      69834.40	
="000417"	合肥百货	-2.00	8.32	-0.17	8.32	8.33	223809	3068	-0.35	          2.87	8.42	8.75	8.32	8.49	    16.85	190787776	  0.82	百货	安徽	5.06	8.52	120045	103764	  1.16	138	278	--  	      77859.75	
="000537"	广宇发展	-2.05	8.59	-0.18	8.59	8.60	196988	4735	-0.57	          3.84	8.70	8.96	8.56	8.77	    13.43	172804016	  0.52	区域地产	天津	4.56	8.77	108453	88535	  1.22	1820	4070	--  	      51271.33	
="600805"	悦达投资	-2.06	11.88	-0.25	11.87	11.88	279335	107	-0.50	          3.29	12.03	12.43	11.86	12.13	    10.10	340447520	  0.87	综合类	江苏	4.70	12.19	146455	132880	  1.10	6	119	--  	      84920.21	
="600018"	上港集团	-2.08	6.59	-0.14	6.59	6.60	1181942	378	0.00	          0.52	6.73	6.85	6.57	6.73	    24.03	793637440	  0.92	港口	上海	4.16	6.71	589303	592639	  0.99	1583	462	--  	    2275518.00	
="002431"	棕榈园林	-2.13	21.14	-0.46	21.13	21.14	86091	2103	-0.51	          3.40	21.58	21.90	21.11	21.60	    30.31	185874064	  0.73	建筑施工	广东	3.66	21.59	51867	34224	  1.52	275	391	--  	      25304.64	
="601699"	潞安环能	-2.15	11.85	-0.26	11.86	11.87	474413	78	0.59	          2.06	12.01	12.42	11.71	12.11	    32.20	570771200	  0.66	煤炭开采	山西	5.86	12.03	238883	235529	  1.01	962	44	--  	     230108.41	
="000422"	湖北宜化	-2.17	7.65	-0.17	7.64	7.65	206290	5939	-0.52	          2.36	7.80	7.88	7.65	7.82	   283.40	160627888	  0.52	农药化肥	湖北	2.94	7.79	113854	92436	  1.23	700	6186	--  	      87374.47	
="600814"	杭州解百	-2.18	8.98	-0.20	8.96	8.99	115186	33	-0.66	          3.71	9.20	9.39	8.80	9.18	    26.30	105245696	  1.03	百货	浙江	6.43	9.14	69647	45539	  1.53	10	153	--  	      31038.30	
="000723"	美锦能源	-2.20	8.01	-0.18	8.00	8.01	67683	2382	-0.62	          3.47	8.12	8.27	8.01	8.19	   495.34	55045268	  0.40	焦炭加工	山西	3.17	8.13	41392	26290	  1.57	716	859	--  	      19486.41	
="000063"	中兴通讯	-2.20	19.55	-0.44	19.54	19.55	989993	18790	0.10	          3.53	19.88	20.38	19.51	19.99	    27.52	1980586112	  0.81	通信设备	深圳	4.35	20.01	511627	478365	  1.07	901	7196	--  	     280129.03	
="000780"	平庄能源	-2.21	6.20	-0.14	6.20	6.21	178738	3419	-0.16	          1.76	6.29	6.42	6.20	6.34	--  	112771608	  0.43	煤炭开采	内蒙	3.47	6.31	104934	73804	  1.42	209	283	--  	     101430.63	
="600280"	中央商场	-2.28	13.73	-0.32	13.72	13.73	76425	5	0.07	          1.33	14.07	14.40	13.61	14.05	    11.96	106499328	  1.03	百货	江苏	5.62	13.94	42275	34150	  1.24	45	201	--  	      57416.73	
="000058"	深 赛 格	-2.29	6.84	-0.16	6.83	6.84	121119	2624	-0.58	          2.25	6.90	7.10	6.84	7.00	    86.41	84350504	  1.17	元器件	深圳	3.71	6.96	59487	61631	  0.97	351	337	--  	      53831.10	
="000792"	盐湖股份	-2.32	23.20	-0.55	23.19	23.20	157333	3268	-0.34	          1.47	23.70	23.96	23.00	23.75	    42.39	370010112	  0.79	农药化肥	青海	4.04	23.52	87826	69507	  1.26	22	1	--  	     107353.50	
="000725"	京东方Ａ	-2.35	3.33	-0.08	3.32	3.33	4227226	75216	-0.59	          3.67	3.41	3.44	3.33	3.41	    47.52	1430871040	  1.02	元器件	北京	3.23	3.38	2153599	2073627	  1.04	44835	49128	--  	    1150574.38	
="300048"	合康变频	-2.36	12.40	-0.30	12.39	12.40	67095	948	-0.87	          2.25	12.70	12.82	12.40	12.70	   141.88	84945592	  0.54	电气设备	北京	3.31	12.66	42398	24696	  1.72	37	78	--  	      29812.73	
="000830"	鲁西化工	-2.37	5.35	-0.13	5.34	5.35	371444	8364	-0.18	          2.54	5.45	5.56	5.33	5.48	    19.45	202703120	  0.90	农药化肥	山东	4.20	5.46	227763	143681	  1.59	2994	13309	--  	     146398.02	
="000488"	晨鸣纸业	-2.44	6.41	-0.16	6.41	6.42	296536	3243	-0.62	          2.68	6.60	6.63	6.41	6.57	    27.28	193247856	  0.64	造纸	山东	3.35	6.52	176992	119544	  1.48	2462	443	--  	     110503.72	
="600747"	大连控股	-2.44	6.80	-0.17	6.79	6.81	377465	92	-0.29	          3.55	6.93	7.08	6.75	6.97	--  	262408768	  1.17	元器件	辽宁	4.73	6.95	199709	177756	  1.12	344	99	--  	     106432.84	
="600023"	浙能电力	-2.47	7.11	-0.18	7.12	7.13	437411	994	-0.28	          5.53	7.25	7.36	7.09	7.29	    14.86	316299072	  0.83	火力发电	浙江	3.70	7.23	237801	199610	  1.19	16	358	--  	      79063.02	
="600295"	鄂尔多斯	-2.54	9.20	-0.24	9.19	9.20	75683	29	-0.43	          1.24	9.44	9.45	9.19	9.44	    26.88	70480720	  0.75	服饰	内蒙	2.75	9.31	48174	27508	  1.75	150	40	--  	      61200.00	
="000572"	海马汽车	-2.55	5.35	-0.14	5.35	5.36	305594	10444	-0.37	          1.86	5.45	5.53	5.35	5.49	    41.80	167042048	  0.71	汽车整车	海南	3.28	5.47	167548	138046	  1.21	1946	905	--  	     164205.73	
="600230"	沧州大化	-2.56	11.78	-0.31	11.80	11.81	118361	310	-0.50	          4.02	12.19	12.34	11.76	12.09	--  	143032480	  1.10	农药化肥	河北	4.80	12.08	71099	47262	  1.50	10	284	--  	      29418.82	
="000012"	南  玻Ａ	-2.63	8.89	-0.24	8.88	8.89	543440	9437	-0.33	          4.17	9.17	9.22	8.88	9.13	    18.77	492238624	  0.86	玻璃	深圳	3.72	9.06	305051	238388	  1.28	3949	1359	--  	     130276.85	
="600309"	万华化学	-2.64	23.64	-0.64	23.65	23.66	567608	180	-0.21	          2.62	24.00	24.79	23.30	24.28	    18.27	1365307136	  1.08	化工原料	山东	6.14	24.05	283005	284603	  0.99	487	291	--  	     216233.45	
="600089"	特变电工	-2.64	12.89	-0.35	12.90	12.91	1170449	95	-0.15	          3.70	13.14	13.40	12.86	13.24	    22.71	1537747584	  0.81	电气设备	新疆	4.08	13.14	615691	554758	  1.11	679	1362	--  	     316591.31	
="002155"	辰州矿业	-2.73	10.70	-0.30	10.70	10.71	255027	4311	-0.18	          2.56	10.93	11.20	10.70	11.00	    77.60	279309696	  0.44	黄金	湖南	4.55	10.95	128978	126049	  1.02	3745	743	--  	      99608.52	
="000538"	云南白药	-2.85	64.80	-1.90	64.79	64.80	132380	1448	-0.16	          1.27	66.70	67.37	64.80	66.70	    26.03	871056064	  0.77	中成药	云南	3.85	65.80	68395	63985	  1.07	9	741	--  	     104136.53	
="000418"	小天鹅Ａ	-2.88	13.49	-0.40	13.48	13.49	75427	1445	-0.58	          1.72	13.80	14.05	13.49	13.89	    12.44	104241368	  0.78	家用电器	江苏	4.03	13.82	44961	30465	  1.48	275	637	--  	      43776.10	
="601369"	陕鼓动力	-2.88	9.10	-0.27	9.09	9.10	233912	25	0.11	          1.43	9.38	9.52	9.03	9.37	    37.99	218383040	  0.87	机械基件	陕西	5.23	9.34	135124	98788	  1.37	100	484	--  	     163877.02	
="600101"	明星电力	-3.02	9.65	-0.30	9.61	9.62	91879	399	-0.51	          2.83	9.98	10.07	9.60	9.95	    20.55	90399176	  0.68	水力发电	四川	4.72	9.84	55408	36471	  1.52	101	137	--  	      32417.90	
="600778"	友好集团	-3.02	9.96	-0.31	9.94	9.95	199513	17	-0.39	          6.43	10.50	10.74	9.95	10.27	    28.97	204772320	  1.01	百货	新疆	7.69	10.26	105322	94191	  1.12	131	94	--  	      31031.28	
="002672"	东江环保	-3.23	36.00	-1.20	35.98	36.00	15419	489	-0.96	          1.22	37.00	37.99	36.00	37.20	    47.75	57006056	  0.61	环境保护	广东	5.35	36.97	8347	7071	  1.18	10	26	--  	      12657.33	
="000826"	桑德环境	-3.28	28.01	-0.95	28.01	28.02	170389	4093	-0.03	          2.03	28.74	29.09	27.98	28.96	    34.60	487306080	  0.84	环境保护	湖北	3.83	28.60	98069	72319	  1.36	2305	10	--  	      83933.35	
="600874"	创业环保	-3.40	11.64	-0.41	11.62	11.65	359532	52	0.25	          3.31	11.85	12.15	11.51	12.05	    48.97	425626592	  0.74	环境保护	天津	5.31	11.84	195646	163886	  1.19	433	288	--  	     108722.84	
="600618"	氯碱化工	-3.46	9.49	-0.34	9.48	9.49	93974	54	-0.93	          1.25	9.80	9.82	9.46	9.83	--  	90702280	  0.88	化工原料	上海	3.66	9.65	51603	42371	  1.22	107	166	--  	      74984.00	
="000899"	赣能股份	-3.48	7.22	-0.26	7.21	7.22	201728	1857	-0.27	          3.63	7.36	7.48	7.20	7.48	    12.43	147779216	  0.75	火力发电	江西	3.74	7.33	113079	88649	  1.28	1225	1265	--  	      55518.16	
="600141"	兴发集团	-3.58	15.60	-0.58	15.59	15.60	138512	19	-0.51	          3.40	16.08	16.15	15.55	16.18	    12.98	219756784	  0.60	化工原料	湖北	3.71	15.87	78152	60360	  1.29	42	545	--  	      40687.71	
="603128"	华贸物流	-3.68	14.92	-0.57	14.90	14.91	68258	11	-0.46	          4.27	15.20	15.50	14.80	15.49	    55.98	103233424	  0.85	仓储物流	上海	4.52	15.12	39393	28864	  1.36	48	261	--  	      16000.00	
="600388"	龙净环保	-3.78	33.82	-1.33	33.80	33.81	222567	102	-0.35	          5.20	34.95	35.58	33.78	35.15	    36.61	766670016	  1.18	专用机械	福建	5.12	34.45	121924	100643	  1.21	60	221	--  	      42762.00	
数据来源:通达信
