代码	名称	涨幅%%	现价	涨跌	买价	卖价	总量	现量	涨速%%	换手%%	今开	最高	最低	昨收	市盈(动)	总金额	量比	细分行业	地区	振幅%%	均价	内盘	外盘	内外比	买量	卖量	未匹配量	流通股本(万)	
="601857"	中国石油	8.66	12.29	0.98	12.26	12.27	2494050	3235	0.32	          0.15	11.37	12.38	11.22	11.31	    17.56	2920515840	  1.03	石油开采	北京	10.26	11.71	1181536	1312513	  0.90	1328	1967	--  	   16192208.00	
="600015"	华夏银行	5.93	13.57	0.76	13.58	13.59	1822214	1492	0.14	          2.81	12.86	13.59	12.76	12.81	     6.88	2406622208	  1.27	银行	北京	6.48	13.21	832525	989688	  0.84	1845	2437	--  	     648768.69	
="600614"	鼎立股份	5.52	14.71	0.77	14.70	14.71	170690	122	-0.06	          3.82	13.82	14.82	13.82	13.94	   353.51	247431968	  1.48	综合类	上海	7.17	14.50	64974	105716	  0.61	456	22	--  	      44675.94	
="000860"	顺鑫农业	5.41	19.29	0.99	19.29	19.30	113956	1254	0.05	          2.60	18.71	19.64	18.71	18.30	    29.23	219612000	  1.99	农业综合	北京	5.08	19.27	53163	60792	  0.87	61	1772	--  	      43852.50	
="600268"	国电南自	4.82	7.40	0.34	7.39	7.40	131936	334	0.13	          2.08	7.07	7.48	7.03	7.06	--  	96665688	  1.15	电气设备	江苏	6.37	7.33	57932	74003	  0.78	5	2344	--  	      63524.64	
="600159"	大龙地产	4.45	4.46	0.19	4.45	4.46	125703	190	0.45	          1.51	4.27	4.48	4.27	4.27	    30.19	54870184	  1.14	区域地产	北京	4.92	4.37	53464	72238	  0.74	1370	75	--  	      83000.32	
="000572"	海马汽车	4.27	5.37	0.22	5.36	5.37	259410	5802	0.00	          1.58	5.25	5.38	5.16	5.15	    41.95	137125744	  1.03	汽车整车	海南	4.27	5.29	100220	159189	  0.63	2815	1928	--  	     164205.73	
="600050"	中国联通	4.19	4.97	0.20	4.97	4.98	3039833	1181	0.20	          1.43	4.78	4.98	4.75	4.77	    22.57	1477892608	  0.79	电信运营	上海	4.82	4.86	1375073	1664760	  0.83	275	7465	--  	    2119659.75	
="601398"	工商银行	4.09	5.09	0.20	5.08	5.09	6232085	12007	-0.39	          0.23	4.89	5.12	4.85	4.89	     6.12	3093536256	  1.03	银行	北京	5.52	4.96	2944296	3287788	  0.90	17571	4299	--  	   26670016.00	
="000488"	晨鸣纸业	3.96	6.30	0.24	6.29	6.30	180258	1727	0.15	          1.63	6.07	6.30	6.01	6.06	    26.82	111625488	  0.67	造纸	山东	4.79	6.19	67753	112504	  0.60	135	3411	--  	     110503.72	
="000723"	美锦能源	3.87	7.79	0.29	7.78	7.79	61322	2215	1.16	          3.15	7.50	7.79	7.42	7.50	   481.74	46580620	  0.92	焦炭加工	山西	4.93	7.60	33129	28193	  1.18	2568	280	--  	      19486.41	
="600009"	上海机场	3.65	19.58	0.69	19.57	19.58	120222	377	0.25	          1.10	18.89	19.58	18.82	18.89	    17.92	231260928	  0.73	机场	上海	4.02	19.24	40761	79461	  0.51	209	201	--  	     109347.64	
="600101"	明星电力	3.58	9.85	0.34	9.82	9.84	101247	99	0.51	          3.12	9.55	9.90	9.49	9.51	    20.97	98163536	  1.14	水力发电	四川	4.31	9.70	38039	63207	  0.60	10	73	--  	      32417.90	
="601933"	永辉超市	3.50	8.86	0.30	8.86	8.87	348102	262	-0.11	          1.13	8.58	8.97	8.56	8.56	    33.33	305936608	  1.12	超市连锁	福建	4.79	8.79	167304	180798	  0.93	716	421	--  	     307160.00	
="000157"	中联重科	3.48	6.54	0.22	6.54	6.55	1283040	18453	0.15	          2.05	6.33	6.55	6.30	6.32	    37.79	826781760	  0.85	工程机械	湖南	3.96	6.44	553096	729943	  0.76	2971	13591	--  	     626117.19	
="600761"	安徽合力	3.43	14.77	0.49	14.77	14.78	85381	149	0.00	          1.38	14.28	14.88	14.23	14.28	    14.12	124905248	  0.64	工程机械	安徽	4.55	14.63	37056	48324	  0.77	9	53	--  	      61681.73	
="601877"	正泰电器	3.40	31.95	1.05	31.95	31.96	43037	17	0.28	          0.43	30.96	32.12	30.96	30.90	    18.39	137047504	  1.60	电气设备	浙江	3.75	31.84	20707	22330	  0.93	26	7	--  	     101144.64	
="600116"	三峡水利	3.34	14.54	0.47	14.53	14.54	112130	5	0.13	          4.19	14.06	14.64	14.00	14.07	    25.03	162563136	  1.73	水力发电	重庆	4.55	14.50	48531	63599	  0.76	28	142	--  	      26753.32	
="601369"	陕鼓动力	3.18	8.77	0.27	8.76	8.77	117234	66	0.00	          0.72	8.57	8.78	8.42	8.50	    36.62	101178464	  0.63	机械基件	陕西	4.24	8.63	52141	65092	  0.80	317	10	--  	     163877.02	
="600642"	申能股份	3.15	6.22	0.19	6.21	6.22	372705	462	0.16	          0.82	6.05	6.24	6.04	6.03	    14.92	229721184	  0.74	火力发电	上海	3.32	6.16	177000	195705	  0.90	2559	458	--  	     455203.84	
="600688"	上海石化	3.13	4.28	0.13	4.27	4.28	716221	408	0.00	          3.00	4.19	4.29	4.15	4.15	--  	302802336	  0.89	石油加工	上海	3.37	4.23	278162	438059	  0.63	6334	1121	--  	     238500.00	
="601666"	平煤股份	3.11	5.97	0.18	5.96	5.97	436400	1065	0.33	          1.85	5.82	5.98	5.68	5.79	   122.31	253865984	  0.99	煤炭开采	河南	5.18	5.82	208476	227923	  0.91	3164	642	--  	     236116.50	
="600583"	海油工程	3.08	10.38	0.31	10.37	10.38	831730	301	0.67	          2.05	10.21	10.40	10.12	10.07	    13.28	853657856	  0.74	石油开采	天津	2.78	10.26	372691	459039	  0.81	648	789	--  	     404901.41	
="000417"	合肥百货	2.99	8.27	0.24	8.26	8.27	104895	678	0.24	          1.35	8.03	8.32	7.95	8.03	    16.74	85424104	  0.68	百货	安徽	4.61	8.14	48637	56258	  0.86	20	679	--  	      77859.75	
="600054"	黄山旅游	2.97	15.62	0.45	15.61	15.64	34294	1	0.12	          2.92	15.20	15.77	15.18	15.17	    25.86	53086148	  1.28	旅游景点	安徽	3.89	15.48	9896	24398	  0.41	19	8	--  	      11762.00	
="000737"	南风化工	2.85	5.06	0.14	5.06	5.07	98269	1442	0.19	          1.79	4.92	5.09	4.88	4.92	--  	49075668	  1.36	日用化工	山西	4.27	4.99	40584	57684	  0.70	429	1689	--  	      54873.12	
="002244"	滨江集团	2.73	7.91	0.21	7.90	7.91	96863	1200	0.00	          0.84	7.70	7.92	7.66	7.70	    14.09	75558232	  0.81	区域地产	浙江	3.38	7.80	40975	55887	  0.73	282	1318	--  	     114773.00	
="000537"	广宇发展	2.52	8.55	0.21	8.55	8.56	140191	1869	0.35	          2.73	8.34	8.57	8.32	8.34	    13.37	118965384	  0.96	区域地产	天津	3.00	8.49	64502	75688	  0.85	2103	1649	--  	      51271.33	
="000063"	中兴通讯	2.50	19.65	0.48	19.64	19.65	551027	11758	0.15	          1.97	19.40	19.65	19.00	19.17	    27.66	1072296000	  0.68	通信设备	深圳	3.39	19.46	255377	295649	  0.86	2428	914	--  	     280129.03	
="002233"	塔牌集团	2.45	10.02	0.24	10.02	10.03	118971	1566	0.00	          2.14	9.81	10.05	9.74	9.78	    13.62	118497168	  1.25	水泥	广东	3.17	9.96	52949	66022	  0.80	608	432	--  	      55565.60	
="601678"	滨化股份	2.42	10.16	0.24	10.15	10.16	96681	232	0.00	          1.46	9.96	10.18	9.96	9.92	    15.93	97613400	  0.69	化工原料	山东	2.22	10.10	46677	50003	  0.93	590	147	--  	      66000.00	
="000826"	桑德环境	2.40	28.58	0.67	28.57	28.58	167371	708	0.00	          1.99	28.09	29.20	28.09	27.91	    35.30	480932928	  1.22	环境保护	湖北	3.98	28.73	79690	87680	  0.91	353	640	--  	      83933.35	
="002128"	露天煤业	2.40	9.39	0.22	9.38	9.39	87166	2049	0.42	          0.66	9.16	9.39	9.05	9.17	    50.08	80303976	  0.61	煤炭开采	内蒙	3.71	9.21	44127	43039	  1.03	1129	302	--  	     132668.17	
="000690"	宝新能源	2.23	6.41	0.14	6.40	6.41	248936	2589	0.15	          1.45	6.26	6.41	6.18	6.27	     9.96	157674000	  0.73	火力发电	广东	3.67	6.33	97744	151191	  0.65	1851	2901	--  	     171265.66	
="600089"	特变电工	2.23	12.86	0.28	12.85	12.86	753110	225	0.31	          2.38	12.65	12.87	12.37	12.58	    22.66	948404480	  0.81	电气设备	新疆	3.97	12.59	358391	394718	  0.91	2038	41	--  	     316591.31	
="000725"	京东方Ａ	2.19	3.26	0.07	3.25	3.26	2168312	24045	0.30	          1.88	3.19	3.26	3.16	3.19	    46.52	695812032	  0.67	元器件	北京	3.13	3.21	930766	1237545	  0.75	32902	13977	--  	    1150574.38	
="000789"	万年青	2.19	13.54	0.29	13.53	13.54	94611	1306	0.37	          2.31	13.27	13.57	13.14	13.25	    11.07	126403336	  0.97	水泥	江西	3.25	13.36	40878	53732	  0.76	814	238	--  	      40888.75	
="002473"	圣莱达	2.06	27.81	0.56	27.80	27.81	4217	158	-0.25	          0.26	27.29	27.98	27.00	27.25	--  	11569329	  0.50	家用电器	浙江	3.60	27.43	1461	2756	  0.53	76	100	--  	      16000.00	
="600533"	栖霞建设	2.01	4.56	0.09	4.56	4.57	71705	210	0.00	          0.68	4.48	4.57	4.47	4.47	    46.39	32434284	  0.67	区域地产	江苏	2.24	4.52	28140	43564	  0.65	188	613	--  	     105000.00	
="600141"	兴发集团	2.00	15.27	0.30	15.26	15.27	77789	114	-0.06	          1.91	14.97	15.30	14.95	14.97	    12.71	118049176	  0.64	化工原料	湖北	2.34	15.18	37291	40497	  0.92	44	194	--  	      40687.71	
="600828"	成商集团	1.98	6.68	0.13	6.68	6.69	42987	30	0.00	          0.75	6.53	6.69	6.52	6.55	    16.19	28425640	  0.64	百货	四川	2.60	6.61	21427	21559	  0.99	165	875	--  	      56981.73	
="002028"	思源电气	1.95	13.08	0.25	13.07	13.08	93557	771	-0.07	          2.01	12.87	13.11	12.73	12.83	    18.72	121292688	  0.48	电气设备	上海	2.96	12.96	50638	42918	  1.18	138	71	--  	      46646.76	
="000651"	格力电器	1.95	43.44	0.83	43.43	43.44	228382	1217	-0.04	          0.76	42.45	43.61	41.60	42.61	     9.97	972235136	  0.58	家用电器	广东	4.72	42.57	111706	116676	  0.96	1	1948	--  	     298621.16	
="600874"	创业环保	1.91	11.19	0.21	11.19	11.20	219006	131	0.17	          2.01	11.03	11.40	11.03	10.98	    47.08	245486720	  0.68	环境保护	天津	3.37	11.21	107427	111579	  0.96	608	636	--  	     108722.84	
="002372"	伟星新材	1.89	17.27	0.32	17.26	17.27	34156	509	0.64	          0.89	16.85	17.33	16.62	16.95	    20.24	58093664	  0.75	其他建材	浙江	4.19	17.01	17482	16673	  1.05	16	109	--  	      38494.82	
="000619"	海螺型材	1.87	9.28	0.17	9.28	9.29	98870	1682	0.00	          2.75	9.10	9.39	8.90	9.11	    24.42	90237248	  0.72	其他建材	安徽	5.38	9.13	46557	52312	  0.89	1210	151	--  	      36000.00	
="600547"	山东黄金	1.86	21.94	0.40	21.93	21.94	228639	14	0.50	          1.61	21.60	21.98	21.22	21.54	    39.59	495202848	  0.51	黄金	山东	3.53	21.66	108158	120481	  0.90	88	47	--  	     142307.23	
="600508"	上海能源	1.85	11.54	0.21	11.54	11.55	53280	40	-0.17	          0.74	11.39	11.56	11.23	11.33	    87.76	60844472	  0.50	煤炭开采	上海	2.91	11.42	25741	27538	  0.93	22	111	--  	      72271.79	
="600311"	荣华实业	1.83	6.69	0.12	6.69	6.70	167906	792	0.29	          2.52	6.57	6.69	6.47	6.57	--  	110694728	  0.50	黄金	甘肃	3.35	6.59	84778	83127	  1.02	12	1901	--  	      66560.00	
="600312"	平高电气	1.80	16.40	0.29	16.39	16.40	180195	28	-0.06	          2.20	16.26	16.50	16.08	16.11	    32.90	294177344	  0.73	电气设备	河南	2.61	16.33	85537	94657	  0.90	32	405	--  	      81896.61	
="002155"	辰州矿业	1.76	10.39	0.18	10.38	10.39	157440	2897	0.38	          1.58	10.22	10.39	10.02	10.21	    75.35	161305152	  0.64	黄金	湖南	3.62	10.25	77389	80050	  0.97	154	575	--  	      99608.52	
="600195"	中牧股份	1.76	16.79	0.29	16.79	16.80	92825	3	-0.17	          2.16	16.49	16.90	16.33	16.50	    22.66	154547872	  1.11	饲料	北京	3.45	16.65	47445	45379	  1.05	67	592	--  	      42980.00	
="600377"	宁沪高速	1.54	7.24	0.11	7.23	7.24	58387	5	0.00	          0.15	7.13	7.25	7.10	7.13	    13.23	42026840	  0.57	路桥	江苏	2.10	7.20	26776	31610	  0.85	900	220	--  	     379798.13	
="600660"	福耀玻璃	1.35	13.48	0.18	13.47	13.48	210639	104	-0.07	          1.05	13.35	13.55	13.21	13.30	    12.85	282094176	  0.63	汽车配件	福建	2.56	13.39	105296	105343	  1.00	206	162	--  	     200298.64	
="600826"	兰生股份	1.32	20.68	0.27	20.69	20.70	36990	20	0.73	          0.88	20.45	20.88	20.39	20.41	   127.49	76388960	  0.87	商贸代理	上海	2.40	20.65	19173	17817	  1.08	20	102	--  	      42064.23	
="002271"	东方雨虹	1.27	35.75	0.45	35.74	35.75	21815	228	0.05	          1.00	35.00	36.13	34.53	35.30	    26.03	77541888	  0.72	其他建材	北京	4.53	35.55	10350	11464	  0.90	64	156	--  	      21825.31	
="600106"	重庆路桥	1.23	5.78	0.07	5.78	5.79	209445	191	0.00	          2.31	5.74	5.79	5.63	5.71	    20.31	119936208	  0.94	路桥	重庆	2.80	5.73	96130	113315	  0.85	545	6290	--  	      90774.20	
="600814"	杭州解百	1.14	8.85	0.10	8.84	8.85	32168	9	0.11	          1.04	8.75	8.87	8.72	8.75	    25.92	28337740	  0.46	百货	浙江	1.71	8.81	18844	13324	  1.41	101	1	--  	      31038.30	
="000581"	威孚高科	1.12	30.71	0.34	30.70	30.71	102542	957	0.03	          1.51	30.27	30.97	30.18	30.37	    18.96	313227680	  0.44	汽车配件	江苏	2.60	30.55	48673	53869	  0.90	130	304	--  	      67848.32	
="000899"	赣能股份	1.10	7.35	0.08	7.34	7.35	106014	2885	0.13	          1.91	7.27	7.39	7.16	7.27	    12.65	77223744	  0.50	火力发电	江西	3.16	7.28	49416	56597	  0.87	742	479	--  	      55518.16	
="000726"	鲁  泰Ａ	1.06	11.43	0.12	11.42	11.43	100003	1980	0.08	          1.78	11.33	11.49	11.29	11.31	    11.54	113926504	  0.88	纺织	山东	1.77	11.39	49346	50657	  0.97	5	2300	--  	      56110.69	
="600489"	中金黄金	1.04	11.62	0.12	11.62	11.63	525314	937	0.60	          1.78	11.46	11.65	11.19	11.50	    65.26	601856448	  0.59	黄金	北京	4.00	11.46	248958	276355	  0.90	2467	1430	--  	     294322.88	
="002242"	九阳股份	0.93	11.94	0.11	11.93	11.94	84320	2394	-0.08	          1.11	11.81	11.97	11.71	11.83	    15.74	99771264	  0.92	家用电器	山东	2.20	11.83	37837	46482	  0.81	883	275	--  	      76095.00	
="000521"	美菱电器	0.93	6.52	0.06	6.52	6.53	72017	1947	0.46	          1.22	6.46	6.54	6.38	6.46	    15.61	46594732	  0.65	家用电器	安徽	2.48	6.47	34980	37037	  0.94	371	961	--  	      59107.98	
="000401"	冀东水泥	0.92	12.05	0.11	12.05	12.06	153645	1693	0.00	          1.27	11.87	12.10	11.30	11.94	   587.16	180223920	  0.71	水泥	河北	6.70	11.73	72665	80979	  0.90	70	364	--  	     121233.36	
="600196"	复星医药	0.92	21.93	0.20	21.92	21.93	217991	60	0.13	          1.14	21.75	21.95	21.58	21.73	    24.15	475227616	  0.63	化学制药	上海	1.70	21.80	105025	112966	  0.93	119	11	--  	     190439.23	
="600778"	友好集团	0.89	10.17	0.09	10.18	10.19	84106	70	0.39	          2.71	10.01	10.27	9.90	10.08	    29.58	85253984	  0.46	百货	新疆	3.67	10.14	42844	41262	  1.04	63	85	--  	      31031.28	
="002024"	苏宁云商	0.89	9.11	0.08	9.10	9.11	887200	8209	0.22	          1.80	9.05	9.14	8.92	9.03	--  	800294080	  0.54	电器连锁	江苏	2.44	9.02	452757	434442	  1.04	8148	5585	--  	     494071.41	
="600621"	华鑫股份	0.85	8.28	0.07	8.27	8.28	54455	36	0.12	          1.04	8.27	8.28	8.18	8.21	    34.47	44853932	  0.69	全国地产	上海	1.22	8.24	27085	27370	  0.99	109	2390	--  	      52408.23	
="600859"	王府井	0.85	21.46	0.18	21.46	21.47	72943	32	0.13	          1.58	21.20	21.47	20.80	21.28	    15.30	153872928	  1.09	百货	北京	3.15	21.09	35674	37269	  0.96	544	61	--  	      46276.80	
="600252"	中恒集团	0.81	17.36	0.14	17.35	17.36	244564	43	0.00	          2.24	17.15	17.39	16.97	17.22	    20.48	419833728	  0.91	中成药	广西	2.44	17.17	128403	116160	  1.11	285	40	--  	     109174.75	
="300077"	国民技术	0.78	29.62	0.23	29.62	29.63	66084	650	0.27	          2.62	29.05	29.86	28.96	29.39	  1153.63	194489392	  0.85	半导体	深圳	3.06	29.43	35758	30325	  1.18	58	195	--  	      25222.42	
="600191"	华资实业	0.76	9.24	0.07	9.23	9.24	94843	123	0.00	          1.96	9.09	9.26	8.96	9.17	    91.65	86393464	  1.14	食品	内蒙	3.27	9.11	46921	47922	  0.98	69	123	--  	      48493.19	
="600804"	鹏博士	0.76	18.58	0.14	18.59	18.61	192819	34	0.00	          1.44	18.45	18.88	18.44	18.44	    45.93	359582336	  0.81	电信运营	四川	2.39	18.65	90347	102471	  0.88	66	26	--  	     134194.16	
="600723"	首商股份	0.71	8.50	0.06	8.49	8.51	106157	85	0.00	          1.62	8.43	8.58	8.31	8.44	    20.06	89591968	  1.25	百货	北京	3.20	8.44	58674	47482	  1.24	509	501	--  	      65722.45	
="600143"	金发科技	0.70	7.17	0.05	7.16	7.17	395737	382	0.42	          1.55	7.10	7.17	6.98	7.12	    30.15	279752384	  0.74	塑料	广东	2.67	7.07	202219	193518	  1.04	4119	623	--  	     256000.00	
="600718"	东软集团	0.69	17.54	0.12	17.54	17.55	433135	39	0.11	          3.53	17.46	17.89	17.26	17.42	    75.36	759910080	  0.75	软件服务	辽宁	3.62	17.54	208299	224836	  0.93	216	727	--  	     122759.42	
="000538"	云南白药	0.68	65.00	0.44	65.00	65.01	63035	592	0.01	          0.61	64.68	65.49	64.00	64.56	    26.11	407352064	  0.65	中成药	云南	2.31	64.62	30829	32205	  0.96	160	33	--  	     104136.53	
="300197"	铁汉生态	0.61	14.89	0.09	14.88	14.89	66498	334	0.13	          2.27	14.68	15.30	14.68	14.80	    40.63	99946480	  0.81	环境保护	深圳	4.19	15.03	33031	33466	  0.99	112	59	--  	      29293.67	
="000533"	万 家 乐	0.59	5.11	0.03	5.10	5.11	131509	2078	0.19	          1.92	5.06	5.15	5.05	5.08	    30.17	67246424	  0.37	家用电器	广东	1.97	5.11	68810	62698	  1.10	2755	776	--  	      68487.71	
="600893"	中航动力	0.51	31.65	0.16	31.66	31.68	143904	64	0.09	          1.32	31.39	32.18	31.08	31.49	    99.41	454664672	  0.66	航空	陕西	3.49	31.59	69821	74083	  0.94	429	45	--  	     108622.39	
="002493"	荣盛石化	0.50	12.07	0.06	12.06	12.07	22104	643	0.00	          0.22	12.10	12.17	12.00	12.01	   834.23	26743394	  0.70	化纤	浙江	1.42	12.10	11359	10745	  1.06	214	82	--  	     101907.50	
="601010"	文峰股份	0.50	10.07	0.05	10.08	10.09	45266	6	-0.09	          0.61	10.01	10.12	9.92	10.02	    17.18	45463720	  0.55	超市连锁	江苏	2.00	10.04	23899	21366	  1.12	191	544	--  	      73920.00	
="600779"	水井坊	0.48	10.38	0.05	10.36	10.37	140772	242	-0.19	          4.77	10.29	10.43	10.05	10.33	--  	144032752	  0.48	白酒	四川	3.68	10.23	63353	77419	  0.82	551	118	--  	      29532.34	
="000957"	中通客车	0.45	15.47	0.07	15.47	15.48	77121	809	0.19	          3.23	15.60	15.89	15.41	15.40	     9.97	120005128	  0.75	汽车整车	山东	3.12	15.56	45209	31911	  1.42	501	210	--  	      23847.91	
="600535"	天士力	0.39	43.66	0.17	43.65	43.66	60164	17	-0.02	          0.58	43.59	43.80	43.33	43.49	    29.66	261871696	  0.59	中成药	天津	1.08	43.53	29465	30699	  0.96	7	66	--  	     103284.27	
="000669"	金鸿能源	0.38	26.45	0.10	26.45	26.46	10828	90	0.03	          0.47	26.30	26.75	26.13	26.35	    41.00	28572922	  0.73	供气供热	吉林	2.35	26.39	5746	5081	  1.13	104	105	--  	      22855.91	
="600066"	宇通客车	0.16	25.09	0.04	25.08	25.09	114501	9	0.07	          0.92	24.91	25.20	24.61	25.05	    24.66	284843360	  0.58	汽车整车	河南	2.36	24.88	61119	53382	  1.14	265	98	--  	     124421.64	
="600690"	青岛海尔	0.14	20.98	0.03	20.97	20.98	232692	99	0.04	          0.85	20.80	21.08	20.30	20.95	    11.37	483530560	  0.57	家用电器	山东	3.72	20.78	115613	117079	  0.99	181	177	--  	     273684.13	
="600230"	沧州大化	0.09	11.69	0.01	11.68	11.70	48680	52	-0.42	          1.65	11.75	11.87	11.66	11.68	--  	57212192	  0.60	农药化肥	河北	1.80	11.75	24196	24484	  0.99	777	4	--  	      29418.82	
="002200"	云投生态	0.06	17.51	0.01	17.50	17.51	9351	171	0.22	          0.87	17.40	17.78	17.38	17.50	--  	16411736	  0.53	环境保护	云南	2.29	17.55	6045	3305	  1.83	84	178	--  	      10782.91	
="601888"	中国国旅	0.04	46.09	0.02	46.04	46.05	30122	6	0.02	          0.31	46.39	46.39	45.40	46.07	    28.30	138422784	  0.65	旅游服务	北京	2.15	45.95	15292	14829	  1.03	35	8	--  	      97623.77	
="601607"	上海医药	0.00	17.09	0.00	17.10	17.11	152784	16	-0.29	          0.79	17.01	17.16	16.82	17.09	    18.02	259728032	  0.68	医药商业	上海	1.99	17.00	77714	75070	  1.04	94	12	--  	     192293.50	
="600986"	科达股份	0.00	7.05	0.00	--  	--  	0	0	0.00	          0.00	--  	--  	--  	7.05	    36.88	0	  0.00	建筑施工	山东	0.00	7.05	0	0	--  	0	0	--  	      33526.96	
="600981"	汇鸿股份	0.00	4.21	0.00	--  	--  	0	0	0.00	          0.00	--  	--  	--  	4.21	    92.48	0	  0.00	商贸代理	江苏	0.00	4.21	0	0	--  	0	0	--  	      51610.64	
="600858"	银座股份	0.00	9.83	0.00	--  	--  	0	0	0.00	          0.00	--  	--  	--  	9.83	    19.34	0	  0.00	百货	山东	0.00	9.83	0	0	--  	0	0	--  	      51754.80	
="600749"	西藏旅游	0.00	12.18	0.00	--  	--  	0	0	0.00	          0.00	--  	--  	--  	12.18	  1161.76	0	  0.00	旅游景点	西藏	0.00	12.18	0	0	--  	0	0	--  	      18913.78	
="600638"	新黄浦	0.00	16.84	0.00	16.84	16.85	78095	10	-0.23	          1.39	16.70	16.98	16.70	16.84	    95.74	131568976	  0.60	区域地产	上海	1.66	16.85	17114	60980	  0.28	28	85	--  	      56116.39	
="600575"	皖江物流	0.00	4.11	0.00	--  	--  	0	0	0.00	          0.00	--  	--  	--  	4.11	--  	0	  0.00	水运	安徽	0.00	4.11	0	0	--  	0	0	--  	     142320.00	
="600365"	通葡股份	0.00	11.38	0.00	--  	--  	0	0	0.00	          0.00	--  	--  	--  	11.38	  5686.21	0	  0.00	红黄药酒	吉林	0.00	11.38	0	0	--  	0	0	--  	      14000.00	
="600318"	巢东股份	0.00	11.20	0.00	--  	--  	0	0	0.00	          0.00	--  	--  	--  	11.20	    17.93	0	  0.00	水泥	安徽	0.00	11.20	0	0	--  	0	0	--  	      24200.00	
="600241"	时代万恒	0.00	8.28	0.00	--  	--  	0	0	0.00	          0.00	--  	--  	--  	8.28	--  	0	  0.00	商贸代理	辽宁	0.00	8.28	0	0	--  	0	0	--  	      18020.00	
="600105"	永鼎股份	0.00	9.86	0.00	--  	--  	0	0	0.00	          0.00	--  	--  	--  	9.86	    22.23	0	  0.00	通信设备	江苏	0.00	9.86	0	0	--  	0	0	--  	      38095.46	
="600103"	青山纸业	0.00	3.66	0.00	--  	--  	0	0	0.00	          0.00	--  	--  	--  	3.66	   601.14	0	  0.00	造纸	福建	0.00	3.66	0	0	--  	0	0	--  	     106184.15	
="600090"	啤酒花	0.00	8.13	0.00	--  	--  	0	0	0.00	          0.00	--  	--  	--  	8.13	    36.46	0	  0.00	啤酒	新疆	0.00	8.13	0	0	--  	0	0	--  	      36791.66	
="600085"	同仁堂	0.00	23.93	0.00	23.92	23.96	78237	159	-0.20	          0.60	23.90	24.25	23.72	23.93	    40.61	187576496	  0.57	中成药	北京	2.21	23.98	37297	40940	  0.91	13	174	--  	     131123.06	
="600056"	中国医药	0.00	17.56	0.00	--  	--  	0	0	0.00	          0.00	--  	--  	--  	17.56	    31.65	0	  0.00	医药商业	北京	0.00	17.56	0	0	--  	0	0	--  	      88445.85	
="300313"	天山生物	--  	23.69	--  	--  	--  	0	0	--  	          0.00	--  	--  	--  	23.69	   258.62	0	  0.00	农业综合	新疆	0.00	23.69	0	0	--  	0	0	--  	       4177.81	
="300144"	宋城演艺	--  	30.12	--  	--  	--  	0	0	--  	          0.00	--  	--  	--  	30.12	    39.83	0	  0.00	旅游景点	浙江	0.00	30.12	0	0	--  	0	0	--  	      50614.17	
="002558"	世纪游轮	--  	31.65	--  	--  	--  	0	0	--  	          0.00	--  	--  	--  	31.65	   271.60	0	  0.00	旅游服务	重庆	0.00	31.65	0	0	--  	0	0	--  	       3244.39	
="002529"	海源机械	--  	15.03	--  	--  	--  	0	0	--  	          0.00	--  	--  	--  	15.03	--  	0	  0.00	专用机械	福建	0.00	15.03	0	0	--  	0	0	--  	      15608.25	
="002509"	天广消防	--  	12.27	--  	--  	--  	0	0	--  	          0.00	--  	--  	--  	12.27	    51.77	0	  0.00	专用机械	福建	0.00	12.27	0	0	--  	0	0	--  	      23109.89	
="002323"	中联电气	--  	21.95	--  	--  	--  	0	0	--  	          0.00	--  	--  	--  	21.95	   130.92	0	  0.00	电气设备	江苏	0.00	21.95	0	0	--  	0	0	--  	       8350.16	
="002168"	深圳惠程	--  	10.13	--  	--  	--  	0	0	--  	          0.00	--  	--  	--  	10.13	--  	0	  0.00	电气设备	深圳	0.00	10.13	0	0	--  	0	0	--  	      56803.58	
="002044"	江苏三友	--  	10.04	--  	--  	--  	0	0	--  	          0.00	--  	--  	--  	10.04	    43.13	0	  0.00	服饰	江苏	0.00	10.04	0	0	--  	0	0	--  	      22410.00	
="002009"	天奇股份	--  	16.30	--  	--  	--  	0	0	--  	          0.00	--  	--  	--  	16.30	    47.89	0	  0.00	工程机械	江苏	0.00	16.30	0	0	--  	0	0	--  	      25991.22	
="002006"	*ST精功	--  	8.75	--  	--  	--  	0	0	--  	          0.00	--  	--  	--  	8.75	--  	0	  0.00	工程机械	浙江	0.00	8.75	0	0	--  	0	0	--  	      43677.89	
="000999"	华润三九	0.00	24.08	0.00	24.07	24.08	76751	382	-0.12	          0.78	24.08	24.20	23.60	24.08	    22.41	183073360	  0.68	中成药	深圳	2.49	23.85	39008	37742	  1.03	178	18	--  	      97774.22	
="000978"	桂林旅游	--  	9.63	--  	--  	--  	0	0	--  	          0.00	--  	--  	--  	9.63	--  	0	  0.00	旅游景点	广西	0.00	9.63	0	0	--  	0	0	--  	      36010.00	
="000796"	易食股份	--  	7.23	--  	--  	--  	0	0	--  	          0.00	--  	--  	--  	7.23	    95.94	0	  0.00	食品	陕西	0.00	7.23	0	0	--  	0	0	--  	      24652.30	
="000627"	天茂集团	--  	4.10	--  	--  	--  	0	0	--  	          0.00	--  	--  	--  	4.10	    28.37	0	  0.00	化工原料	湖北	0.00	4.10	0	0	--  	0	0	--  	     135358.98	
="000514"	渝 开 发	--  	7.08	--  	--  	--  	0	0	--  	          0.00	--  	--  	--  	7.08	    36.98	0	  0.00	区域地产	重庆	0.00	7.08	0	0	--  	0	0	--  	      84377.09	
="000498"	山东路桥	0.00	5.61	0.00	5.60	5.61	802318	5467	0.00	         22.65	6.00	6.17	5.41	5.61	    33.45	464612160	  7.22	建筑施工	山东	13.55	5.79	307482	494835	  0.62	6370	2389	--  	      35417.01	
="300015"	爱尔眼科	-0.07	29.49	-0.02	29.46	29.49	43515	176	0.20	          0.83	29.51	30.24	29.26	29.51	    56.69	128816928	  0.80	医疗保健	湖南	3.32	29.60	25776	17739	  1.45	16	22	--  	      52327.30	
="600060"	海信电器	-0.08	12.58	-0.01	12.58	12.59	351276	654	0.15	          2.68	12.60	12.67	12.33	12.59	    13.43	438362656	  0.72	家用电器	山东	2.70	12.48	184763	166513	  1.11	300	1333	--  	     130848.13	
="000040"	宝安地产	-0.15	6.51	-0.01	6.50	6.51	58787	744	-0.45	          1.27	6.49	6.56	6.31	6.52	   160.22	37771684	  0.87	全国地产	深圳	3.83	6.43	36120	22667	  1.59	227	135	--  	      46443.83	
="600805"	悦达投资	-0.16	12.27	-0.02	12.27	12.28	202985	312	-0.08	          2.39	12.30	12.35	12.08	12.29	    10.43	247935744	  0.77	综合类	江苏	2.20	12.21	103397	99588	  1.04	529	226	--  	      84920.21	
="600612"	老凤祥	-0.24	33.85	-0.08	33.84	33.89	9120	1	-0.23	          0.29	33.46	34.10	33.40	33.93	    18.31	30632300	  0.67	服饰	上海	2.06	33.59	5607	3512	  1.60	2	2	--  	      31710.96	
="600309"	万华化学	-0.30	23.52	-0.07	23.54	23.55	305894	420	0.29	          1.41	23.54	23.58	22.95	23.59	    18.18	711848256	  0.75	化工原料	山东	2.67	23.27	153125	152768	  1.00	8	112	--  	     216233.45	
="000729"	燕京啤酒	-0.46	8.61	-0.04	8.61	8.62	188908	1166	0.34	          0.76	8.67	8.81	8.47	8.65	    19.81	162227744	  0.72	啤酒	北京	3.93	8.59	109590	79317	  1.38	453	586	--  	     250045.17	
="000404"	华意压缩	-0.62	8.07	-0.05	8.07	8.08	169966	1078	0.12	          3.43	8.10	8.18	7.97	8.12	    21.04	136759184	  1.04	专用机械	江西	2.59	8.05	97503	72463	  1.35	2485	728	--  	      49550.89	
="000530"	大冷股份	-0.64	12.41	-0.08	12.40	12.41	84002	777	0.16	          3.89	12.32	12.43	12.13	12.49	    33.85	103272920	  0.69	机械基件	辽宁	2.40	12.29	46700	37302	  1.25	103	705	--  	      21579.34	
="002001"	新 和 成	-0.67	16.24	-0.11	16.24	16.25	188607	1788	0.06	          1.76	16.31	16.44	16.10	16.35	    18.61	306310976	  0.85	化学制药	浙江	2.08	16.24	104828	83778	  1.25	1652	477	--  	     107301.28	
="300002"	神州泰岳	-0.70	18.55	-0.13	18.55	18.58	228317	2049	-0.37	          3.14	18.84	19.27	18.49	18.68	    50.38	429330432	  0.52	软件服务	北京	4.18	18.80	130321	97996	  1.33	1992	177	--  	      72615.95	
="600518"	康美药业	-0.76	16.94	-0.13	16.93	16.94	452568	572	0.11	          2.06	17.09	17.13	16.78	17.07	    18.65	764094784	  0.73	中成药	广东	2.05	16.88	269634	182933	  1.47	683	5	--  	     219871.45	
="600511"	国药股份	-0.95	32.28	-0.31	32.20	32.22	25986	38	0.56	          0.94	32.85	32.97	31.79	32.59	    30.92	83321952	  0.56	医药商业	北京	3.62	32.06	17393	8592	  2.02	30	29	--  	      27764.33	
="002221"	东华能源	-1.64	18.02	-0.30	18.02	18.03	70281	222	0.05	          1.57	18.40	18.69	17.85	18.32	   205.06	127684704	  1.24	石油贸易	江苏	4.59	18.17	41368	28912	  1.43	205	5	--  	      44718.82	
="002415"	海康威视	-1.64	26.31	-0.44	26.31	26.33	175948	1244	0.22	          0.56	26.70	26.88	26.13	26.75	    29.63	464580480	  0.65	电器仪表	浙江	2.80	26.40	87145	88802	  0.98	498	15	--  	     315046.75	
="600697"	欧亚集团	-4.26	25.63	-1.14	25.65	25.69	35330	6	-0.23	          2.28	26.08	26.10	24.82	26.77	    16.51	89799560	  1.20	百货	吉林	4.78	25.42	18765	16564	  1.13	2	14	--  	      15515.59	
="600091"	ST明科	-4.99	6.67	-0.35	--  	6.67	3732	20	0.00	          0.11	6.67	6.67	6.67	7.02	--  	2489244	  0.07	化工原料	内蒙	0.00	6.67	461	3271	  0.14	0	224173	--  	      33652.60	
数据来源:通达信
