代码	名称	涨幅%%	现价	涨跌	买价	卖价	总量	现量	涨速%%	换手%%	今开	最高	最低	昨收	市盈(动)	总金额	量比	细分行业	地区	振幅%%	均价	内盘	外盘	内外比	买量	卖量	未匹配量	流通股本	
="000415"	渤海租赁	10.02	11.31	1.03	11.31	--  	90782	177	          0.00	          0.72	11.31	11.31	11.03	10.28	    21.53	102622016	  0.44	多元金融	新疆	 2.72	11.30	77346	13436	  5.76	127188	0	--  	     126917.42	
="600617"	国新能源	6.14	28.01	1.62	27.98	28.04	43862	154	         -0.07	          4.27	26.57	28.10	26.30	26.39	    39.83	120050656	  1.97	供气供热	山西	 6.82	27.37	18771	25091	  0.75	4	26	--  	      10263.63	
="600635"	大众公用	5.45	6.39	0.33	6.39	6.40	828986	273	          0.00	          5.04	6.18	6.61	6.16	6.06	    39.08	533609728	  2.45	供气供热	上海	 7.43	6.44	357817	471169	  0.76	69	3045	--  	     164486.98	
="600655"	豫园商城	4.97	11.62	0.55	11.61	11.62	302004	66	         -0.25	          2.10	11.07	11.80	10.96	11.07	    21.46	348171936	  1.26	百货	上海	 7.59	11.53	139220	162784	  0.86	56	143	--  	     143732.20	
="601336"	新华保险	4.86	29.75	1.38	29.75	29.76	171089	2	          0.00	          1.55	28.31	30.09	28.20	28.37	    11.00	503314176	  1.18	保险	北京	 6.66	29.42	65599	105490	  0.62	21	2	--  	     110058.07	
="600238"	海南椰岛	4.49	9.78	0.42	9.78	9.79	96972	15	         -0.20	          2.19	9.31	9.84	9.30	9.36	    78.38	93110760	  1.33	红黄药酒	海南	 5.77	9.60	36396	60576	  0.60	70	1560	--  	      44203.16	
="002673"	西部证券	4.26	17.39	0.71	17.38	17.39	294178	3076	          0.11	          4.28	16.60	17.53	16.55	16.68	    37.19	507253280	  1.21	证券	陕西	 5.88	17.24	151379	142799	  1.06	24	546	--  	      68761.11	
="002259"	升达林业	3.55	7.00	0.24	7.00	7.01	287444	2685	         -0.14	          4.73	6.83	7.05	6.72	6.76	   353.49	199863680	  2.33	家居用品	四川	 4.88	6.95	129361	158083	  0.82	19193	3921	--  	      60716.10	
="002588"	史丹利	3.49	33.18	1.12	33.15	33.18	36636	282	         -0.06	          2.23	31.99	33.51	31.89	32.06	    17.20	120601816	  2.12	农药化肥	山东	 5.05	32.92	14279	22357	  0.64	2	231	--  	      16462.27	
="600999"	招商证券	2.97	13.50	0.39	13.49	13.50	658265	177	          0.00	          1.41	13.15	13.54	12.99	13.11	    23.21	881206720	  0.93	证券	深圳	 4.20	13.39	299335	358930	  0.83	284	908	--  	     466109.97	
="601179"	中国西电	2.50	5.32	0.13	5.31	5.32	511269	210	          0.37	          1.17	5.14	5.45	5.11	5.19	    31.72	272010272	  1.30	电气设备	陕西	 6.55	5.32	240909	270360	  0.89	1025	473	--  	     435700.00	
="002090"	金智科技	2.41	17.87	0.42	17.87	17.90	31353	253	         -0.27	          1.68	17.50	18.05	17.50	17.45	    51.60	55878860	  1.47	软件服务	江苏	 3.15	17.82	15157	16196	  0.94	3	137	--  	      18666.93	
="600109"	国金证券	2.36	14.33	0.33	14.33	14.34	845598	1	          0.06	          3.27	14.00	14.48	13.86	14.00	    50.69	1206180224	  0.80	证券	四川	 4.43	14.26	374002	471596	  0.79	191	1291	--  	     258814.34	
="600287"	江苏舜天	2.33	9.22	0.21	9.20	9.24	125386	71	         -0.21	          2.87	9.03	9.34	8.89	9.01	    51.51	115727320	  2.41	商贸代理	江苏	 4.99	9.23	59114	66272	  0.89	5	213	--  	      43679.60	
="002162"	斯米克	2.29	8.95	0.20	8.94	8.95	113757	1239	          0.00	          2.72	8.74	9.07	8.66	8.75	   385.91	101466120	  0.96	陶瓷	上海	 4.69	8.92	51068	62689	  0.81	335	37	--  	      41800.00	
="600078"	澄星股份	2.20	8.81	0.19	8.80	8.81	122554	16	         -0.33	          1.85	8.66	8.91	8.50	8.62	   162.58	107264512	  1.13	化工原料	江苏	 4.76	8.75	59553	63001	  0.95	388	105	--  	      66257.28	
="000507"	珠海港	2.00	7.65	0.15	7.65	7.66	529005	4543	          0.13	          6.85	7.37	7.75	7.32	7.50	--  	398653440	  0.67	港口	广东	 5.73	7.54	252323	276682	  0.91	4702	4169	--  	      77214.38	
="600736"	苏州高新	1.78	5.16	0.09	5.15	5.16	438000	11	          0.00	          4.14	5.11	5.35	5.07	5.07	    39.84	227610000	  2.40	园区开发	江苏	 5.52	5.20	218402	219598	  0.99	721	504	--  	     105788.15	
="600120"	浙江东方	1.74	17.50	0.30	17.51	17.52	232644	10	          0.22	          4.60	17.01	17.74	17.01	17.20	    16.35	406470368	  1.13	商贸代理	浙江	 4.24	17.47	97694	134950	  0.72	72	167	--  	      50547.33	
="601009"	南京银行	1.61	10.71	0.17	10.71	10.72	808799	60	          0.09	          2.72	10.49	10.81	10.43	10.54	     5.73	860502976	  1.15	银行	江苏	 3.61	10.64	340476	468323	  0.73	179	1542	--  	     296893.31	
="300019"	硅宝科技	1.59	17.90	0.28	17.90	17.92	17024	132	          0.11	          1.58	17.49	17.95	17.46	17.62	    37.12	30276050	  0.55	化工原料	四川	 2.78	17.78	8388	8636	  0.97	256	203	--  	      10745.41	
="600676"	交运股份	1.56	8.45	0.13	8.45	8.46	110821	39	          0.59	          1.42	8.28	8.54	8.26	8.32	    22.91	93432736	  0.49	汽车配件	上海	 3.37	8.43	52629	58192	  0.90	278	5	--  	      78214.10	
="600291"	西水股份	1.56	13.65	0.21	13.63	13.64	104660	12	         -0.14	          2.73	13.48	13.76	13.38	13.44	    17.12	142409024	  1.50	水泥	内蒙	 2.83	13.61	39147	65513	  0.60	73	94	--  	      38400.00	
="601058"	赛轮股份	1.49	17.67	0.26	17.63	17.65	28136	35	          0.05	          0.74	17.31	17.76	17.31	17.41	    19.90	49462556	  0.87	汽车配件	山东	 2.58	17.58	10150	17986	  0.56	7	10	--  	      37800.00	
="600153"	建发股份	1.44	7.74	0.11	7.73	7.74	563881	30	          0.25	          1.99	7.56	7.78	7.50	7.63	    10.46	431033984	  0.73	商贸代理	福建	 3.67	7.64	256645	307236	  0.84	446	795	--  	     283520.06	
="000088"	盐 田 港	1.44	8.47	0.12	8.46	8.47	364154	6855	         -0.35	          1.88	8.21	8.64	8.17	8.35	    35.76	306130432	  0.79	港口	深圳	 5.63	8.41	176808	187346	  0.94	4159	1473	--  	     194212.78	
="000877"	天山股份	1.42	7.87	0.11	7.87	7.88	222914	1461	          0.00	          2.53	7.72	7.93	7.68	7.76	    16.91	174734160	  0.86	水泥	新疆	 3.22	7.84	97922	124992	  0.78	1119	2775	--  	      88001.99	
="601107"	四川成渝	1.41	3.60	0.05	3.59	3.60	89394	23	          0.27	          0.41	3.55	3.60	3.51	3.55	     9.69	31906596	  0.80	路桥	四川	 2.54	3.57	42513	46881	  0.91	546	3748	--  	     216274.00	
="000701"	厦门信达	1.39	12.44	0.17	12.43	12.44	73922	1296	         -0.08	          3.08	12.28	12.47	12.22	12.27	    43.82	91433128	  1.04	综合类	福建	 2.04	12.37	30921	43001	  0.72	456	265	--  	      24024.32	
="002302"	西部建设	1.33	14.46	0.19	14.46	14.47	79744	1446	          0.13	          2.94	14.18	14.54	14.03	14.27	    32.82	114028952	  1.20	水泥	新疆	 3.57	14.30	40389	39355	  1.03	350	152	--  	      27091.33	
="000528"	柳    工	1.26	8.02	0.10	8.01	8.02	186778	2484	          0.00	          1.66	7.90	8.07	7.87	7.92	    37.72	149729248	  0.73	工程机械	广西	 2.53	8.02	80881	105897	  0.76	1074	1931	--  	     112508.84	
="000563"	陕国投Ａ	1.26	8.87	0.11	8.87	8.88	183103	4676	          0.33	          2.43	8.73	8.93	8.70	8.76	    33.09	161813328	  0.60	多元金融	陕西	 2.63	8.84	94413	88690	  1.06	1574	2795	--  	      75266.72	
="600970"	中材国际	1.20	10.16	0.12	10.16	10.17	288120	68	         -0.09	          2.64	10.04	10.19	9.92	10.04	    16.87	291057280	  0.63	建筑施工	江苏	 2.69	10.10	136859	151261	  0.90	502	682	--  	     109329.72	
="600400"	红豆股份	1.16	6.11	0.07	6.08	6.10	69898	27	          1.15	          1.25	6.03	6.12	5.99	6.04	   110.83	42252968	  0.46	服饰	江苏	 2.15	6.04	33987	35911	  0.95	198	139	--  	      56039.96	
="600325"	华发股份	1.16	9.63	0.11	9.61	9.62	387524	803	          0.73	          4.74	9.40	9.79	9.30	9.52	    21.80	371150080	  0.83	区域地产	广东	 5.15	9.58	192742	194782	  0.99	349	2	--  	      81704.56	
="600021"	上海电力	1.15	7.06	0.08	7.06	7.07	832275	66	          0.28	          3.89	6.78	7.51	6.75	6.98	    18.59	593120832	  1.29	火力发电	上海	10.89	7.13	425141	407134	  1.04	193	1025	--  	     213973.92	
="000545"	金浦钛业	1.13	14.33	0.16	14.32	14.33	51959	348	          0.06	          3.32	14.06	14.90	13.98	14.17	   119.15	74292240	  0.99	化工原料	吉林	 6.49	14.30	21592	30367	  0.71	24	73	--  	      15637.36	
="000750"	国海证券	1.12	10.80	0.12	10.79	10.80	431325	6816	          0.00	          2.14	10.62	10.91	10.62	10.68	    40.21	465532480	  0.65	证券	广西	 2.72	10.79	195230	236095	  0.83	1182	236	--  	     201821.09	
="002051"	中工国际	1.09	24.07	0.26	24.06	24.07	106977	820	          0.00	          1.40	23.77	24.19	23.15	23.81	    19.77	252780032	  0.83	建筑施工	北京	 4.37	23.63	56675	50302	  1.13	6	94	--  	      76414.59	
="300091"	金通灵	1.07	23.60	0.25	23.59	23.60	8367	894	          1.20	          0.66	23.32	23.60	23.01	23.35	   410.81	19489358	  1.16	机械基件	江苏	 2.53	23.29	4275	4092	  1.04	41	240	--  	      12639.70	
="002470"	金正大	1.05	29.00	0.30	29.00	29.02	69142	551	         -0.20	          1.17	28.50	29.70	28.50	28.70	    18.68	201933456	  1.07	农药化肥	山东	 4.18	29.21	37685	31457	  1.20	398	299	--  	      59254.00	
="601901"	方正证券	1.02	6.95	0.07	6.95	6.96	1332341	84	          0.00	          2.18	6.84	7.04	6.81	6.88	    28.95	926209728	  0.65	证券	湖南	 3.34	6.95	607244	725097	  0.84	1447	7402	--  	     610000.00	
="600483"	福能股份	0.98	10.28	0.10	10.27	10.28	65504	31	         -0.19	          2.27	10.09	10.36	9.98	10.18	    18.03	66629868	  0.73	火力发电	福建	 3.73	10.17	35045	30459	  1.15	384	97	--  	      28848.36	
="600000"	浦发银行	0.96	10.57	0.10	10.57	10.59	1624024	3586	          0.09	          1.09	10.45	10.66	10.37	10.47	     4.25	1709647488	  0.69	银行	上海	 2.77	10.53	722256	901768	  0.80	61	7799	--  	    1492277.75	
="002185"	华天科技	0.77	14.36	0.11	14.35	14.36	104812	1252	          0.13	          1.58	14.10	14.43	14.09	14.25	    31.80	149995632	  0.69	半导体	甘肃	 2.39	14.31	50495	54317	  0.93	98	85	--  	      66276.22	
="600082"	海泰发展	0.76	6.65	0.05	6.65	6.66	159562	139	         -0.29	          2.53	6.55	6.74	6.52	6.60	    58.82	106151288	  0.66	园区开发	天津	 3.33	6.65	72774	86788	  0.84	178	247	--  	      62998.89	
="000543"	皖能电力	0.72	8.35	0.06	8.34	8.35	114652	1965	          0.11	          1.12	8.22	8.37	8.20	8.29	     9.29	95141024	  0.69	火力发电	安徽	 2.05	8.30	51325	63327	  0.81	83	609	--  	     102515.75	
="000623"	吉林敖东	0.69	23.31	0.16	23.31	23.32	141594	1149	          0.00	          1.79	23.16	23.55	23.05	23.15	    17.11	330640192	  0.52	中成药	吉林	 2.16	23.35	73941	67653	  1.09	168	1	--  	      78904.07	
="601998"	中信银行	0.61	4.97	0.03	4.96	4.97	560209	236	          0.00	          0.18	4.94	4.99	4.89	4.94	     5.40	277302624	  0.76	银行	北京	 2.02	4.95	278978	281231	  0.99	1026	5867	--  	    3190516.50	
="600897"	厦门空港	0.51	21.77	0.11	21.73	21.75	71527	3	          0.09	          2.40	21.32	22.03	20.90	21.66	    13.45	153516464	  0.99	机场	福建	 5.22	21.46	36385	35142	  1.04	33	4	--  	      29781.00	
="600834"	申通地铁	0.48	10.38	0.05	10.38	10.39	34107	33	         -0.09	          0.71	10.35	10.50	10.33	10.33	    44.65	35536728	  0.43	公共交通	上海	 1.65	10.42	17344	16763	  1.03	190	1376	--  	      47738.19	
="000632"	三木集团	0.46	6.51	0.03	6.50	6.51	103225	1048	          0.15	          2.22	6.48	6.54	6.30	6.48	   400.71	66288716	  0.87	综合类	福建	 3.70	6.42	53788	49437	  1.09	559	1574	--  	      46505.91	
="600673"	东阳光科	0.43	16.29	0.07	16.29	16.30	76706	59	         -0.06	          0.93	16.14	16.55	16.01	16.22	   103.53	125469392	  0.61	铝	广东	 3.33	16.36	35574	41132	  0.86	150	871	--  	      82261.22	
="600528"	中铁二局	0.42	7.23	0.03	7.23	7.25	326076	62	          0.13	          2.23	7.20	7.41	7.10	7.20	    26.54	236945968	  0.90	建筑施工	四川	 4.31	7.27	159807	166269	  0.96	6	740	--  	     145920.00	
="600005"	武钢股份	0.38	2.63	0.01	2.62	2.63	369435	100	          0.00	          0.37	2.61	2.65	2.60	2.62	    25.84	96915928	  0.43	普钢	湖北	 1.91	2.62	144383	225052	  0.64	16773	597	--  	    1009378.00	
="600275"	武昌鱼	0.37	5.39	0.02	5.39	5.40	85447	100	         -0.18	          1.68	5.35	5.47	5.35	5.37	--  	46286252	  0.92	农业综合	湖北	 2.23	5.42	46345	39102	  1.19	218	869	--  	      50883.71	
="002142"	宁波银行	0.37	10.97	0.04	10.97	10.98	223735	1143	          0.18	          0.78	10.84	11.05	10.84	10.93	     5.83	245256656	  0.78	银行	浙江	 1.92	10.96	99566	124169	  0.80	972	328	--  	     287241.59	
="600795"	国电电力	0.35	2.83	0.01	2.82	2.83	768366	50	          0.00	          0.50	2.81	2.85	2.80	2.82	     7.15	217233600	  0.50	火力发电	辽宁	 1.77	2.83	357225	411141	  0.87	27715	50340	--  	    1539514.88	
="300083"	劲胜精密	0.24	24.90	0.06	24.89	24.90	20669	221	          0.40	          2.35	24.51	25.17	24.26	24.84	   121.23	51135436	  0.46	元器件	广东	 3.66	24.74	12072	8597	  1.40	1	23	--  	       8787.37	
="000089"	深圳机场	0.20	4.99	0.01	4.99	5.00	52469	1888	          0.20	          0.31	4.97	4.99	4.90	4.98	    33.00	26020860	  0.41	机场	深圳	 1.81	4.96	29497	22972	  1.28	1296	1156	--  	     169169.27	
="600068"	葛洲坝	0.20	5.05	0.01	5.04	5.05	341003	53	          0.00	          0.98	5.01	5.12	4.97	5.04	    10.01	172192416	  0.78	建筑施工	湖北	 2.98	5.05	169495	171508	  0.99	3589	4736	--  	     348745.91	
="002035"	华帝股份	0.15	13.21	0.02	13.21	13.22	18312	338	          0.07	          0.62	13.10	13.22	12.96	13.19	    17.61	23948208	  0.48	家用电器	广东	 1.97	13.08	10560	7752	  1.36	33	721	--  	      29677.21	
="600875"	东方电气	0.12	16.14	0.02	16.12	16.13	248875	31	          0.06	          1.50	16.00	16.59	15.83	16.12	    22.27	405799616	  0.81	电气设备	四川	 4.71	16.31	118869	130006	  0.91	444	51	--  	     166386.00	
="600720"	祁连山	0.12	8.39	0.01	8.39	8.40	155073	12	          0.00	          2.00	8.34	8.43	8.31	8.38	     7.69	129946320	  0.63	水泥	甘肃	 1.43	8.38	79721	75352	  1.06	13	5981	--  	      77616.27	
="002496"	辉丰股份	0.11	17.70	0.02	17.69	17.70	47663	500	          0.28	          2.58	17.41	18.09	17.41	17.68	    27.03	85030008	  1.03	农药化肥	江苏	 3.85	17.84	23699	23964	  0.99	132	439	--  	      18456.77	
="000966"	长源电力	0.11	9.49	0.01	9.48	9.49	100328	688	         -0.10	          1.81	9.46	9.53	9.28	9.48	     6.34	94286584	  1.68	火力发电	湖北	 2.64	9.40	60318	40010	  1.51	2091	162	--  	      55414.19	
="300349"	金卡股份	0.09	33.11	0.03	33.10	33.11	13739	273	          0.00	          3.05	33.08	33.35	32.30	33.08	    42.25	44966764	  0.62	电器仪表	浙江	 3.17	32.73	6825	6914	  0.99	12	71	--  	       4500.00	
="002612"	朗姿股份	0.09	23.20	0.02	23.20	23.22	14171	93	         -0.08	          1.36	23.16	23.31	23.02	23.18	    39.52	32873572	  1.11	服饰	北京	 1.25	23.20	9385	4786	  1.96	453	14	--  	      10446.15	
="601928"	凤凰传媒	0.00	10.61	0.00	--  	--  	0	0	          0.00	          0.00	--  	--  	--  	10.61	    27.58	0	  0.00	出版业	江苏	 0.00	10.61	0	0	--  	0	0	--  	      65788.35	
="601788"	光大证券	0.00	12.90	0.00	--  	--  	0	0	          0.00	          0.00	--  	--  	--  	12.90	    36.80	0	  0.00	证券	上海	 0.00	12.90	0	0	--  	0	0	--  	     341800.00	
="601700"	风范股份	0.00	17.58	0.00	--  	--  	0	0	          0.00	          0.00	--  	--  	--  	17.58	    35.59	0	  0.00	电气设备	江苏	 0.00	17.58	0	0	--  	0	0	--  	      23576.84	
="600986"	科达股份	0.00	7.05	0.00	--  	--  	0	0	          0.00	          0.00	--  	--  	--  	7.05	    36.88	0	  0.00	建筑施工	山东	 0.00	7.05	0	0	--  	0	0	--  	      33526.96	
="600981"	汇鸿股份	0.00	4.21	0.00	--  	--  	0	0	          0.00	          0.00	--  	--  	--  	4.21	    92.48	0	  0.00	商贸代理	江苏	 0.00	4.21	0	0	--  	0	0	--  	      51610.64	
="600876"	洛阳玻璃	0.00	7.24	0.00	--  	--  	0	0	          0.00	          0.00	--  	--  	--  	7.24	   374.48	0	  0.00	玻璃	河南	 0.00	7.24	0	0	--  	0	0	--  	      25001.82	
="600792"	云煤能源	0.00	6.26	0.00	--  	--  	0	0	          0.00	          0.00	--  	--  	--  	6.26	   868.05	0	  0.00	焦炭加工	云南	 0.00	6.26	0	0	--  	0	0	--  	      95202.89	
="600749"	西藏旅游	0.00	12.18	0.00	--  	--  	0	0	          0.00	          0.00	--  	--  	--  	12.18	  1161.76	0	  0.00	旅游景点	西藏	 0.00	12.18	0	0	--  	0	0	--  	      18913.78	
="600575"	皖江物流	0.00	4.11	0.00	--  	--  	0	0	          0.00	          0.00	--  	--  	--  	4.11	--  	0	  0.00	港口	安徽	 0.00	4.11	0	0	--  	0	0	--  	     142320.00	
="600569"	安阳钢铁	0.00	2.32	0.00	--  	--  	0	0	          0.00	          0.00	--  	--  	--  	2.32	    78.40	0	  0.00	普钢	河南	 0.00	2.32	0	0	--  	0	0	--  	     239368.45	
="600517"	置信电气	0.00	12.45	0.00	--  	--  	0	0	          0.00	          0.00	--  	--  	--  	12.45	    84.39	0	  0.00	电气设备	上海	 0.00	12.45	0	0	--  	0	0	--  	     111366.89	
="600497"	驰宏锌锗	0.00	10.39	0.00	--  	--  	0	0	          0.00	          0.00	--  	--  	--  	10.39	    84.98	0	  0.00	铅锌	云南	 0.00	10.39	0	0	--  	0	0	--  	     166756.09	
="600369"	西南证券	0.00	10.54	0.00	--  	--  	0	0	          0.00	          0.00	--  	--  	--  	10.54	    25.05	0	  0.00	证券	重庆	 0.00	10.54	0	0	--  	0	0	--  	     232255.45	
="600365"	通葡股份	0.00	11.38	0.00	--  	--  	0	0	          0.00	          0.00	--  	--  	--  	11.38	  5686.21	0	  0.00	红黄药酒	吉林	 0.00	11.38	0	0	--  	0	0	--  	      14000.00	
="600318"	巢东股份	0.00	11.20	0.00	--  	--  	0	0	          0.00	          0.00	--  	--  	--  	11.20	    17.93	0	  0.00	水泥	安徽	 0.00	11.20	0	0	--  	0	0	--  	      24200.00	
="600300"	维维股份	0.00	5.65	0.00	--  	--  	0	0	          0.00	          0.00	--  	--  	--  	5.65	    83.78	0	  0.00	软饮料	江苏	 0.00	5.65	0	0	--  	0	0	--  	     167200.00	
="600269"	赣粤高速	0.00	3.83	0.00	3.82	3.84	170134	8	          0.00	          0.73	3.81	3.86	3.76	3.83	    10.98	64799960	  0.72	路桥	江西	 2.61	3.81	91415	78719	  1.16	5798	9426	--  	     233540.70	
="600241"	时代万恒	0.00	8.28	0.00	--  	--  	0	0	          0.00	          0.00	--  	--  	--  	8.28	--  	0	  0.00	商贸代理	辽宁	 0.00	8.28	0	0	--  	0	0	--  	      18020.00	
="600223"	鲁商置业	0.00	5.51	0.00	5.47	5.49	492882	5173	          0.36	          4.92	5.45	5.61	5.40	5.51	    33.40	270627296	  2.91	区域地产	山东	 3.81	5.49	197432	295450	  0.67	159	177	--  	     100096.79	
="600105"	永鼎股份	0.00	9.86	0.00	--  	--  	0	0	          0.00	          0.00	--  	--  	--  	9.86	    22.23	0	  0.00	通信设备	江苏	 0.00	9.86	0	0	--  	0	0	--  	      38095.46	
="600103"	青山纸业	0.00	3.66	0.00	--  	--  	0	0	          0.00	          0.00	--  	--  	--  	3.66	   601.14	0	  0.00	造纸	福建	 0.00	3.66	0	0	--  	0	0	--  	     106184.15	
="600091"	ST明科	0.00	7.02	0.00	--  	--  	0	0	          0.00	          0.00	--  	--  	--  	7.02	--  	0	  0.00	化工原料	内蒙	 0.00	7.02	0	0	--  	0	0	--  	      33652.60	
="600090"	啤酒花	0.00	8.13	0.00	--  	--  	0	0	          0.00	          0.00	--  	--  	--  	8.13	    36.46	0	  0.00	啤酒	新疆	 0.00	8.13	0	0	--  	0	0	--  	      36791.66	
="300332"	天壕节能	--  	0.00	--  	--  	--  	0	0	--  	          0.00	--  	--  	--  	14.06	    40.57	0	  0.00	环境保护	北京	 0.00	14.06	0	0	--  	0	0	--  	      22666.75	
="300313"	天山生物	--  	0.00	--  	--  	--  	0	0	--  	          0.00	--  	--  	--  	23.69	   258.62	0	  0.00	农业综合	新疆	 0.00	23.69	0	0	--  	0	0	--  	       4177.81	
="300282"	汇冠股份	0.00	28.85	0.00	28.75	28.85	5299	77	          0.00	          2.24	28.70	28.95	28.47	28.85	   322.00	15206940	  1.00	电脑设备	北京	 1.66	28.70	3138	2161	  1.45	1	74	--  	       2361.06	
="300189"	神农大丰	--  	0.00	--  	--  	--  	0	0	--  	          0.00	--  	--  	--  	7.86	--  	0	  0.00	种植业	海南	 0.00	7.86	0	0	--  	0	0	--  	      33498.87	
="300072"	三聚环保	--  	0.00	--  	--  	--  	0	0	--  	          0.00	--  	--  	--  	27.13	    36.92	0	  0.00	化工原料	北京	 0.00	27.13	0	0	--  	0	0	--  	      45855.16	
="300013"	新宁物流	--  	0.00	--  	--  	--  	0	0	--  	          0.00	--  	--  	--  	9.26	   131.57	0	  0.00	仓储物流	江苏	 0.00	9.26	0	0	--  	0	0	--  	      18000.00	
="002608"	舜天船舶	--  	0.00	--  	--  	--  	0	0	--  	          0.00	--  	--  	--  	12.79	    86.27	0	  0.00	船舶	江苏	 0.00	12.79	0	0	--  	0	0	--  	      32855.16	
="002558"	世纪游轮	--  	0.00	--  	--  	--  	0	0	--  	          0.00	--  	--  	--  	31.65	   271.60	0	  0.00	旅游服务	重庆	 0.00	31.65	0	0	--  	0	0	--  	       3244.39	
="002534"	杭锅股份	--  	0.00	--  	--  	--  	0	0	--  	          0.00	--  	--  	--  	19.00	    58.39	0	  0.00	专用机械	浙江	 0.00	19.00	0	0	--  	0	0	--  	      39168.26	
="002529"	海源机械	--  	0.00	--  	--  	--  	0	0	--  	          0.00	--  	--  	--  	15.03	--  	0	  0.00	专用机械	福建	 0.00	15.03	0	0	--  	0	0	--  	      15608.25	
="002509"	天广消防	--  	0.00	--  	--  	--  	0	0	--  	          0.00	--  	--  	--  	12.27	    51.77	0	  0.00	专用机械	福建	 0.00	12.27	0	0	--  	0	0	--  	      23109.89	
="002485"	希努尔	--  	0.00	--  	--  	--  	0	0	--  	          0.00	--  	--  	--  	10.13	--  	0	  0.00	服饰	山东	 0.00	10.13	0	0	--  	0	0	--  	      32000.00	
="002426"	胜利精密	--  	0.00	--  	--  	--  	0	0	--  	          0.00	--  	--  	--  	11.26	    68.41	0	  0.00	元器件	江苏	 0.00	11.26	0	0	--  	0	0	--  	      35306.58	
="002324"	普利特	--  	0.00	--  	--  	--  	0	0	--  	          0.00	--  	--  	--  	19.90	    26.33	0	  0.00	塑料	上海	 0.00	19.90	0	0	--  	0	0	--  	      15582.66	
="002323"	中联电气	--  	0.00	--  	--  	--  	0	0	--  	          0.00	--  	--  	--  	21.95	   130.92	0	  0.00	电气设备	江苏	 0.00	21.95	0	0	--  	0	0	--  	       8350.16	
="002220"	天宝股份	--  	0.00	--  	--  	--  	0	0	--  	          0.00	--  	--  	--  	8.18	    22.08	0	  0.00	食品	辽宁	 0.00	8.18	0	0	--  	0	0	--  	      38948.12	
="002103"	广博股份	--  	0.00	--  	--  	--  	0	0	--  	          0.00	--  	--  	--  	10.18	   172.72	0	  0.00	文教休闲	浙江	 0.00	10.18	0	0	--  	0	0	--  	      17095.44	
="002044"	江苏三友	--  	0.00	--  	--  	--  	0	0	--  	          0.00	--  	--  	--  	10.04	    43.13	0	  0.00	服饰	江苏	 0.00	10.04	0	0	--  	0	0	--  	      22410.00	
="002013"	中航机电	--  	0.00	--  	--  	--  	0	0	--  	          0.00	--  	--  	--  	22.15	    51.08	0	  0.00	汽车配件	湖北	 0.00	22.15	0	0	--  	0	0	--  	      29285.81	
="002009"	天奇股份	--  	0.00	--  	--  	--  	0	0	--  	          0.00	--  	--  	--  	16.30	    47.89	0	  0.00	工程机械	江苏	 0.00	16.30	0	0	--  	0	0	--  	      25991.22	
="002006"	*ST精功	--  	0.00	--  	--  	--  	0	0	--  	          0.00	--  	--  	--  	8.75	--  	0	  0.00	工程机械	浙江	 0.00	8.75	0	0	--  	0	0	--  	      43677.89	
="000920"	南方汇通	--  	0.00	--  	--  	--  	0	0	--  	          0.00	--  	--  	--  	13.23	    31.50	0	  0.00	运输设备	贵州	 0.00	13.23	0	0	--  	0	0	--  	      42200.00	
="000796"	易食股份	--  	0.00	--  	--  	--  	0	0	--  	          0.00	--  	--  	--  	7.23	    95.94	0	  0.00	食品	陕西	 0.00	7.23	0	0	--  	0	0	--  	      24652.30	
="000795"	太原刚玉	--  	0.00	--  	--  	--  	0	0	--  	          0.00	--  	--  	--  	10.92	--  	0	  0.00	矿物制品	山西	 0.00	10.92	0	0	--  	0	0	--  	      27679.44	
="000776"	广发证券	--  	0.00	--  	--  	--  	0	0	--  	          0.00	--  	--  	--  	13.47	    19.67	0	  0.00	证券	广东	 0.00	13.47	0	0	--  	0	0	--  	     591929.13	
="000710"	天兴仪表	--  	0.00	--  	--  	--  	0	0	--  	          0.00	--  	--  	--  	13.60	--  	0	  0.00	汽车配件	四川	 0.00	13.60	0	0	--  	0	0	--  	      15120.00	
="000627"	天茂集团	--  	0.00	--  	--  	--  	0	0	--  	          0.00	--  	--  	--  	4.10	    28.37	0	  0.00	化工原料	湖北	 0.00	4.10	0	0	--  	0	0	--  	     135358.98	
="000533"	万 家 乐	--  	0.00	--  	--  	--  	0	0	--  	          0.00	--  	--  	--  	5.97	    35.25	0	  0.00	家用电器	广东	 0.00	5.97	0	0	--  	0	0	--  	      68487.71	
="000525"	红 太 阳	--  	0.00	--  	--  	--  	0	0	--  	          0.00	--  	--  	--  	15.92	    15.22	0	  0.00	农药化肥	江苏	 0.00	15.92	0	0	--  	0	0	--  	      50698.30	
="000498"	山东路桥	--  	0.00	--  	--  	--  	0	0	--  	          0.00	--  	--  	--  	4.64	    27.67	0	  0.00	建筑施工	山东	 0.00	4.64	0	0	--  	0	0	--  	      35417.01	
="300346"	南大光电	-0.03	38.28	-0.01	38.11	38.28	6813	242	          0.47	          1.90	38.29	38.74	37.40	38.29	    80.93	25906364	  0.55	半导体	江苏	 3.50	38.02	3550	3263	  1.09	4	19	--  	       3584.05	
="600532"	宏达矿业	-0.09	11.22	-0.01	11.21	11.23	58447	52	         -0.17	          3.54	11.15	11.46	10.97	11.23	    28.50	65691392	  0.69	普钢	山东	 4.36	11.24	33574	24873	  1.35	232	2	--  	      16510.25	
="000897"	津滨发展	-0.15	6.74	-0.01	6.74	6.75	576084	12486	         -0.44	          3.56	6.75	6.84	6.64	6.75	   360.09	387834208	  0.77	区域地产	天津	 2.96	6.73	289718	286366	  1.01	1283	2114	--  	     161708.06	
="600016"	民生银行	-0.16	6.44	-0.01	6.43	6.44	1613633	132	          0.00	          0.60	6.42	6.47	6.37	6.45	     4.47	1036577216	  0.58	银行	北京	 1.55	6.42	766576	847057	  0.90	5043	5367	--  	    2710607.50	
="300094"	国联水产	-0.20	10.00	-0.02	10.00	10.01	65154	1360	          0.00	          1.86	9.94	10.16	9.93	10.02	    88.97	65401540	  1.07	渔业	广东	 2.30	10.04	38304	26850	  1.43	1458	143	--  	      35072.21	
="000902"	新洋丰	-0.21	13.99	-0.03	13.98	13.99	20919	78	          0.00	          0.81	14.02	14.08	13.95	14.02	    14.68	29273382	  0.43	农药化肥	湖北	 0.93	13.99	12578	8341	  1.51	368	226	--  	      25800.00	
="000898"	鞍钢股份	-0.25	4.03	-0.01	4.02	4.03	212564	3010	          0.24	          0.35	4.01	4.07	4.01	4.04	    23.69	85906264	  0.37	普钢	辽宁	 1.49	4.04	116690	95874	  1.22	6359	1265	--  	     614893.63	
="600336"	澳柯玛	-0.31	6.35	-0.02	6.34	6.35	207151	30	          0.00	          3.05	6.33	6.42	6.30	6.37	    35.36	131616312	  0.78	家用电器	山东	 1.88	6.35	112081	95070	  1.18	7	28	--  	      68007.20	
="600098"	广州发展	-0.32	6.22	-0.02	6.22	6.23	120918	1	         -0.32	          0.50	6.21	6.31	6.15	6.24	    12.61	75418752	  0.61	火力发电	广东	 2.56	6.24	62110	58808	  1.06	9	614	--  	     243737.45	
="600020"	中原高速	-0.32	3.10	-0.01	3.10	3.11	83699	40	          0.00	          0.37	3.10	3.12	3.08	3.11	     9.82	25911428	  0.70	路桥	河南	 1.29	3.10	50810	32889	  1.54	618	3526	--  	     224737.19	
="000993"	闽东电力	-0.39	10.18	-0.04	10.17	10.18	32017	447	          0.09	          0.86	10.18	10.27	10.03	10.22	    32.30	32496810	  0.54	水力发电	福建	 2.35	10.15	19183	12834	  1.49	33	141	--  	      37300.00	
="002688"	金河生物	-0.41	17.00	-0.07	16.98	17.00	31418	275	          0.23	          2.90	17.23	17.23	16.94	17.07	    44.72	53612424	  0.85	化学制药	内蒙	 1.70	17.06	18001	13417	  1.34	51	148	--  	      10849.66	
="600160"	巨化股份	-0.45	6.64	-0.03	6.63	6.64	186384	3	         -0.15	          1.03	6.61	6.72	6.58	6.67	    77.48	123867936	  0.39	化工原料	浙江	 2.10	6.65	114992	71392	  1.61	891	250	--  	     181091.59	
="600058"	五矿发展	-0.50	14.05	-0.07	14.07	14.08	120708	200	          0.57	          1.13	14.08	14.11	13.83	14.12	    63.93	168576112	  0.48	商贸代理	北京	 1.98	13.97	66986	53722	  1.25	196	223	--  	     107191.07	
="601669"	中国电建	-0.50	3.95	-0.02	3.94	3.95	694626	90	          0.50	          2.10	3.96	3.97	3.92	3.97	     8.55	274016480	  0.66	建筑施工	北京	 1.26	3.94	384911	309715	  1.24	3507	14233	--  	     330000.00	
="601007"	金陵饭店	-0.56	12.33	-0.07	12.32	12.33	20812	19	          0.24	          0.69	12.31	12.48	12.28	12.40	   141.06	25715884	  0.42	酒店餐饮	江苏	 1.61	12.36	12005	8807	  1.36	74	56	--  	      30000.00	
="300145"	南方泵业	-0.57	24.33	-0.14	24.32	24.33	17575	22	         -0.53	          1.01	24.14	24.58	23.78	24.47	    35.10	42267388	  0.76	专用机械	浙江	 3.27	24.05	9558	8017	  1.19	2	3	--  	      17417.00	
="600029"	南方航空	-0.57	3.47	-0.02	3.46	3.47	390848	5	          0.00	          0.56	3.54	3.55	3.44	3.49	    20.34	136341104	  0.47	空运	广东	 3.15	3.49	211739	179109	  1.18	2731	1729	--  	     702265.00	
="000752"	西藏发展	-0.60	14.80	-0.09	14.80	14.81	74486	1132	         -0.13	          2.82	14.89	15.03	14.60	14.89	   215.79	110690168	  0.95	啤酒	西藏	 2.89	14.86	41589	32897	  1.26	260	56	--  	      26375.01	
="002557"	洽洽食品	-0.73	20.50	-0.15	20.40	20.50	22959	1192	          1.88	          0.68	20.58	20.64	20.12	20.65	    25.16	46636876	  0.96	食品	安徽	 2.52	20.31	12204	10755	  1.13	9	374	--  	      33800.00	
="002333"	罗普斯金	-0.77	14.26	-0.11	14.26	14.27	21606	80	         -0.07	          0.89	14.37	14.48	14.16	14.37	    58.61	30974726	  0.90	铝	江苏	 2.23	14.34	11538	10068	  1.15	44	172	--  	      24248.49	
="000605"	渤海股份	-0.77	17.93	-0.14	17.92	17.93	10948	160	          0.00	          1.24	18.07	18.28	17.90	18.07	    89.15	19836224	  0.51	水务	北京	 2.10	18.12	6266	4682	  1.34	4	70	--  	       8842.98	
="600221"	海南航空	-0.80	2.49	-0.02	2.48	2.49	1181247	205	          0.40	          1.00	2.50	2.51	2.46	2.51	    12.05	293128960	  0.39	空运	海南	 1.99	2.48	685838	495409	  1.38	10245	45041	--  	    1181206.38	
="002073"	软控股份	-0.85	12.79	-0.11	12.79	12.80	119250	759	          0.07	          1.93	12.84	13.03	12.72	12.90	    58.98	153553328	  0.64	软件服务	山东	 2.40	12.88	65194	54056	  1.21	98	601	--  	      61879.48	
="600845"	宝信软件	-0.88	35.86	-0.32	35.86	35.87	6625	10	          0.22	          0.29	36.10	36.10	35.20	36.18	    47.59	23555308	  0.89	软件服务	上海	 2.49	35.55	4660	1965	  2.37	85	15	--  	      22651.73	
="600615"	丰华股份	-0.92	14.06	-0.13	14.05	14.06	56171	49	         -0.21	          2.99	13.99	14.13	13.82	14.19	   181.33	78668456	  0.84	区域地产	上海	 2.18	14.00	30048	26123	  1.15	69	30	--  	      18762.44	
="000100"	TCL 集团	-0.93	3.19	-0.03	3.19	3.20	1124342	7863	          0.00	          1.38	3.20	3.21	3.18	3.22	    10.19	358891584	  0.60	家用电器	广东	 0.93	3.19	507483	616859	  0.82	37413	65172	--  	     813618.25	
="002294"	信立泰	-0.94	36.01	-0.34	36.01	36.05	33811	145	         -0.16	          1.18	36.38	36.91	35.90	36.35	    23.50	123084920	  1.02	化学制药	深圳	 2.78	36.40	19617	14194	  1.38	5	20	--  	      28698.46	
="600764"	中电广通	-0.95	9.42	-0.09	9.41	9.43	31338	20	         -0.10	          0.95	9.48	9.50	9.37	9.51	   504.42	29485688	  0.79	通信设备	北京	 1.37	9.41	18507	12831	  1.44	11	79	--  	      32972.69	
="600033"	福建高速	-0.95	3.12	-0.03	3.12	3.13	357866	16	         -0.31	          1.30	3.14	3.14	3.08	3.15	    12.86	111175952	  0.77	路桥	福建	 1.90	3.11	192189	165677	  1.16	1580	3812	--  	     274440.00	
="600086"	东方金钰	-0.99	23.93	-0.24	23.92	23.93	14530	30	         -0.08	          0.41	24.14	24.14	23.90	24.17	    74.01	34849664	  0.63	服饰	湖北	 0.99	23.98	9586	4944	  1.94	263	23	--  	      35228.17	
="601111"	中国国航	-1.04	4.76	-0.05	4.75	4.76	188886	20	          0.21	          0.23	4.80	4.81	4.69	4.81	    14.80	89702200	  0.30	空运	北京	 2.49	4.75	111869	77017	  1.45	1510	25	--  	     832927.13	
="002231"	奥维通信	-1.10	10.83	-0.12	10.82	10.83	72766	1180	         -0.09	          3.57	10.90	11.14	10.73	10.95	--  	79454968	  0.90	通信设备	辽宁	 3.74	10.92	42910	29856	  1.44	507	970	--  	      20369.00	
="601137"	博威合金	-1.12	21.20	-0.24	21.17	21.21	18977	10	         -0.04	          0.88	21.70	21.70	21.03	21.44	    67.37	40341256	  0.31	铜	浙江	 3.13	21.26	12107	6870	  1.76	79	1	--  	      21500.00	
="002075"	沙钢股份	-1.16	5.11	-0.06	5.11	5.12	547176	3791	          0.00	          3.47	5.19	5.49	4.95	5.17	   115.44	283736384	  2.19	特钢	江苏	10.44	5.19	267165	280011	  0.95	1237	1760	--  	     157626.48	
="600802"	福建水泥	-1.19	8.32	-0.10	8.32	8.33	91086	15	          0.12	          2.39	8.32	8.39	8.28	8.42	--  	75860744	  0.76	水泥	福建	 1.31	8.33	56917	34169	  1.67	22	1962	--  	      38187.37	
="000672"	上峰水泥	-1.29	7.66	-0.10	7.66	7.67	34121	568	         -0.13	          1.62	7.66	7.79	7.65	7.76	    15.50	26328234	  0.49	水泥	甘肃	 1.80	7.72	19845	14276	  1.39	485	282	--  	      21069.01	
="000601"	韶能股份	-1.37	6.49	-0.09	6.48	6.49	146248	900	          0.15	          1.47	6.54	6.58	6.38	6.58	    19.80	94737832	  0.44	火力发电	广东	 3.04	6.48	68638	77610	  0.88	2661	224	--  	      99398.67	
="000717"	韶钢松山	-1.47	2.68	-0.04	2.68	2.69	152987	2284	          0.00	          1.36	2.72	2.72	2.66	2.72	--  	41044072	  0.45	钢加工	广东	 2.21	2.68	107879	45108	  2.39	608	3114	--  	     112803.64	
="600993"	马应龙	-1.47	21.41	-0.32	21.40	21.42	37235	5	          0.23	          1.13	21.68	21.77	21.30	21.73	    29.59	80156480	  0.73	中成药	湖北	 2.16	21.53	20202	17033	  1.19	46	61	--  	      33087.71	
="300289"	利德曼	-1.55	32.40	-0.51	32.36	32.40	9877	112	          0.00	          1.77	32.90	32.90	32.18	32.91	    58.07	31978700	  0.66	生物制药	北京	 2.19	32.37	5591	4286	  1.30	6	91	--  	       5572.68	
="601113"	华鼎股份	-1.55	5.71	-0.09	5.71	5.72	36430	16	          0.00	          0.57	5.78	5.84	5.66	5.80	  1464.10	20883410	  1.12	化纤	浙江	 3.10	5.73	19919	16511	  1.21	163	227	--  	      64000.00	
="600750"	江中药业	-1.57	21.38	-0.34	21.37	21.39	26232	15	          0.00	          0.87	21.65	21.68	21.32	21.72	    30.99	56381392	  0.44	中成药	江西	 1.66	21.49	14640	11592	  1.26	149	55	--  	      30000.00	
="600481"	双良节能	-1.60	11.06	-0.18	11.06	11.07	108501	18	          0.09	          1.34	11.22	11.22	11.03	11.24	    28.15	120275488	  0.64	化工原料	江苏	 1.69	11.09	70191	38310	  1.83	494	129	--  	      81010.45	
="300138"	晨光生物	-1.60	11.66	-0.19	11.66	11.67	16664	40	          0.00	          1.32	11.78	11.82	11.60	11.85	   122.65	19454560	  0.72	食品	河北	 1.86	11.67	11617	5047	  2.30	24	15	--  	      12608.41	
="600196"	复星医药	-1.61	20.72	-0.34	20.72	20.74	439258	160	          0.19	          2.31	20.67	21.16	20.62	21.06	    22.81	915917952	  0.91	化学制药	上海	 2.56	20.85	239786	199472	  1.20	167	216	--  	     190439.23	
="002700"	新疆浩源	-1.64	24.56	-0.41	24.55	24.56	32165	474	         -0.04	          3.36	24.76	24.81	24.51	24.97	    55.24	79367312	  0.55	供气供热	新疆	 1.20	24.67	19900	12265	  1.62	407	114	--  	       9564.16	
="000016"	深康佳Ａ	-1.70	6.37	-0.11	6.37	6.38	204869	2483	          0.15	          3.41	6.45	6.63	6.31	6.48	   120.89	131901048	  1.15	家用电器	深圳	 4.94	6.44	121748	83121	  1.46	5	237	--  	      59991.50	
="600881"	亚泰集团	-1.70	5.78	-0.10	5.77	5.78	174102	20	         -0.17	          0.92	5.83	5.91	5.77	5.88	    51.19	101532328	  0.43	水泥	吉林	 2.38	5.83	101289	72813	  1.39	2350	10	--  	     189473.20	
="000900"	现代投资	-1.75	6.18	-0.11	6.18	6.19	118266	1100	          0.00	          1.17	6.26	6.26	6.15	6.29	    16.08	73251312	  0.69	路桥	湖南	 1.75	6.19	78471	39795	  1.97	112	1282	--  	     101128.75	
="002563"	森马服饰	-1.76	37.30	-0.67	37.30	37.31	13739	208	         -0.16	          1.96	37.90	38.88	37.27	37.97	    27.92	51606156	  1.36	服饰	浙江	 4.24	37.56	7105	6634	  1.07	13	30	--  	       7000.00	
="600731"	湖南海利	-1.78	9.37	-0.17	9.36	9.37	29295	30	         -0.10	          1.15	9.47	9.50	9.33	9.54	   584.21	27512428	  0.45	农药化肥	湖南	 1.78	9.39	20301	8994	  2.26	90	100	--  	      25557.66	
="000926"	福星股份	-1.87	8.38	-0.16	8.38	8.39	201822	5339	         -0.23	          3.82	8.51	8.63	8.38	8.54	     7.72	171066416	  0.80	区域地产	湖北	 2.93	8.48	122128	79694	  1.53	2100	12	--  	      52853.94	
="002449"	国星光电	-2.34	12.53	-0.30	12.52	12.53	67135	623	          0.07	          2.29	12.79	12.87	12.44	12.83	    40.23	84592024	  0.95	半导体	广东	 3.35	12.60	42859	24276	  1.77	251	31	--  	      29364.30	
="000652"	泰达股份	-2.36	5.78	-0.14	5.77	5.78	247866	1223	         -0.17	          1.69	5.87	5.88	5.74	5.92	--  	143822096	  0.64	综合类	天津	 2.36	5.80	148583	99283	  1.50	1826	805	--  	     146567.00	
="002508"	老板电器	-2.37	33.37	-0.81	33.35	33.38	14788	107	          0.15	          0.47	33.85	34.02	33.27	34.18	    23.15	49606932	  0.86	家用电器	浙江	 2.19	33.55	9388	5400	  1.74	94	3	--  	      31175.00	
="601313"	江南嘉捷	-2.57	11.39	-0.30	11.39	11.41	49774	500	         -0.08	          1.85	11.57	11.69	11.34	11.69	    20.98	56974864	  1.04	运输设备	江苏	 2.99	11.45	31067	18707	  1.66	375	272	--  	      26852.53	
="002404"	嘉欣丝绸	-2.93	11.94	-0.36	11.94	11.95	68641	869	         -0.16	          3.89	12.16	12.16	11.85	12.30	    32.66	82065264	  0.60	纺织	浙江	 2.52	11.96	48427	20214	  2.40	367	449	--  	      17652.82	
="000816"	江淮动力	-3.00	6.79	-0.21	6.78	6.79	183611	2210	          0.14	          1.69	6.98	6.98	6.76	7.00	   171.51	125872888	  0.70	机械基件	江苏	 3.14	6.86	120995	62616	  1.93	1305	2256	--  	     108877.75	
="600162"	香江控股	-3.11	6.23	-0.20	6.22	6.23	198642	173	         -0.31	          2.59	6.35	6.36	6.22	6.43	    14.59	124647072	  0.42	全国地产	深圳	 2.18	6.27	120463	78179	  1.54	2210	140	--  	      76781.27	
="002007"	华兰生物	-3.15	33.84	-1.10	33.84	33.85	73829	1181	         -0.17	          1.28	34.67	34.70	33.78	34.94	    34.91	250935680	  0.76	生物制药	河南	 2.63	33.99	41551	32278	  1.29	67	11	--  	      57686.69	
数据来源:通达信
