代码	名称	涨幅%%	现价	涨跌	买价	卖价	总量	现量	涨速%%	换手%%	今开	最高	最低	昨收	市盈(动)	总金额	量比	细分行业	地区	振幅%%	均价	内盘	外盘	内外比	买量	卖量	未匹配量	流通股本	
="300062"	中能电气	10.04	14.58	1.33	14.58	--  	34285	10	          0.00	          4.42	13.30	14.58	13.25	13.25	    61.36	49014996	  2.92	电气设备	福建	10.04	14.30	18875	15410	  1.22	45172	0	--  	       7763.14	
="600590"	泰豪科技	10.02	9.99	0.91	9.99	--  	130097	9	          0.00	          2.60	9.18	9.99	9.13	9.08	--  	127530400	  1.19	电气设备	江西	 9.47	9.80	61566	68531	  0.90	52304	0	--  	      50032.57	
="002667"	鞍重股份	10.01	32.65	2.97	32.65	--  	34822	20	          0.00	         12.45	29.70	32.65	29.70	29.68	    48.37	111715472	  1.30	工程机械	辽宁	 9.94	32.08	18421	16401	  1.12	11871	0	--  	       2798.00	
="600836"	界龙实业	10.00	12.32	1.12	12.32	--  	304835	2	          0.00	          9.72	11.27	12.32	11.09	11.20	   472.23	362607872	  5.04	广告包装	上海	10.98	11.90	163584	141251	  1.16	29771	0	--  	      31356.33	
="002282"	博深工具	10.00	12.65	1.15	12.65	--  	161253	656	          0.00	         13.46	12.30	12.65	11.64	11.50	    76.06	194861120	  5.46	轻工机械	河北	 8.78	12.08	80431	80822	  1.00	16501	0	--  	      11982.66	
="002082"	栋梁新材	9.98	9.92	0.90	9.92	--  	89971	86	          0.00	          4.84	9.03	9.92	9.03	9.02	    21.80	85991792	  3.23	铝	浙江	 9.87	9.56	34448	55523	  0.62	156647	0	--  	      18605.09	
="300138"	晨光生物	9.96	12.36	1.12	12.36	--  	75718	77	          0.00	          5.92	11.60	12.36	11.02	11.24	   130.02	92046464	  2.01	食品	河北	11.92	12.16	42634	33084	  1.29	13771	0	--  	      12796.33	
="601727"	上海电气	9.94	5.75	0.52	5.75	--  	970293	105	          0.00	          0.98	5.28	5.75	5.28	5.23	    30.92	545992000	  3.02	电气设备	上海	 8.99	5.63	373312	596981	  0.63	193545	0	--  	     985071.44	
="000667"	美好集团	9.88	2.78	0.25	2.78	--  	989476	1688	          0.00	          3.87	2.53	2.78	2.53	2.53	   189.79	265760864	  1.75	全国地产	云南	 9.88	2.69	311332	678144	  0.46	651264	0	--  	     255959.23	
="601177"	杭齿前进	9.08	9.13	0.76	9.12	9.13	102969	26	          1.10	          2.57	8.37	9.18	8.37	8.37	    89.16	90157296	  3.09	机械基件	浙江	 9.68	8.76	39102	63867	  0.61	406	3	--  	      40006.00	
="002632"	道明光学	8.44	20.42	1.59	20.41	20.42	53655	782	          0.44	         10.64	18.68	20.55	18.68	18.83	   107.25	106818168	  4.14	化工原料	浙江	 9.93	19.91	22024	31631	  0.70	196	74	--  	       5040.75	
="600758"	红阳能源	8.43	10.55	0.82	10.52	10.54	164450	12	         -0.18	         14.29	9.46	10.70	9.46	9.73	   110.62	169612976	  2.92	供气供热	辽宁	12.74	10.31	77624	86826	  0.89	164	34	--  	      11505.03	
="600650"	锦江投资	7.81	11.32	0.82	11.33	11.34	116344	10	          0.35	          2.98	10.50	11.48	10.46	10.50	    30.45	128603664	  4.62	公共交通	上海	 9.71	11.05	41692	74652	  0.56	38	174	--  	      39056.01	
="000685"	中山公用	7.54	14.40	1.01	14.39	14.40	134937	4198	          0.00	          2.06	13.39	14.50	13.36	13.39	    19.81	188452864	  1.68	水务	广东	 8.51	13.97	44742	90195	  0.50	987	19	--  	      65505.55	
="002670"	华声股份	7.47	15.40	1.07	15.38	15.40	112207	1414	          0.39	         13.62	14.24	15.53	14.23	14.33	    29.05	166808864	  3.22	电气设备	广东	 9.07	14.87	48470	63737	  0.76	12	1272	--  	       8237.73	
="002177"	御银股份	7.26	7.09	0.48	7.09	7.10	782457	6246	          0.00	         14.40	6.69	7.26	6.68	6.61	    36.99	550596352	  5.05	电脑设备	广东	 8.77	7.04	303203	479254	  0.63	4141	6070	--  	      54339.60	
="600082"	海泰发展	7.13	6.16	0.41	6.15	6.17	518495	427	          0.00	          8.23	5.96	6.33	5.96	5.75	   124.77	319837536	  3.11	园区开发	天津	 6.43	6.17	249318	269177	  0.93	654	1172	--  	      62998.89	
="002253"	川大智胜	7.06	33.65	2.22	33.65	33.68	73690	2148	          0.14	          5.86	31.60	34.19	31.38	31.43	   190.95	242607552	  2.44	软件服务	四川	 8.94	32.92	31881	41809	  0.76	83	10	--  	      12585.73	
="601618"	中国中冶	6.87	2.49	0.16	2.49	2.50	2015938	259	          0.00	          1.24	2.34	2.51	2.33	2.33	    13.15	491192000	  1.86	建筑施工	北京	 7.73	2.44	849003	1166935	  0.73	8373	36555	--  	    1623900.00	
="601567"	三星电气	6.83	15.17	0.97	15.16	15.17	45093	30	         -0.06	          1.31	14.37	15.25	14.37	14.20	    29.92	67041488	  1.86	电器仪表	浙江	 6.20	14.87	19484	25609	  0.76	26	10	--  	      34425.00	
="002400"	省广股份	6.76	25.60	1.62	25.59	25.60	162261	815	          0.03	          3.14	24.88	26.18	24.84	23.98	    45.18	413060832	  3.00	广告包装	广东	 5.59	25.46	64135	98126	  0.65	277	108	--  	      51663.73	
="600115"	东方航空	6.44	3.14	0.19	3.14	3.15	700111	40	          0.00	          0.90	3.00	3.17	2.99	2.95	  1421.33	217078400	  2.55	空运	上海	 6.10	3.10	304615	395496	  0.77	382	8142	--  	     778221.38	
="002692"	远程电缆	6.35	9.54	0.57	9.54	9.55	78315	504	         -0.10	          7.26	9.00	9.80	8.99	8.97	    30.51	73502728	  2.89	电气设备	江苏	 9.03	9.39	28154	50161	  0.56	30	273	--  	      10792.58	
="600302"	标准股份	6.31	6.40	0.38	6.38	6.39	76373	15	          0.15	          2.21	6.05	6.49	6.02	6.02	--  	48221056	  1.99	纺织机械	陕西	 7.81	6.31	29598	46775	  0.63	156	144	--  	      34600.98	
="002043"	兔 宝 宝	6.30	6.07	0.36	6.06	6.07	163860	2701	          0.16	          3.52	5.73	6.08	5.73	5.71	    71.65	97857328	  1.69	其他建材	浙江	 6.13	5.97	67151	96709	  0.69	564	2040	--  	      46568.10	
="002616"	长青集团	6.27	24.25	1.43	24.25	24.26	24752	652	          0.28	          3.04	22.98	24.25	22.98	22.82	   111.79	58886068	  1.47	环境保护	广东	 5.57	23.79	10492	14260	  0.74	101	83	--  	       8140.00	
="600159"	大龙地产	6.08	3.84	0.22	3.84	3.85	192469	108	          0.26	          2.32	3.64	3.89	3.64	3.62	--  	72451328	  2.12	区域地产	北京	 6.91	3.76	69118	123351	  0.56	407	10	--  	      83000.32	
="300178"	腾邦国际	6.02	25.02	1.42	25.01	25.02	146533	4896	         -0.07	          9.42	23.43	25.28	23.43	23.60	    48.65	361281376	  2.39	旅游服务	深圳	 7.84	24.66	63944	82589	  0.77	128	1160	--  	      15548.70	
="000623"	吉林敖东	6.01	21.35	1.21	21.35	21.36	253466	3527	          0.14	          3.29	20.15	21.40	20.11	20.14	    17.66	528860672	  1.33	中成药	吉林	 6.41	20.87	104603	148863	  0.70	27	210	--  	      77115.20	
="000875"	吉电股份	5.99	4.07	0.23	4.06	4.07	247047	4148	          0.49	          3.74	3.84	4.08	3.84	3.84	--  	98936608	  1.87	火力发电	吉林	 6.25	4.00	104218	142829	  0.73	391	2016	--  	      66003.21	
="600469"	风神股份	5.66	12.88	0.69	12.88	12.89	68108	5	          0.07	          1.82	12.45	12.97	12.39	12.19	    13.03	86618912	  1.13	汽车配件	河南	 4.76	12.72	30495	37613	  0.81	52	171	--  	      37494.21	
="002687"	乔治白	5.45	11.80	0.61	11.80	11.81	56089	1175	          0.00	          8.06	11.29	11.85	11.18	11.19	    41.99	64989124	  2.00	服饰	浙江	 5.99	11.59	20902	35187	  0.59	1433	108	--  	       6961.27	
="002593"	日上集团	5.44	12.41	0.64	12.40	12.41	46118	280	          0.16	          3.54	11.78	12.43	11.78	11.77	    62.09	56432008	  2.16	汽车配件	福建	 5.52	12.24	19663	26455	  0.74	54	426	--  	      13042.04	
="600337"	美克家居	5.29	8.75	0.44	8.75	8.76	87908	14	          0.11	          1.38	8.32	8.80	8.32	8.31	    30.19	75694536	  1.44	家居用品	新疆	 5.78	8.61	34200	53708	  0.64	106	353	--  	      63833.23	
="601800"	中国交建	5.22	4.64	0.23	4.63	4.64	648656	20	          0.00	          4.81	4.42	4.68	4.41	4.41	     6.46	295968000	  2.03	建筑施工	北京	 6.12	4.56	286679	361977	  0.79	3467	894	--  	     134973.55	
="601588"	北辰实业	5.14	3.68	0.18	3.68	3.69	630107	73	          0.54	          2.37	3.50	3.78	3.48	3.50	    26.04	230106784	  1.55	区域地产	北京	 8.57	3.65	282697	347410	  0.81	869	1986	--  	     266000.00	
="600808"	马钢股份	5.10	2.06	0.10	2.05	2.06	569086	200	          0.48	          0.95	1.98	2.07	1.97	1.96	--  	115519032	  1.70	普钢	安徽	 5.10	2.03	163609	405477	  0.40	21246	9542	--  	     596775.13	
="600372"	中航电子	5.08	28.97	1.40	28.96	28.97	145155	318	         -0.03	          0.83	27.78	29.00	27.58	27.57	    94.15	412911008	  1.36	航空航天	江西	 5.15	28.45	65814	79341	  0.83	36	44	--  	     175916.30	
="601179"	中国西电	5.08	4.76	0.23	4.76	4.77	480262	122	          0.21	          1.10	4.54	4.77	4.53	4.53	    37.25	225238976	  2.02	电气设备	陕西	 5.30	4.69	228859	251403	  0.91	3074	8883	--  	     435700.00	
="002333"	罗普斯金	5.07	14.29	0.69	14.28	14.29	46012	372	          0.14	          1.90	13.57	14.37	13.55	13.60	    58.73	65207764	  1.53	铝	江苏	 6.03	14.17	17305	28707	  0.60	74	122	--  	      24248.49	
="000822"	*ST海化	5.05	4.37	0.21	4.37	--  	105368	995	          0.00	          1.18	4.15	4.37	4.15	4.16	    78.01	45314128	  1.00	化工原料	山东	 5.29	4.30	36914	68454	  0.54	6065	0	--  	      89508.31	
="601558"	*ST锐电	5.01	3.98	0.19	3.97	3.98	106324	10	          0.00	          2.53	3.81	3.98	3.79	3.79	--  	41575776	  1.71	电气设备	北京	 5.01	3.91	37912	68412	  0.55	679	1377	--  	      42040.00	
="600075"	*ST新业	5.01	6.92	0.33	6.92	--  	39144	10	          0.00	          0.89	6.60	6.92	6.60	6.59	    48.11	26635644	  1.01	化工原料	新疆	 4.86	6.80	10747	28397	  0.38	5574	0	--  	      43859.19	
="000691"	亚太实业	5.01	7.13	0.34	7.12	7.13	130717	872	          0.14	          4.50	6.83	7.18	6.83	6.79	  5108.41	91546456	  2.25	区域地产	海南	 5.15	7.00	47198	83519	  0.57	50	310	--  	      29048.63	
="300196"	长海股份	4.97	20.68	0.98	20.62	20.68	44722	658	         -0.28	          4.10	19.42	20.75	19.40	19.70	    27.90	91279448	  1.34	玻璃	江苏	 6.85	20.41	21241	23481	  0.90	105	407	--  	      10918.94	
="600167"	联美控股	4.92	13.87	0.65	13.85	13.86	19619	40	          0.50	          0.93	13.23	13.99	13.23	13.22	    12.69	26701628	  1.20	供气供热	辽宁	 5.75	13.61	8075	11544	  0.70	195	1	--  	      21100.00	
="002134"	*ST普林	4.91	9.18	0.43	9.17	9.18	30087	1722	          0.65	          1.22	8.76	9.18	8.76	8.75	    79.93	27084702	  1.36	元器件	天津	 4.80	9.00	12337	17750	  0.70	93	785	--  	      24584.98	
="002533"	金杯电工	4.87	6.46	0.30	6.46	6.47	78138	492	          0.31	          1.60	6.19	6.46	6.19	6.16	    30.56	49906720	  0.92	电气设备	湖南	 4.38	6.39	32864	45274	  0.73	514	351	--  	      48824.39	
="002470"	金正大	4.87	26.51	1.23	26.51	26.56	73313	246	         -0.26	          1.24	25.11	26.69	25.11	25.28	    17.08	192112640	  1.23	农药化肥	山东	 6.25	26.20	27305	46008	  0.59	41	15	--  	      59254.00	
="300031"	宝通带业	4.74	9.50	0.43	9.50	9.51	125817	1424	         -0.10	          5.88	9.10	9.63	9.08	9.07	    40.29	118437192	  1.04	橡胶	江苏	 6.06	9.41	47604	78213	  0.61	1384	174	--  	      21383.36	
="002154"	报 喜 鸟	4.71	8.44	0.38	8.43	8.44	97069	1076	          0.11	          1.82	8.09	8.49	8.09	8.06	    36.86	80856216	  1.47	服饰	浙江	 4.96	8.33	44046	53023	  0.83	50	1273	--  	      53315.05	
="601989"	中国重工	4.61	6.35	0.28	6.35	6.36	2854223	562	         -0.15	          1.83	6.07	6.40	6.07	6.07	    41.81	1783630976	  1.36	船舶	北京	 5.44	6.25	1001729	1852494	  0.54	4471	8671	--  	    1561259.25	
="600118"	中国卫星	4.61	23.62	1.04	23.61	23.62	354977	171	          0.33	          3.00	22.65	23.75	22.62	22.58	    87.55	829377408	  2.25	航空航天	北京	 5.00	23.36	157329	197648	  0.80	19	6	--  	     118248.90	
="002046"	轴研科技	4.56	10.54	0.46	10.53	10.54	166141	1213	          0.28	          4.88	10.13	10.58	10.10	10.08	   125.18	172163008	  1.92	机械基件	河南	 4.76	10.36	77789	88352	  0.88	1822	1511	--  	      34056.60	
="002536"	西泵股份	4.51	28.06	1.21	28.05	28.06	35156	267	          0.07	          7.92	26.92	28.35	26.92	26.85	    49.63	97625632	  1.90	汽车配件	河南	 5.33	27.77	16884	18272	  0.92	10	19	--  	       4438.20	
="002187"	广百股份	4.47	11.22	0.48	11.22	11.23	58183	329	          0.26	          1.73	10.89	11.34	10.88	10.74	    17.52	65125344	  1.63	百货	广东	 4.28	11.19	26491	31692	  0.84	327	257	--  	      33572.48	
="002501"	利源精制	4.47	18.48	0.79	18.48	18.49	185852	2254	          0.00	          5.54	17.75	18.58	17.66	17.69	    22.21	337482272	  1.44	铝	吉林	 5.20	18.16	78605	107247	  0.73	301	275	--  	      33565.53	
="002673"	西部证券	4.43	14.15	0.60	14.14	14.15	289575	4052	          0.21	          4.21	13.69	14.28	13.60	13.55	    30.26	403512704	  0.99	证券	陕西	 5.02	13.93	135026	154549	  0.87	70	1385	--  	      68761.11	
="000513"	丽珠集团	4.41	56.79	2.40	56.66	56.79	14147	21	          0.15	          0.80	54.98	56.90	54.30	54.39	    28.86	78042008	  2.36	中成药	广东	 4.78	55.16	6289	7858	  0.80	26	66	--  	      17766.91	
="600728"	佳都科技	4.41	16.34	0.69	16.33	16.36	189459	27	          0.06	          5.22	16.48	16.80	15.98	15.65	   242.93	308554912	  2.58	软件服务	广东	 5.24	16.29	97471	91988	  1.06	114	349	--  	      36280.03	
="600165"	新日恒力	4.39	9.52	0.40	9.51	9.52	46968	44	         -0.10	          2.42	9.12	9.59	9.12	9.12	    80.10	44155696	  0.96	钢加工	宁夏	 5.15	9.40	20413	26555	  0.77	74	161	--  	      19395.34	
="000650"	仁和药业	4.37	7.40	0.31	7.40	7.41	228438	1284	         -0.13	          2.31	7.18	7.54	7.11	7.09	    29.30	168794448	  1.86	中成药	江西	 6.06	7.39	108773	119665	  0.91	1788	668	--  	      99040.99	
="601313"	江南嘉捷	4.31	10.41	0.43	10.41	10.42	63931	2	          0.09	          2.38	9.96	10.46	9.94	9.98	    23.69	66040032	  1.49	运输设备	江苏	 5.21	10.33	22525	41406	  0.54	143	270	--  	      26852.53	
="001896"	豫能控股	4.28	8.52	0.35	8.51	8.52	32043	240	          0.00	          0.75	8.12	8.58	8.12	8.17	    13.10	27001956	  0.90	火力发电	河南	 5.63	8.43	15278	16765	  0.91	109	33	--  	      42999.25	
="600881"	亚泰集团	4.28	5.36	0.22	5.36	5.37	882326	47	          0.56	          4.66	5.10	5.55	4.95	5.14	    42.79	466045280	  2.60	水泥	吉林	11.67	5.28	438462	443864	  0.99	1174	3844	--  	     189473.20	
="002671"	龙泉股份	4.23	10.34	0.42	10.33	10.34	70940	600	          0.09	          3.87	9.96	10.40	9.93	9.92	    29.00	72200640	  1.21	其他建材	山东	 4.74	10.18	30313	40627	  0.75	151	765	--  	      18332.99	
="002085"	万丰奥威	4.18	28.65	1.15	28.60	28.65	21991	132	         -0.10	          0.60	27.40	28.75	27.21	27.50	    27.69	61593060	  1.41	汽车配件	浙江	 5.60	28.01	11052	10939	  1.01	47	269	--  	      36813.28	
="002677"	浙江美大	4.18	18.19	0.73	18.19	18.20	47432	1000	          0.22	          9.49	17.69	18.19	17.51	17.46	    33.12	84904392	  1.05	家用电器	浙江	 3.89	17.90	20519	26913	  0.76	68	776	--  	       5000.00	
="300225"	金力泰	4.17	10.24	0.41	10.23	10.24	40194	894	          0.19	          2.24	9.85	10.29	9.81	9.83	    31.41	40633980	  1.15	染料涂料	上海	 4.88	10.11	17684	22510	  0.79	271	234	--  	      17954.08	
="002318"	久立特材	4.16	27.02	1.08	27.01	27.02	91937	873	         -0.14	          3.09	25.94	27.68	25.68	25.94	    40.12	248384176	  1.88	特钢	浙江	 7.71	27.02	36566	55371	  0.66	41	69	--  	      29783.93	
="000791"	甘肃电投	4.15	10.05	0.40	10.04	10.05	113668	2431	         -0.19	          9.90	9.60	10.39	9.54	9.65	    30.96	113582640	  0.68	水力发电	甘肃	 8.81	9.99	57637	56031	  1.03	47	112	--  	      11477.80	
="600239"	云南城投	4.14	5.78	0.23	5.78	5.79	285894	105	         -0.17	          3.47	5.56	5.92	5.00	5.55	--  	162574320	  1.05	区域地产	云南	16.58	5.69	138888	147006	  0.94	59	908	--  	      82342.92	
="000040"	宝安地产	4.14	5.28	0.21	5.27	5.28	70360	2723	          0.57	          1.51	5.08	5.28	5.07	5.07	   129.95	36415496	  1.21	全国地产	深圳	 4.14	5.18	31911	38449	  0.83	163	686	--  	      46443.83	
="002073"	软控股份	4.09	13.75	0.54	13.74	13.75	592056	11833	          0.21	          9.57	13.22	13.96	13.02	13.21	    46.90	798860032	  1.27	软件服务	山东	 7.12	13.49	271955	320101	  0.85	487	2056	--  	      61879.48	
="000897"	津滨发展	4.06	6.41	0.25	6.40	6.41	1287245	9425	          0.00	          7.96	6.33	6.66	6.29	6.16	   342.46	827958784	  2.53	区域地产	天津	 6.01	6.43	556800	730445	  0.76	8950	813	--  	     161708.06	
="300176"	鸿特精密	4.05	16.97	0.66	16.97	16.98	15312	579	          0.41	          1.43	16.32	16.98	16.32	16.31	   112.69	25617626	  1.60	汽车配件	广东	 4.05	16.73	4933	10379	  0.48	64	117	--  	      10728.00	
="002661"	克明面业	4.04	41.69	1.62	41.69	41.70	26486	421	          0.12	         12.40	40.00	42.00	40.00	40.07	    41.95	109823976	  1.72	食品	湖南	 4.99	41.46	14569	11917	  1.22	176	20	--  	       2135.75	
="002018"	华星化工	4.02	13.21	0.51	13.20	13.21	139500	593	          0.00	          3.12	12.70	13.28	12.53	12.70	   164.61	182094784	  1.19	农药化肥	安徽	 5.91	13.05	67232	72268	  0.93	174	458	--  	      44739.51	
="002350"	北京科锐	4.01	13.50	0.52	13.49	13.50	50072	751	          0.00	          2.29	12.95	13.51	12.95	12.98	    53.25	66480696	  2.07	电气设备	北京	 4.31	13.28	18455	31617	  0.58	224	83	--  	      21821.63	
="300005"	探路者	3.97	21.20	0.81	21.20	21.22	541414	6868	          0.52	         16.80	20.30	21.80	20.05	20.39	    45.49	1131793408	  1.09	服饰	北京	 8.58	20.90	254770	286644	  0.89	3255	12	--  	      32222.78	
="002650"	加加食品	3.97	13.10	0.50	13.09	13.10	151529	2030	          0.53	          6.75	12.60	13.12	12.46	12.60	    37.02	195498960	  2.08	食品	湖南	 5.24	12.90	57281	94248	  0.61	797	356	--  	      22439.23	
="300275"	梅安森	3.96	20.99	0.80	20.91	20.99	22975	310	          0.00	          2.62	20.13	21.00	20.13	20.19	    74.95	47602956	  0.76	软件服务	重庆	 4.31	20.72	8754	14221	  0.62	16	319	--  	       8783.59	
="002521"	齐峰新材	3.96	11.82	0.45	11.81	11.82	115478	1617	          0.08	          3.75	11.37	11.83	11.34	11.37	    18.77	134289456	  1.44	造纸	山东	 4.31	11.63	48046	67432	  0.71	57	296	--  	      30760.26	
="002703"	浙江世宝	3.95	25.80	0.98	25.80	25.82	12058	401	          0.03	          8.04	24.85	26.79	24.65	24.82	   145.73	30797464	  2.51	汽车配件	浙江	 8.62	25.54	5898	6160	  0.96	32	53	--  	       1500.00	
="002361"	神剑股份	3.92	8.48	0.32	8.47	8.48	37734	361	          0.00	          2.13	8.20	8.50	8.20	8.16	    31.93	31593888	  0.88	化工原料	安徽	 3.68	8.37	15362	22372	  0.69	159	66	--  	      17698.19	
="002448"	中原内配	3.87	16.91	0.63	16.90	16.91	142215	1666	         -0.23	          7.92	16.28	17.20	16.28	16.28	    20.45	238795696	  1.72	运输设备	河南	 5.65	16.79	45471	96744	  0.47	262	349	--  	      17946.90	
="300159"	新研股份	3.87	12.36	0.46	12.36	12.37	99264	1007	          0.16	          3.53	11.90	12.38	11.77	11.90	    41.30	119894000	  0.79	农用机械	新疆	 5.13	12.08	45931	53333	  0.86	137	1396	--  	      28153.14	
="002444"	巨星科技	3.86	13.20	0.49	13.19	13.20	92050	735	          0.07	          1.05	12.78	13.33	12.78	12.71	    30.53	120804448	  1.58	轻工机械	浙江	 4.33	13.12	33416	58634	  0.57	727	1529	--  	      87460.32	
="600692"	亚通股份	3.85	10.80	0.40	10.80	10.81	140119	20	          0.18	          5.49	10.44	10.84	10.44	10.40	   150.34	149756640	  0.86	水运	上海	 3.85	10.69	61102	79017	  0.77	219	269	--  	      25501.05	
="002615"	哈尔斯	3.82	29.37	1.08	29.36	29.37	20408	122	          0.17	          4.00	28.22	29.68	28.22	28.29	    35.45	59438664	  0.73	家居用品	浙江	 5.16	29.12	9757	10651	  0.92	55	123	--  	       5106.25	
="600300"	维维股份	3.80	5.47	0.20	5.46	5.47	316041	400	          0.18	          1.89	5.28	5.48	5.28	5.27	    75.86	171366432	  1.66	软饮料	江苏	 3.80	5.42	132709	183332	  0.72	1585	1075	--  	     167200.00	
="600736"	苏州高新	3.78	4.94	0.18	4.94	4.95	273563	60	          0.20	          2.59	4.82	4.95	4.76	4.76	    44.69	133127192	  0.60	园区开发	江苏	 3.99	4.87	102915	170648	  0.60	2925	1887	--  	     105788.15	
="002478"	常宝股份	3.78	12.36	0.45	12.35	12.36	35331	853	         -0.08	          1.35	12.15	12.38	11.91	11.91	    19.77	43135260	  1.07	普钢	江苏	 3.95	12.21	15584	19747	  0.79	30	234	--  	      26154.86	
="600466"	迪康药业	3.75	6.64	0.24	6.64	6.65	114089	109	          0.15	          2.60	6.42	6.65	6.42	6.40	   153.37	74924528	  0.88	中成药	四川	 3.59	6.57	49743	64346	  0.77	414	1404	--  	      43900.58	
="600038"	哈飞股份	3.74	39.64	1.43	39.69	39.70	84790	5	         -0.15	          2.51	38.25	39.90	38.21	38.21	    76.56	332520832	  1.58	航空航天	黑龙江	 4.42	39.22	40139	44651	  0.90	59	9	--  	      33735.00	
="002243"	通产丽星	3.73	8.34	0.30	8.33	8.34	43170	148	          0.24	          1.39	8.07	8.35	8.04	8.04	--  	35521500	  1.12	塑料	深圳	 3.86	8.23	14600	28570	  0.51	59	114	--  	      30990.90	
="600573"	惠泉啤酒	3.73	9.18	0.33	9.18	9.20	28587	17	          0.32	          1.14	8.86	9.26	8.86	8.85	    41.83	26052948	  1.20	啤酒	福建	 4.52	9.11	11624	16963	  0.69	36	416	--  	      25000.00	
="300270"	中威电子	3.72	22.31	0.80	22.30	22.31	23390	59	          0.13	          3.69	21.52	22.50	21.52	21.51	    86.64	51975264	  1.52	通信设备	浙江	 4.56	22.22	10196	13194	  0.77	117	22	--  	       6343.12	
="300211"	亿通科技	3.70	23.52	0.84	23.52	23.55	23087	137	         -0.29	          4.87	22.68	23.65	22.63	22.68	    98.73	53825084	  1.82	通信设备	江苏	 4.50	23.31	9289	13798	  0.67	37	2	--  	       4739.52	
="300042"	朗科科技	3.68	17.73	0.63	17.73	17.74	31860	252	         -0.05	          4.35	17.13	17.81	17.13	17.10	    86.47	55711020	  1.23	电脑设备	深圳	 3.98	17.49	11869	19991	  0.59	221	115	--  	       7327.91	
="002676"	顺威股份	3.67	16.37	0.58	16.36	16.38	14261	120	         -0.06	          3.34	15.78	16.45	15.78	15.79	    39.59	23147174	  1.04	塑料	广东	 4.24	16.23	5872	8389	  0.70	50	52	--  	       4275.22	
="600985"	雷鸣科化	3.67	16.12	0.57	16.11	16.13	16439	24	          0.12	          1.27	15.80	16.25	15.57	15.55	    22.99	26301144	  0.94	化工原料	安徽	 4.37	16.00	7593	8846	  0.86	22	162	--  	      12960.00	
="300179"	四方达	3.66	10.47	0.37	10.47	10.48	36598	322	          0.00	          2.75	10.10	10.50	10.03	10.10	    57.54	37703616	  1.62	矿物制品	河南	 4.65	10.30	13585	23013	  0.59	63	581	--  	      13301.12	
="000837"	秦川发展	3.66	10.49	0.37	10.48	10.49	92084	519	          0.28	          3.60	10.20	10.50	10.15	10.12	--  	95290592	  0.92	机床制造	陕西	 3.46	10.35	39500	52584	  0.75	877	286	--  	      25558.96	
="002232"	启明信息	3.65	12.48	0.44	12.47	12.48	309170	3605	          0.00	          7.77	11.94	12.57	11.80	12.04	  1105.33	379631840	  1.95	软件服务	吉林	 6.40	12.28	119428	189742	  0.63	616	288	--  	      39797.07	
="300118"	东方日升	3.64	10.53	0.37	10.52	10.53	183930	2191	         -0.09	          4.84	10.12	10.60	10.10	10.16	   157.50	190686992	  1.17	半导体	浙江	 4.92	10.37	86961	96969	  0.90	549	389	--  	      37982.94	
="601872"	招商轮船	3.59	3.46	0.12	3.45	3.46	182832	10	          0.28	          0.48	3.34	3.47	3.34	3.34	    32.21	62616352	  0.84	水运	上海	 3.89	3.42	77529	105303	  0.74	3228	2690	--  	     377673.75	
="600622"	嘉宝集团	3.58	7.53	0.26	7.52	7.53	95754	26	          0.13	          1.86	7.30	7.53	7.29	7.27	     7.00	71404800	  1.24	综合类	上海	 3.30	7.46	35263	60491	  0.58	5022	2330	--  	      51430.37	
="000582"	北部湾港	3.56	13.98	0.48	13.98	13.99	56870	725	          0.00	          4.01	13.56	14.09	13.56	13.50	    19.15	79097480	  2.42	港口	广西	 3.93	13.91	24946	31924	  0.78	641	351	--  	      14166.61	
="002003"	伟星股份	3.55	9.62	0.33	9.62	9.63	43079	566	          0.10	          1.47	9.31	9.64	9.31	9.29	    12.68	40977612	  1.44	服饰	浙江	 3.55	9.51	17785	25294	  0.70	21	376	--  	      29320.38	
="002439"	启明星辰	3.55	23.36	0.80	23.36	23.37	42669	523	          0.04	          1.64	22.67	23.45	22.67	22.56	--  	98828584	  1.19	软件服务	北京	 3.46	23.16	20533	22136	  0.93	29	191	--  	      26088.46	
="600865"	百大集团	3.52	8.53	0.29	8.52	8.53	56071	20	          0.00	          1.49	8.24	8.57	8.20	8.24	    17.33	47390436	  1.83	百货	浙江	 4.49	8.45	21810	34261	  0.64	103	4	--  	      37624.03	
="000899"	赣能股份	3.50	5.62	0.19	5.61	5.62	96586	819	          0.00	          1.74	5.47	5.63	5.47	5.43	     9.68	53804748	  1.87	火力发电	江西	 2.95	5.57	38314	58272	  0.66	555	1252	--  	      55518.16	
="600543"	莫高股份	3.48	9.23	0.31	9.23	9.24	57651	100	         -0.21	          1.80	8.94	9.27	8.92	8.92	    92.12	52783276	  0.79	红黄药酒	甘肃	 3.92	9.16	24737	32914	  0.75	603	182	--  	      32112.00	
="002469"	三维工程	3.46	13.46	0.45	13.45	13.46	43058	365	          0.22	          1.71	13.04	13.47	13.04	13.01	    35.47	57177628	  1.26	建筑施工	山东	 3.31	13.28	17098	25960	  0.66	402	398	--  	      25195.47	
="002599"	盛通股份	3.45	17.08	0.57	17.05	17.08	11384	90	          0.05	          1.30	16.55	17.10	16.50	16.51	   127.70	19240042	  1.36	广告包装	北京	 3.63	16.90	3967	7417	  0.53	5	51	--  	       8756.25	
="600076"	青鸟华光	3.44	7.21	0.24	7.20	7.21	125902	5	         -0.41	          3.44	6.90	7.25	6.90	6.97	--  	89522400	  1.56	通信设备	山东	 5.02	7.11	53093	72809	  0.73	79	94	--  	      36553.60	
="600565"	迪马股份	3.42	4.53	0.15	4.53	4.54	119173	7	          0.00	          1.66	4.44	4.56	4.43	4.38	    36.81	53795708	  1.15	全国地产	重庆	 2.97	4.51	48801	70372	  0.69	656	2512	--  	      72000.00	
="600131"	岷江水电	3.42	5.44	0.18	5.43	5.44	41709	2	          0.00	          1.05	5.25	5.45	5.25	5.26	    19.01	22417650	  0.84	水力发电	四川	 3.80	5.37	16118	25591	  0.63	243	17	--  	      39736.69	
="601100"	恒立油缸	3.37	11.64	0.38	11.55	11.65	33606	15	          0.60	          2.13	11.35	11.72	11.20	11.26	    57.48	38855180	  2.00	工程机械	江苏	 4.62	11.56	15416	18190	  0.85	95	189	--  	      15750.00	
="002086"	东方海洋	3.37	11.03	0.36	11.03	11.04	73058	265	          0.09	          3.07	10.56	11.10	10.56	10.67	    39.04	79408600	  1.27	渔业	山东	 5.06	10.87	32850	40208	  0.82	393	600	--  	      23780.85	
="300308"	中际装备	3.36	9.53	0.31	9.53	9.54	39297	728	         -0.20	          3.49	9.29	9.58	9.29	9.22	   450.05	37156064	  1.48	工程机械	山东	 3.15	9.45	17678	21619	  0.82	150	443	--  	      11263.04	
="300344"	太空板业	3.35	8.94	0.29	8.94	8.95	85967	886	          0.11	          8.25	8.66	8.95	8.64	8.65	  1502.48	75768416	  1.73	其他建材	北京	 3.58	8.81	37037	48930	  0.76	771	1836	--  	      10422.41	
="600260"	凯乐科技	3.34	9.59	0.31	9.59	9.60	175258	20	          0.20	          3.32	9.26	9.64	9.25	9.28	    41.75	167017872	  1.25	白酒	湖北	 4.20	9.53	77759	97499	  0.80	488	619	--  	      52764.00	
="600755"	厦门国贸	3.34	6.81	0.22	6.82	6.83	1696958	150	          0.14	         12.75	6.77	6.90	6.55	6.59	    12.17	1140604160	  1.75	商贸代理	福建	 5.31	6.72	909651	787307	  1.16	164	4619	--  	     133083.59	
="000528"	柳    工	3.33	7.13	0.23	7.12	7.13	199626	3634	          0.14	          1.77	6.91	7.13	6.91	6.90	    25.04	140420912	  1.92	工程机械	广西	 3.19	7.03	82493	117133	  0.70	1482	1489	--  	     112508.84	
="300240"	飞力达	3.32	14.30	0.46	14.30	14.31	19168	125	          0.14	          1.18	13.88	14.33	13.88	13.84	    53.99	27142932	  1.27	仓储物流	江苏	 3.25	14.16	8463	10705	  0.79	107	221	--  	      16245.00	
="000677"	恒天海龙	3.32	4.36	0.14	4.35	4.36	103148	1044	          0.00	          1.19	4.23	4.36	4.23	4.22	--  	44612656	  0.85	化纤	山东	 3.08	4.33	43504	59644	  0.73	858	538	--  	      86394.82	
="000786"	北新建材	3.31	18.75	0.60	18.75	18.76	46178	1224	          0.16	          0.80	18.20	18.76	18.04	18.15	    15.84	85458816	  1.63	其他建材	北京	 3.97	18.51	21657	24521	  0.88	19	214	--  	      57509.30	
="600683"	京投银泰	3.31	6.25	0.20	6.23	6.25	63192	5	          0.32	          0.85	6.05	6.25	6.05	6.05	--  	39060904	  0.44	区域地产	浙江	 3.31	6.18	26035	37157	  0.70	395	532	--  	      74077.75	
="000989"	九 芝 堂	3.30	15.36	0.49	15.35	15.36	112160	999	          0.13	          3.77	14.90	15.39	14.83	14.87	    29.43	170984128	  1.08	中成药	湖南	 3.77	15.24	45703	66457	  0.69	21	164	--  	      29760.52	
="600419"	天润乳业	3.29	22.31	0.71	22.27	22.30	14209	36	          0.17	          1.77	21.85	22.38	21.63	21.60	   106.62	31194132	  1.69	乳制品	新疆	 3.47	21.95	5312	8897	  0.60	12	16	--  	       8016.00	
="600821"	津劝业	3.28	5.67	0.18	5.66	5.67	143447	30	          0.17	          3.45	5.59	5.74	5.59	5.49	   206.33	81294048	  1.83	百货	天津	 2.73	5.67	57208	86239	  0.66	104	1221	--  	      41626.82	
="300177"	中海达	3.26	17.75	0.56	17.75	17.76	83636	739	         -0.16	          3.55	17.29	17.88	17.28	17.19	    80.86	147583584	  1.38	通信设备	广东	 3.49	17.65	38537	45099	  0.85	173	61	--  	      23558.48	
="002496"	辉丰股份	3.22	17.64	0.55	17.63	17.64	62239	1324	         -0.05	          3.37	17.15	17.65	17.01	17.09	    26.93	108213320	  1.13	农药化肥	江苏	 3.74	17.39	27418	34821	  0.79	366	90	--  	      18456.77	
="600533"	栖霞建设	3.22	3.85	0.12	3.84	3.85	131988	84	          0.00	          1.26	3.75	3.85	3.73	3.73	    39.17	50258228	  0.62	区域地产	江苏	 3.22	3.81	53300	78688	  0.68	2127	381	--  	     105000.00	
="002061"	江山化工	3.21	5.14	0.16	5.13	5.14	71251	1672	          0.00	          1.74	4.98	5.16	4.98	4.98	--  	36077696	  0.60	化工原料	浙江	 3.61	5.06	30314	40937	  0.74	358	25	--  	      40887.76	
="600232"	金鹰股份	3.21	6.43	0.20	6.41	6.43	71095	2	          0.46	          1.95	6.26	6.45	6.24	6.23	   111.89	45115088	  1.30	纺织	浙江	 3.37	6.35	29073	42022	  0.69	222	38	--  	      36471.85	
="002494"	华斯股份	3.21	16.09	0.50	16.08	16.09	38816	741	          0.06	          3.99	15.55	16.14	15.55	15.59	    31.30	61913688	  1.54	服饰	河北	 3.78	15.95	19106	19710	  0.97	431	7	--  	       9726.16	
="002144"	宏达高科	3.20	21.90	0.68	21.90	21.91	76653	663	          0.18	          5.60	21.10	22.12	20.91	21.22	    25.89	165737792	  1.38	纺织	浙江	 5.70	21.62	34634	42019	  0.82	302	3	--  	      13679.36	
="300091"	金通灵	3.20	23.24	0.72	23.23	23.24	14066	39	         -0.04	          1.11	22.57	23.30	22.57	22.52	   404.54	32544182	  1.15	机械基件	江苏	 3.24	23.14	4892	9174	  0.53	106	81	--  	      12639.70	
="000089"	深圳机场	3.20	4.52	0.14	4.51	4.52	71469	1045	          0.22	          0.42	4.38	4.53	4.38	4.38	    30.36	32108648	  1.50	机场	深圳	 3.42	4.49	27607	43862	  0.63	215	112	--  	     169169.27	
="600694"	大商股份	3.19	31.98	0.99	31.93	31.99	93356	1	          0.47	          3.18	31.50	32.16	31.38	30.99	     6.26	297292000	  1.05	百货	辽宁	 2.52	31.84	43806	49550	  0.88	4	33	--  	      29371.86	
="000722"	湖南发展	3.19	8.42	0.26	8.41	8.42	72589	880	          0.11	          2.71	8.27	8.43	8.27	8.16	    18.40	60813848	  1.44	水力发电	湖南	 1.96	8.38	35134	37455	  0.94	593	824	--  	      26812.35	
="000088"	盐 田 港	3.17	6.83	0.21	6.82	6.83	869763	6014	         -0.14	          4.48	6.75	6.94	6.68	6.62	    28.83	591744128	  2.30	港口	深圳	 3.93	6.80	424312	445451	  0.95	10285	9224	--  	     194212.78	
="002339"	积成电子	3.16	10.78	0.33	10.78	10.79	114712	251	         -0.09	          4.04	10.46	10.82	10.46	10.45	   120.59	121914432	  1.75	软件服务	山东	 3.44	10.63	40649	74063	  0.55	265	20	--  	      28414.25	
="000507"	珠海港	3.15	5.89	0.18	5.89	5.90	625857	2670	          0.00	          8.11	5.91	6.19	5.84	5.71	--  	374069088	  3.37	港口	广东	 6.13	5.98	301304	324553	  0.93	5902	3161	--  	      77214.38	
="600029"	南方航空	3.15	2.95	0.09	2.94	2.95	608098	452	          0.00	          0.87	2.84	2.96	2.84	2.86	--  	177390096	  1.77	空运	广东	 4.20	2.92	273448	334650	  0.82	1926	1569	--  	     702265.00	
="002656"	卡奴迪路	3.14	17.72	0.54	17.71	17.72	110798	634	          0.16	         18.54	17.18	18.88	17.05	17.18	   214.93	198766288	  2.83	服饰	广东	10.65	17.94	32005	78793	  0.41	175	130	--  	       5975.00	
="600215"	长春经开	3.14	5.26	0.16	5.26	5.27	39571	4	          0.38	          0.85	5.13	5.28	5.13	5.10	--  	20679052	  1.02	园区开发	吉林	 2.94	5.23	18644	20927	  0.89	77	1060	--  	      46503.28	
="002606"	大连电瓷	3.12	15.22	0.46	15.20	15.22	50342	1282	          0.32	          4.18	14.80	15.35	14.76	14.76	   198.20	76022528	  0.98	电气设备	辽宁	 4.00	15.10	25140	25202	  1.00	3	19	--  	      12050.00	
="002172"	澳洋科技	3.11	7.29	0.22	7.28	7.29	89924	1571	         -0.81	          1.67	7.09	7.36	6.89	7.07	--  	64273076	  1.59	化纤	江苏	 6.65	7.15	42713	47211	  0.90	92	782	--  	      53754.96	
="002550"	千红制药	3.11	26.18	0.79	26.18	26.19	53128	438	          0.03	          2.59	25.44	26.23	25.40	25.39	    35.17	137113696	  1.39	生物制药	江苏	 3.27	25.81	22625	30503	  0.74	44	251	--  	      20513.41	
="002293"	罗莱家纺	3.10	23.93	0.72	23.92	23.93	30068	182	          0.41	          1.07	23.31	23.93	23.04	23.21	    18.21	70908696	  1.57	服饰	江苏	 3.83	23.58	12974	17094	  0.76	82	173	--  	      28072.61	
="300045"	华力创通	3.09	23.39	0.70	23.37	23.39	61183	574	         -0.08	          3.94	23.00	23.50	22.84	22.69	   179.77	142437280	  1.96	电脑设备	北京	 2.91	23.28	28513	32670	  0.87	8	338	--  	      15512.53	
="300195"	长荣股份	3.08	32.78	0.98	32.77	32.78	14296	351	          0.03	          2.22	31.51	32.90	31.51	31.80	    35.64	46594740	  1.15	轻工机械	天津	 4.37	32.59	6569	7727	  0.85	30	111	--  	       6444.72	
="002303"	美盈森	3.07	13.41	0.40	13.40	13.41	35598	279	          0.07	          0.99	13.05	13.41	13.02	13.01	    43.11	47266572	  1.22	造纸	深圳	 3.00	13.28	14560	21038	  0.69	232	412	--  	      36014.83	
="002117"	东港股份	3.07	19.46	0.58	19.44	19.46	59915	1666	          0.36	          1.66	18.88	19.48	18.81	18.88	    44.40	114695176	  1.18	广告包装	山东	 3.55	19.14	25493	34422	  0.74	6	582	--  	      36067.89	
="600713"	南京医药	3.06	7.75	0.23	7.74	7.75	111725	40	         -0.12	          1.61	7.53	7.76	7.53	7.52	   104.20	85980600	  0.92	医药连锁	江苏	 3.06	7.70	47248	64477	  0.73	412	407	--  	      69358.07	
="002369"	卓翼科技	3.05	11.83	0.35	11.82	11.83	141606	1759	          0.16	          4.04	11.50	11.83	11.50	11.48	    87.69	165980032	  1.07	通信设备	深圳	 2.87	11.72	64079	77527	  0.83	273	483	--  	      35093.60	
="600356"	恒丰纸业	3.02	7.85	0.23	7.86	7.87	24648	51	          0.00	          0.98	7.59	7.90	7.59	7.62	    37.94	19176596	  0.69	造纸	黑龙江	 4.07	7.78	12177	12471	  0.98	3	281	--  	      25233.92	
="601908"	京运通	3.01	11.29	0.33	11.29	11.30	220776	22	          0.35	          7.76	11.23	11.38	10.93	10.96	    57.60	246530432	  2.05	半导体	北京	 4.11	11.17	102737	118039	  0.87	451	679	--  	      28451.52	
="600655"	豫园商城	3.00	8.94	0.26	8.94	8.95	139463	10	         -0.22	          0.97	8.68	9.03	8.68	8.68	    19.45	124132920	  1.94	百货	上海	 4.03	8.90	70114	69349	  1.01	207	61	--  	     143732.20	
="000978"	桂林旅游	2.97	7.98	0.23	7.97	7.98	69293	1074	          0.12	          1.92	7.87	7.99	7.79	7.75	--  	54860252	  0.84	旅游景点	广西	 2.58	7.92	31804	37489	  0.85	275	487	--  	      36010.00	
="000652"	泰达股份	2.93	5.63	0.16	5.62	5.63	287274	2866	          0.00	          1.96	5.57	5.76	5.55	5.47	--  	161606688	  0.76	综合类	天津	 3.84	5.63	151528	135746	  1.12	3726	856	--  	     146567.00	
="300239"	东宝生物	2.92	12.32	0.35	12.30	12.33	47372	251	          0.00	          3.87	11.97	12.35	11.96	11.97	   572.33	57497752	  1.22	生物制药	内蒙	 3.26	12.14	22216	25156	  0.88	40	136	--  	      12244.01	
="000403"	*ST生化	2.91	21.22	0.60	21.21	21.22	27399	103	          0.09	          1.51	20.58	21.38	20.53	20.62	    28.55	57679232	  0.67	生物制药	江西	 4.12	21.05	11615	15784	  0.74	30	38	--  	      18151.84	
="600798"	宁波海运	2.91	4.60	0.13	4.59	4.60	99004	26	          0.00	          1.14	4.50	4.63	4.50	4.47	--  	45415032	  0.90	水运	浙江	 2.91	4.59	41521	57483	  0.72	625	709	--  	      87117.45	
="600791"	京能置业	2.90	6.39	0.18	6.38	6.39	126043	5	          0.00	          2.79	6.24	6.42	6.24	6.21	    32.62	79864288	  0.66	全国地产	北京	 2.90	6.34	51522	74521	  0.69	350	1315	--  	      45231.37	
="600225"	天津松江	2.88	7.50	0.21	7.50	7.51	230365	6	          0.00	          3.73	7.51	7.80	7.42	7.29	--  	174095648	  2.62	区域地产	天津	 5.21	7.56	104555	125810	  0.83	239	429	--  	      61814.21	
="002598"	山东章鼓	2.88	10.00	0.28	10.00	10.01	73999	357	         -0.09	          2.81	9.77	10.05	9.73	9.72	    39.52	73443712	  0.70	机械基件	山东	 3.29	9.92	38084	35915	  1.06	743	323	--  	      26322.46	
="002691"	石中装备	2.88	15.02	0.42	15.02	15.03	48915	496	          0.13	          7.41	14.57	15.09	14.57	14.60	    87.04	72270872	  1.31	专用机械	河北	 3.56	14.77	23958	24957	  0.96	261	36	--  	       6596.93	
="002294"	信立泰	2.88	36.48	1.02	36.48	36.50	60116	456	          0.13	          2.09	35.46	36.62	35.23	35.46	    23.80	217801136	  1.13	化学制药	深圳	 3.92	36.23	24261	35855	  0.68	24	42	--  	      28698.46	
="600609"	金杯汽车	2.87	3.94	0.11	3.94	3.95	148294	255	          0.25	          1.36	3.79	3.95	3.78	3.83	--  	57826280	  0.75	汽车整车	辽宁	 4.44	3.90	58790	89504	  0.66	1102	4593	--  	     109266.71	
="002511"	中顺洁柔	2.85	10.81	0.30	10.80	10.81	102027	594	          0.00	          2.52	10.53	10.99	10.53	10.51	    64.53	110458416	  1.41	造纸	广东	 4.38	10.83	48180	53847	  0.89	91	98	--  	      40451.92	
="600086"	东方金钰	2.85	23.84	0.66	23.83	23.84	34107	4	         -0.08	          0.97	23.22	24.45	23.22	23.18	    73.73	81554096	  0.96	服饰	湖北	 5.31	23.91	16919	17188	  0.98	192	52	--  	      35228.17	
="600191"	华资实业	2.84	7.24	0.20	7.24	7.25	34333	2	          0.27	          0.71	7.08	7.25	7.05	7.04	    64.56	24569108	  0.90	食品	内蒙	 2.84	7.16	14460	19873	  0.73	307	417	--  	      48493.19	
="600745"	中茵股份	2.83	14.51	0.40	14.51	14.52	40029	10	          0.34	          1.22	14.15	14.58	14.05	14.11	   456.65	57419656	  1.99	区域地产	湖北	 3.76	14.34	20076	19953	  1.01	109	120	--  	      32737.49	
="600502"	安徽水利	2.81	9.51	0.26	9.50	9.51	231993	111	          0.31	          4.62	9.18	9.53	9.18	9.25	    19.41	218875104	  2.12	建筑施工	安徽	 3.78	9.43	100717	131276	  0.77	697	1320	--  	      50193.00	
="002231"	奥维通信	2.81	10.25	0.28	10.25	10.26	111065	1017	         -0.19	          5.45	9.97	10.32	9.97	9.97	--  	112841328	  1.33	通信设备	辽宁	 3.51	10.16	53683	57382	  0.94	484	3662	--  	      20369.00	
="000785"	武汉中商	2.80	8.45	0.23	8.45	8.46	64086	335	          0.23	          2.55	8.29	8.50	8.24	8.22	    35.82	54011212	  2.10	百货	湖北	 3.16	8.43	24787	39299	  0.63	24	510	--  	      25109.36	
="600867"	通化东宝	2.80	16.55	0.45	16.54	16.55	306987	110	         -0.12	          3.00	16.04	16.63	15.89	16.10	    58.30	501569728	  1.28	生物制药	吉林	 4.60	16.34	123562	183425	  0.67	39	150	--  	     102460.04	
="600671"	天目药业	2.78	17.00	0.46	17.00	17.01	22430	50	          0.41	          1.84	16.58	17.30	16.58	16.54	--  	38063416	  1.03	中成药	浙江	 4.35	16.97	11416	11014	  1.04	5	14	--  	      12172.04	
="002406"	远东传动	2.78	11.83	0.32	11.83	11.84	44948	254	          0.08	          2.54	11.53	11.90	11.53	11.51	    21.71	52869680	  1.15	汽车配件	河南	 3.21	11.76	19389	25559	  0.76	339	141	--  	      17661.66	
="000589"	黔轮胎Ａ	2.77	6.30	0.17	6.29	6.30	74836	295	         -0.15	          1.53	6.17	6.33	6.14	6.13	    27.42	46821316	  1.27	汽车配件	贵州	 3.10	6.26	32775	42061	  0.78	513	90	--  	      48884.73	
="002422"	科伦药业	2.77	31.53	0.85	31.53	31.54	62764	472	          0.03	          1.77	30.68	31.65	30.55	30.68	    20.62	196349664	  1.56	化学制药	四川	 3.59	31.28	27749	35015	  0.79	76	180	--  	      35488.73	
="002637"	赞宇科技	2.77	18.20	0.49	18.18	18.20	26783	208	          0.27	          2.78	17.90	18.25	17.72	17.71	    45.32	48541592	  1.31	日用化工	浙江	 2.99	18.12	10598	16185	  0.65	41	3	--  	       9650.91	
="000836"	鑫茂科技	2.76	7.44	0.20	7.44	7.45	63351	623	          0.00	          2.17	7.25	7.48	7.25	7.24	--  	46823148	  0.90	软件服务	天津	 3.18	7.39	31689	31662	  1.00	502	2025	--  	      29248.98	
="000863"	三湘股份	2.70	6.84	0.18	6.84	6.85	51465	979	          0.14	          2.95	6.67	6.85	6.67	6.66	    65.94	35035684	  1.20	区域地产	上海	 2.70	6.81	25646	25819	  0.99	590	510	--  	      17462.02	
="000514"	渝 开 发	2.69	6.48	0.17	6.48	6.49	480289	8182	          0.46	          5.69	6.50	6.66	6.26	6.31	    33.85	308895264	  2.68	区域地产	重庆	 6.34	6.43	231425	248864	  0.93	721	995	--  	      84377.09	
="600068"	葛洲坝	2.69	4.58	0.12	4.57	4.58	322117	10	          0.00	          0.92	4.45	4.58	4.45	4.46	     8.37	146217440	  0.93	建筑施工	湖北	 2.91	4.54	146847	175270	  0.84	2397	10433	--  	     348745.91	
="000551"	创元科技	2.69	10.69	0.28	10.69	10.70	164916	2986	          0.09	          4.12	10.42	10.71	10.41	10.41	    83.41	174464656	  0.90	专用机械	江苏	 2.88	10.58	75975	88941	  0.85	234	1538	--  	      40008.03	
="600272"	开开实业	2.67	14.24	0.37	14.24	14.25	20905	15	          0.28	          1.31	13.91	14.24	13.91	13.87	    59.31	29592828	  0.96	服饰	上海	 2.38	14.16	9580	11325	  0.85	27	43	--  	      16000.00	
="600127"	金健米业	2.65	5.82	0.15	5.81	5.82	110695	20	          0.00	          2.03	5.69	5.84	5.68	5.67	   428.67	63851200	  1.00	农业综合	湖南	 2.82	5.77	44153	66542	  0.66	573	443	--  	      54445.96	
="002620"	瑞和股份	2.64	17.88	0.46	17.88	17.89	16895	276	          0.39	          1.86	17.45	17.88	17.45	17.42	    35.74	29867474	  1.35	装修装饰	深圳	 2.47	17.68	7123	9772	  0.73	140	20	--  	       9100.98	
="600283"	钱江水利	2.63	10.13	0.26	10.13	10.14	35403	10	         -0.19	          1.24	9.80	10.19	9.80	9.87	   149.83	35580364	  1.06	水务	浙江	 3.95	10.05	16778	18625	  0.90	27	300	--  	      28533.00	
="002275"	桂林三金	2.63	19.52	0.50	19.52	19.60	19472	462	         -0.25	          0.37	19.00	19.63	18.99	19.02	    26.47	37755072	  0.87	中成药	广西	 3.36	19.39	10221	9251	  1.10	27	83	--  	      52434.82	
="002161"	远 望 谷	2.62	8.63	0.22	8.63	8.64	249220	3677	          0.11	          3.59	8.38	8.69	8.38	8.41	--  	213719792	  1.63	通信设备	深圳	 3.69	8.58	110039	139181	  0.79	879	1332	--  	      69472.39	
="600415"	小商品城	2.61	6.69	0.17	6.68	6.69	91527	20	          0.00	          0.34	6.55	6.71	6.55	6.52	    42.54	60924252	  0.80	商品城	浙江	 2.45	6.66	40940	50587	  0.81	349	121	--  	     272160.72	
="002087"	新野纺织	2.60	4.74	0.12	4.73	4.74	68518	633	          0.00	          1.32	4.61	4.74	4.59	4.62	    35.03	32138366	  0.55	纺织	河南	 3.25	4.69	30376	38142	  0.80	1642	1932	--  	      51961.51	
="300313"	天山生物	2.58	22.24	0.56	22.23	22.24	10036	184	          0.18	          2.40	21.71	22.29	21.68	21.68	   242.79	22188268	  0.70	农业综合	新疆	 2.81	22.11	5109	4927	  1.04	56	3	--  	       4177.81	
="601113"	华鼎股份	2.57	5.58	0.14	5.57	5.58	96926	20	         -0.17	          1.51	5.46	5.60	5.44	5.44	  1430.77	53376188	  1.69	化纤	浙江	 2.94	5.51	46056	50870	  0.91	1463	358	--  	      64000.00	
="600004"	白云机场	2.56	8.40	0.21	8.40	8.41	62942	89	          0.00	          0.55	8.21	8.41	8.21	8.19	     9.21	52471628	  0.98	机场	广东	 2.44	8.34	24590	38352	  0.64	10	529	--  	     115000.00	
="000893"	东凌粮油	2.55	13.67	0.34	13.67	13.68	53530	510	         -0.07	          1.38	13.33	14.03	13.19	13.33	--  	72956624	  0.81	食品	广东	 6.30	13.63	26588	26942	  0.99	220	120	--  	      38782.60	
="002054"	德美化工	2.55	8.85	0.22	8.84	8.85	44938	1910	         -0.44	          1.87	8.67	8.94	8.66	8.63	    30.57	39589796	  1.29	化工原料	广东	 3.24	8.81	18291	26647	  0.69	106	426	--  	      24029.83	
="600020"	中原高速	2.53	2.84	0.07	2.83	2.84	74211	13	          0.35	          0.33	2.77	2.84	2.76	2.77	    10.23	20872204	  0.66	路桥	河南	 2.89	2.81	28290	45921	  0.62	902	3380	--  	     224737.19	
="000928"	中钢国际	2.52	11.38	0.28	11.37	11.38	33039	604	          0.00	          1.17	11.11	11.42	11.11	11.10	--  	37248556	  0.89	建筑施工	吉林	 2.79	11.27	16208	16831	  0.96	75	297	--  	      28289.90	
="600095"	哈高科	2.52	6.91	0.17	6.90	6.91	62207	10	          0.00	          1.72	6.70	6.92	6.70	6.74	--  	42485780	  0.85	食品	黑龙江	 3.26	6.83	26933	35274	  0.76	66	525	--  	      36126.35	
="300039"	上海凯宝	2.52	15.45	0.38	15.45	15.46	101028	1217	          0.12	          2.16	15.10	15.45	15.06	15.07	    26.65	154359648	  1.00	中成药	上海	 2.59	15.28	55213	45815	  1.21	1129	472	--  	      46743.32	
="002096"	南岭民爆	2.52	11.80	0.29	11.79	11.80	20428	438	          0.08	          0.77	11.54	11.83	11.54	11.51	    30.25	23966284	  1.08	化工原料	湖南	 2.52	11.73	9694	10734	  0.90	64	208	--  	      26386.01	
="300231"	银信科技	2.52	14.67	0.36	14.67	14.68	62963	623	          0.06	          4.05	14.34	14.71	14.34	14.31	    57.71	91941424	  1.18	软件服务	北京	 2.59	14.60	30714	32249	  0.95	114	1012	--  	      15562.79	
="600009"	上海机场	2.48	14.87	0.36	14.87	14.88	153760	9	         -0.13	          1.41	14.55	14.96	14.55	14.51	    13.93	228078880	  2.22	机场	上海	 2.83	14.83	56045	97715	  0.57	139	596	--  	     109347.64	
="000025"	特  力Ａ	2.48	11.99	0.29	11.99	12.00	11463	99	          0.33	          0.64	11.70	12.00	11.66	11.70	   476.46	13539037	  1.19	汽车服务	深圳	 2.91	11.81	4675	6788	  0.69	423	252	--  	      17929.46	
="600635"	大众公用	2.47	5.81	0.14	5.80	5.81	159367	1050	          0.34	          0.97	5.68	5.81	5.67	5.67	    38.67	91684432	  1.04	供气供热	上海	 2.47	5.75	65034	94333	  0.69	2854	1700	--  	     164486.98	
="600033"	福建高速	2.46	2.91	0.07	2.90	2.91	581847	51	          0.34	          2.12	2.86	2.92	2.82	2.84	    12.34	166584352	  0.81	路桥	福建	 3.52	2.86	250582	331265	  0.76	3343	1542	--  	     274440.00	
="600481"	双良节能	2.46	10.82	0.26	10.81	10.82	139050	20	          0.27	          1.72	10.52	10.82	10.50	10.56	    29.19	148529760	  1.34	化工原料	江苏	 3.03	10.68	63269	75781	  0.83	288	469	--  	      81010.45	
="000725"	京东方Ａ	2.46	2.50	0.06	2.50	2.51	1610412	17660	          0.00	          1.40	2.44	2.51	2.43	2.44	    42.35	399659424	  1.03	元器件	北京	 3.28	2.48	591507	1018905	  0.58	9212	81198	--  	    1150574.38	
="002623"	亚玛顿	2.45	25.94	0.62	25.93	25.94	12531	258	         -0.07	          0.78	25.33	25.99	25.11	25.32	   109.04	32129320	  0.74	玻璃	江苏	 3.48	25.64	5046	7485	  0.67	226	14	--  	      16000.00	
="300105"	龙源技术	2.44	13.86	0.33	13.86	13.87	50004	363	         -0.07	          0.97	13.51	13.91	13.51	13.53	    72.01	68839400	  0.91	电器仪表	山东	 2.96	13.77	23767	26237	  0.91	112	518	--  	      51321.60	
="300022"	吉峰农机	2.43	8.02	0.19	8.01	8.02	92232	866	          0.00	          2.92	7.88	8.06	7.85	7.83	--  	73414848	  1.04	其他连锁	四川	 2.68	7.96	45887	46345	  0.99	313	371	--  	      31565.72	
="300259"	新天科技	2.38	15.08	0.35	15.05	15.08	37040	91	          0.86	          2.60	14.90	15.25	14.75	14.73	    44.57	55771108	  1.40	电器仪表	河南	 3.39	15.06	16260	20780	  0.78	50	71	--  	      14223.29	
="601107"	四川成渝	2.37	3.45	0.08	3.44	3.45	98039	33	          0.29	          0.45	3.36	3.45	3.36	3.37	     9.53	33459884	  0.57	路桥	四川	 2.67	3.41	53560	44479	  1.20	2585	1777	--  	     216274.00	
="601118"	海南橡胶	2.35	8.26	0.19	8.26	8.27	894818	221	          0.00	          2.28	8.03	8.30	7.98	8.07	  4191.38	732798528	  1.52	橡胶	海南	 3.97	8.19	420193	474625	  0.89	1241	4741	--  	     393117.16	
="600812"	华北制药	2.35	6.96	0.16	6.96	6.97	124110	5	          0.14	          1.21	6.81	6.97	6.81	6.80	   378.20	85890272	  0.61	化学制药	河北	 2.35	6.92	53550	70560	  0.76	2677	1654	--  	     102857.75	
="600329"	中新药业	2.35	15.26	0.35	15.26	15.27	41939	7	          0.52	          0.79	14.95	15.27	14.95	14.91	    28.44	63319580	  1.11	中成药	天津	 2.15	15.10	16972	24967	  0.68	45	143	--  	      53343.37	
="600774"	汉商集团	2.35	11.78	0.27	11.75	11.80	15880	42	         -0.16	          0.92	11.45	11.91	11.45	11.51	   787.97	18667360	  0.63	百货	湖北	 4.00	11.75	5595	10285	  0.54	94	81	--  	      17289.15	
="300193"	佳士科技	2.34	17.07	0.39	17.06	17.07	36092	565	         -0.05	          2.37	16.79	17.09	16.68	16.68	    45.79	61041896	  1.17	专用机械	深圳	 2.46	16.91	17789	18303	  0.97	108	386	--  	      15209.28	
="002481"	双塔食品	2.32	15.45	0.35	15.44	15.45	30114	95	          0.00	          0.80	15.16	15.53	15.02	15.10	    54.93	45955204	  1.07	食品	山东	 3.38	15.26	12447	17667	  0.70	20	353	--  	      37455.17	
="601137"	博威合金	2.32	18.55	0.42	18.55	18.56	12151	13	         -0.05	          0.57	18.13	18.60	18.10	18.13	    55.26	22324266	  1.41	铜	浙江	 2.76	18.37	6725	5426	  1.24	381	10	--  	      21500.00	
="601886"	江河创建	2.31	7.54	0.17	7.53	7.54	76184	5	          0.13	          0.84	7.38	7.55	7.38	7.37	    24.57	56937788	  0.97	装修装饰	北京	 2.31	7.47	31841	44343	  0.72	409	699	--  	      90723.52	
="300152"	燃控科技	2.30	14.23	0.32	14.22	14.23	60580	1259	          0.14	          2.55	13.92	14.23	13.92	13.91	    70.02	85476560	  0.90	专用机械	江苏	 2.23	14.11	28267	32313	  0.87	480	40	--  	      23760.00	
="600593"	大连圣亚	2.29	19.65	0.44	19.64	19.66	14301	5	          0.20	          1.55	19.10	19.70	19.10	19.21	--  	27919520	  1.22	旅游景点	辽宁	 3.12	19.52	6737	7564	  0.89	3	80	--  	       9200.00	
="600386"	北巴传媒	2.28	11.67	0.26	11.67	11.68	231352	20	          0.00	          5.74	11.45	11.83	11.33	11.41	    24.39	269420256	  1.85	公共交通	北京	 4.38	11.65	120953	110399	  1.10	189	467	--  	      40320.00	
="600359"	新农开发	2.27	10.34	0.23	10.34	10.35	67882	67	          0.19	          2.11	10.11	10.35	10.08	10.11	   329.21	69525992	  1.23	农业综合	新疆	 2.67	10.24	31986	35896	  0.89	115	170	--  	      32100.00	
="000501"	鄂武商Ａ	2.24	14.14	0.31	14.13	14.14	113437	727	          0.07	          2.24	13.86	14.19	13.78	13.83	     9.71	158739664	  1.09	百货	湖北	 2.96	13.99	50016	63421	  0.79	145	1552	--  	      50718.42	
="002603"	以岭药业	2.23	33.52	0.73	33.52	33.53	47050	303	          0.02	          2.44	32.90	33.60	32.90	32.79	    46.95	157259776	  1.00	中成药	河北	 2.13	33.42	21414	25636	  0.84	182	156	--  	      19244.43	
="002133"	广宇集团	2.20	5.10	0.11	5.10	5.11	91947	947	          0.00	          2.02	5.00	5.13	5.00	4.99	   109.66	46841896	  1.28	全国地产	浙江	 2.61	5.09	45465	46482	  0.98	499	3545	--  	      45524.98	
="600380"	健康元	2.19	7.01	0.15	7.01	7.02	145926	20	          0.28	          0.94	6.88	7.02	6.83	6.86	    27.06	101120168	  0.99	化学制药	深圳	 2.77	6.93	58465	87461	  0.67	154	742	--  	     154583.59	
="600083"	博信股份	2.18	10.29	0.22	10.29	10.30	28293	105	         -0.09	          1.25	10.07	10.35	10.03	10.07	   584.49	29036428	  1.32	元器件	广东	 3.18	10.26	12343	15950	  0.77	126	1158	--  	      22598.08	
="000620"	新华联	2.18	6.55	0.14	6.55	6.56	110746	949	          0.00	          0.69	6.40	6.64	6.37	6.41	    27.05	72524272	  1.26	区域地产	北京	 4.21	6.55	52531	58215	  0.90	288	1078	--  	     159797.06	
="600336"	澳柯玛	2.17	6.11	0.13	6.09	6.10	147254	222	          0.16	          2.17	6.04	6.13	6.00	5.98	    27.41	89632296	  0.74	家用电器	山东	 2.17	6.09	72254	75000	  0.96	380	84	--  	      68007.20	
="600269"	赣粤高速	2.15	3.32	0.07	3.31	3.32	138406	182	          0.00	          0.59	3.26	3.32	3.25	3.25	     9.52	45580996	  0.78	路桥	江西	 2.15	3.29	51972	86434	  0.60	1848	6011	--  	     233540.70	
="600483"	福建南纺	2.15	8.55	0.18	8.55	8.56	43939	859	          0.35	          1.52	8.45	8.57	8.44	8.37	   868.53	37393164	  1.40	纺织	福建	 1.55	8.51	20028	23911	  0.84	903	196	--  	      28848.36	
="000526"	银润投资	2.15	19.98	0.42	19.97	19.98	16660	53	         -0.05	          1.73	19.67	20.10	19.56	19.56	--  	33164626	  0.63	房产服务	福建	 2.76	19.91	7433	9227	  0.81	186	125	--  	       9619.50	
="600209"	罗顿发展	2.14	10.52	0.22	10.51	10.52	189589	1038	          0.28	          5.05	10.25	10.56	10.20	10.30	   704.17	197962464	  1.26	综合类	海南	 3.50	10.44	96144	93445	  1.03	94	34	--  	      37529.76	
="002230"	科大讯飞	2.13	30.64	0.64	30.62	30.64	122672	2729	          0.19	          2.12	30.20	30.64	29.92	30.00	    92.98	371804288	  0.71	软件服务	安徽	 2.40	30.31	59157	63515	  0.93	7	108	--  	      57848.67	
="000816"	江淮动力	2.11	6.28	0.13	6.27	6.28	328042	3473	          0.15	          3.01	6.15	6.31	6.12	6.15	   158.63	205230672	  1.20	机械基件	江苏	 3.09	6.26	136090	191952	  0.71	1585	260	--  	     108877.75	
="300320"	海达股份	2.10	18.96	0.39	18.95	18.96	27386	414	          0.00	          3.96	18.66	19.13	18.50	18.57	    30.62	51591600	  1.36	橡胶	江苏	 3.39	18.84	12768	14618	  0.87	70	18	--  	       6921.29	
="000886"	海南高速	2.07	4.43	0.09	4.43	4.44	149675	3164	          0.00	          1.55	4.34	4.44	4.34	4.34	    48.39	65952616	  0.92	路桥	海南	 2.30	4.41	69237	80438	  0.86	60	3476	--  	      96284.88	
="000429"	粤高速Ａ	2.07	3.95	0.08	3.95	3.96	45226	57	          0.00	          0.97	3.90	3.96	3.89	3.87	    13.93	17809960	  1.10	路桥	广东	 1.81	3.94	19191	26035	  0.74	795	3337	--  	      46788.23	
="300099"	尤洛卡	2.06	13.86	0.28	13.85	13.86	15398	103	          0.07	          1.42	13.52	13.89	13.52	13.58	   174.61	21213586	  0.79	电器仪表	山东	 2.72	13.78	6301	9097	  0.69	97	18	--  	      10838.75	
="002281"	光迅科技	2.06	39.19	0.79	39.19	39.20	21696	204	         -0.02	          1.33	38.45	39.21	38.24	38.40	    45.91	84615480	  0.90	通信设备	湖北	 2.53	39.00	8142	13554	  0.60	63	42	--  	      16283.01	
="600098"	广州发展	2.05	5.47	0.11	5.46	5.47	67861	9	          0.18	          0.28	5.37	5.47	5.37	5.36	    11.57	36898432	  0.94	火力发电	广东	 1.87	5.44	29895	37966	  0.79	975	786	--  	     243737.45	
="600613"	神奇制药	2.05	18.94	0.38	18.94	18.95	20523	10	          0.05	          1.39	18.60	18.97	18.57	18.56	    48.03	38496940	  0.97	中成药	上海	 2.16	18.76	11719	8804	  1.33	13	100	--  	      14769.17	
="600120"	浙江东方	2.03	15.57	0.31	15.56	15.57	243679	15	         -0.12	          4.82	15.31	15.68	15.15	15.26	    13.46	375197792	  1.00	商贸代理	浙江	 3.47	15.40	113003	130676	  0.86	323	145	--  	      50547.33	
="601116"	三江购物	2.02	8.59	0.17	8.59	8.60	35288	10	          0.00	          0.88	8.43	8.61	8.42	8.42	    27.99	30042680	  1.31	超市连锁	浙江	 2.26	8.51	15268	20020	  0.76	436	818	--  	      40189.30	
="002215"	诺 普 信	2.01	10.13	0.20	10.12	10.13	86811	3302	          0.69	          1.68	9.90	10.13	9.77	9.93	    17.43	86680304	  0.96	农药化肥	深圳	 3.63	9.98	39540	47271	  0.84	244	4570	--  	      51575.60	
="000100"	TCL 集团	2.01	3.04	0.06	3.03	3.04	2307011	51520	          0.00	          2.84	2.99	3.04	2.97	2.98	     9.71	695957184	  1.17	家用电器	广东	 2.35	3.02	1029106	1277905	  0.81	81612	130029	--  	     813618.25	
="300082"	奥克股份	2.01	15.23	0.30	15.22	15.23	44492	564	         -0.13	          1.32	15.00	15.39	14.91	14.93	    42.03	67382448	  1.50	化工原料	辽宁	 3.22	15.14	22526	21966	  1.03	172	76	--  	      33692.10	
="002259"	升达林业	2.00	7.13	0.14	7.13	7.14	327485	5672	          0.14	          5.39	6.99	7.20	6.98	6.99	   322.07	232598720	  1.17	家居用品	四川	 3.15	7.10	165033	162452	  1.02	1168	2281	--  	      60716.10	
="002513"	蓝丰生化	2.00	12.75	0.25	12.75	12.76	28177	223	          0.00	          1.32	12.40	12.78	12.34	12.50	   531.28	35680620	  1.03	农药化肥	江苏	 3.52	12.66	12470	15707	  0.79	98	234	--  	      21312.00	
="600116"	三峡水利	1.99	11.76	0.23	11.75	11.76	44444	4	          0.00	          1.66	11.48	11.77	11.48	11.53	    23.20	51892280	  1.07	水力发电	重庆	 2.52	11.68	21614	22830	  0.95	519	89	--  	      26753.32	
="600810"	神马股份	1.99	7.67	0.15	7.68	7.69	69619	5	          0.39	          1.57	7.53	7.68	7.52	7.52	    32.51	52915392	  1.28	化纤	河南	 2.13	7.60	29477	40142	  0.73	819	560	--  	      44228.00	
="000929"	兰州黄河	1.99	10.25	0.20	10.25	10.26	25183	306	          0.00	          1.36	10.05	10.28	10.05	10.05	    31.67	25739738	  0.65	啤酒	甘肃	 2.29	10.22	11721	13462	  0.87	78	30	--  	      18558.80	
="600221"	海南航空	1.98	2.06	0.04	2.06	2.07	1435403	121	          0.00	          1.22	2.01	2.07	2.00	2.02	    25.99	293874688	  1.20	空运	海南	 3.47	2.05	402255	1033148	  0.39	3232	91443	--  	    1181206.38	
="002547"	春兴精工	1.97	16.01	0.31	16.01	16.02	43018	441	          0.00	          2.99	15.68	16.17	15.62	15.70	    44.55	68702296	  1.02	通信设备	江苏	 3.50	15.97	19325	23693	  0.82	909	137	--  	      14378.58	
="600784"	鲁银投资	1.97	6.22	0.12	6.21	6.22	81246	30	          0.32	          1.64	6.10	6.23	6.08	6.10	    62.13	50254008	  0.92	普钢	山东	 2.46	6.19	44845	36401	  1.23	891	1269	--  	      49661.37	
="002202"	金风科技	1.96	11.95	0.23	11.94	11.95	323662	5384	          0.00	          1.51	11.78	11.95	11.67	11.72	    48.69	383730208	  1.41	电气设备	新疆	 2.39	11.86	144849	178813	  0.81	650	3387	--  	     213853.45	
="300180"	华峰超纤	1.96	21.84	0.42	21.84	21.85	23884	45	         -0.04	          2.07	21.50	21.92	21.32	21.42	    31.39	51695740	  1.08	化纤	上海	 2.80	21.64	10319	13565	  0.76	17	249	--  	      11531.30	
="600693"	东百集团	1.96	8.34	0.16	8.34	8.35	27270	73	         -0.11	          0.80	8.15	8.35	8.15	8.18	     8.42	22610096	  0.96	百货	福建	 2.44	8.29	14239	13031	  1.09	27	616	--  	      34216.55	
="600806"	昆明机床	1.95	5.74	0.11	5.74	5.75	91083	100	          0.00	          2.33	5.69	5.85	5.66	5.63	--  	52462424	  0.76	机床制造	云南	 3.37	5.76	50122	40961	  1.22	170	854	--  	      39018.62	
="002110"	三钢闽光	1.95	6.28	0.12	6.28	6.29	80757	563	         -0.15	          1.51	6.15	6.35	6.11	6.16	--  	50336800	  0.74	普钢	福建	 3.90	6.23	38200	42557	  0.90	1127	293	--  	      53470.00	
="600160"	巨化股份	1.94	6.29	0.12	6.28	6.30	215604	65	          0.15	          1.19	6.17	6.33	6.13	6.17	    84.90	134774448	  1.05	化工原料	浙江	 3.24	6.25	98580	117024	  0.84	809	5830	--  	     181091.59	
="000981"	银亿股份	1.92	11.12	0.21	11.12	11.13	34600	241	          0.18	          0.40	10.91	11.20	10.91	10.91	    20.37	38352272	  1.40	区域地产	甘肃	 2.66	11.08	20041	14559	  1.38	302	115	--  	      85810.52	
="600615"	丰华股份	1.92	13.30	0.25	13.29	13.30	44703	5	          0.00	          2.38	13.04	13.37	12.96	13.05	   177.64	58922376	  1.39	区域地产	上海	 3.14	13.18	21475	23228	  0.92	248	19	--  	      18762.44	
="600218"	全柴动力	1.91	13.31	0.25	13.32	13.33	78597	20	          0.15	          2.77	13.22	13.35	13.15	13.06	    57.59	104253760	  1.65	农用机械	安徽	 1.53	13.26	36501	42096	  0.87	167	402	--  	      28340.00	
="600287"	江苏舜天	1.91	9.07	0.17	9.06	9.07	135472	15	          0.44	          3.10	9.01	9.10	8.90	8.90	    47.27	122294136	  0.82	商贸代理	江苏	 2.25	9.03	73302	62170	  1.18	55	376	--  	      43679.60	
="600851"	海欣股份	1.90	8.05	0.15	8.05	8.06	109881	36	          0.12	          1.49	7.96	8.08	7.91	7.90	   238.67	88096880	  1.04	纺织	上海	 2.15	8.02	51810	58071	  0.89	105	759	--  	      73820.60	
="000860"	顺鑫农业	1.89	17.24	0.32	17.23	17.24	55928	563	          0.11	          1.28	16.95	17.30	16.95	16.92	    26.12	95980296	  1.02	农业综合	北京	 2.07	17.16	26405	29523	  0.89	462	400	--  	      43852.50	
="002680"	黄海机械	1.88	34.62	0.64	34.60	34.62	9647	296	          0.17	          4.02	33.98	34.63	33.50	33.98	   143.89	32901338	  0.79	工程机械	江苏	 3.33	34.10	4809	4838	  0.99	34	9	--  	       2399.22	
="000078"	海王生物	1.88	10.30	0.19	10.29	10.30	281725	2989	          0.09	          3.86	10.05	10.32	10.03	10.11	    71.19	288450432	  0.95	生物制药	深圳	 2.87	10.24	135946	145779	  0.93	2052	3380	--  	      73076.79	
="600993"	马应龙	1.85	21.42	0.39	21.38	21.40	73580	5	          0.18	          2.22	20.95	21.50	20.91	21.03	    29.61	156498880	  1.23	中成药	湖北	 2.81	21.27	38198	35382	  1.08	1	875	--  	      33087.71	
="300303"	聚飞光电	1.85	19.86	0.36	19.85	19.86	41662	167	          0.30	          2.92	19.55	19.97	19.55	19.50	    32.11	82582976	  1.75	半导体	深圳	 2.15	19.82	21088	20574	  1.02	327	49	--  	      14272.04	
="002002"	鸿达兴业	1.84	11.60	0.21	11.59	11.60	35236	2966	          0.78	          1.51	11.59	11.60	11.39	11.39	    29.28	40512420	  0.96	塑料	广东	 1.84	11.50	14806	20430	  0.72	95	390	--  	      23365.13	
="000035"	中国天楹	1.82	13.44	0.24	13.44	13.45	39013	533	          0.14	          2.06	13.25	13.48	13.20	13.20	    62.86	52064436	  1.12	通信设备	深圳	 2.12	13.35	18977	20036	  0.95	243	479	--  	      18895.36	
="000748"	长城信息	1.81	28.70	0.51	28.64	28.70	32269	223	          0.20	          0.86	28.05	28.70	28.05	28.19	   126.10	91407288	  0.97	电脑设备	湖南	 2.31	28.33	12314	19955	  0.62	4	35	--  	      37556.21	
="600062"	华润双鹤	1.81	21.39	0.38	21.43	21.44	142165	1	          0.23	          2.49	20.70	21.43	20.55	21.01	    19.39	300209472	  1.09	化学制药	北京	 4.19	21.12	67433	74732	  0.90	269	36	--  	      57169.58	
="002370"	亚太药业	1.77	16.68	0.29	16.68	16.69	17917	134	          0.00	          1.24	16.45	16.75	16.40	16.39	    91.21	29656364	  0.87	化学制药	浙江	 2.14	16.55	9098	8819	  1.03	22	330	--  	      14417.91	
="600138"	中青旅	1.75	16.27	0.28	16.27	16.28	148183	18	          0.18	          2.38	16.00	16.31	15.94	15.99	    30.68	239447008	  1.20	旅游服务	北京	 2.31	16.16	70409	77774	  0.91	56	267	--  	      62302.50	
="600535"	天士力	1.75	41.35	0.71	41.32	41.34	66865	3	          0.12	          0.65	40.75	41.40	40.54	40.64	    28.09	273543456	  1.25	中成药	天津	 2.12	40.91	30919	35946	  0.86	22	3	--  	     103284.27	
="002399"	海普瑞	1.74	27.50	0.47	27.50	27.51	43673	707	          0.03	          0.55	27.03	27.65	26.90	27.03	   100.00	119323856	  0.93	化学制药	深圳	 2.77	27.32	21189	22484	  0.94	161	90	--  	      80020.00	
="002457"	青龙管业	1.74	9.95	0.17	9.95	9.96	66451	949	          0.10	          2.62	9.78	9.98	9.78	9.78	    43.44	65742576	  0.93	塑料	宁夏	 2.04	9.89	27755	38696	  0.72	191	200	--  	      25365.41	
="600712"	南宁百货	1.74	5.27	0.09	5.27	5.28	75499	130	         -0.18	          1.40	5.20	5.29	5.17	5.18	   188.18	39604792	  0.59	百货	广西	 2.32	5.25	33643	41856	  0.80	1182	228	--  	      53772.91	
="000912"	泸 天 化	1.74	6.45	0.11	6.44	6.45	100096	806	          0.15	          3.75	6.28	6.49	6.27	6.34	--  	63869620	  0.56	农药化肥	四川	 3.47	6.38	51684	48412	  1.07	510	8489	--  	      26715.00	
="002291"	星期六	1.72	8.26	0.14	8.25	8.26	61226	436	          0.00	          1.69	8.12	8.28	8.08	8.12	    45.03	50196924	  1.78	服饰	广东	 2.46	8.20	25868	35358	  0.73	120	622	--  	      36335.00	
="300229"	拓尔思	1.70	26.93	0.45	26.92	26.93	54105	473	          0.29	          2.64	26.50	26.96	26.19	26.48	   133.45	144236640	  1.79	软件服务	北京	 2.91	26.66	25851	28254	  0.91	11	147	--  	      20488.22	
="000601"	韶能股份	1.70	5.39	0.09	5.39	5.40	130300	1624	          0.00	          1.31	5.31	5.40	5.29	5.30	    16.44	69701920	  0.85	火力发电	广东	 2.08	5.35	64932	65368	  0.99	3273	4523	--  	      99398.67	
="600530"	交大昂立	1.69	10.23	0.17	10.22	10.23	33188	5	          0.29	          1.06	10.05	10.25	10.00	10.06	    69.19	33743848	  0.92	生物制药	上海	 2.49	10.17	14148	19040	  0.74	33	13	--  	      31200.00	
="000731"	四川美丰	1.68	8.47	0.14	8.47	8.48	168172	1575	          0.11	          2.84	8.34	8.47	8.30	8.33	--  	141227472	  1.49	农药化肥	四川	 2.04	8.40	99805	68367	  1.46	1311	1793	--  	      59134.76	
="002393"	力生制药	1.68	33.96	0.56	33.96	33.97	14674	100	         -0.05	          0.81	33.49	34.10	33.49	33.40	    32.65	49618640	  1.05	化学制药	天津	 1.83	33.81	6138	8536	  0.72	109	28	--  	      18165.82	
="002534"	杭锅股份	1.58	18.64	0.29	18.64	18.65	32955	597	          0.10	          0.84	18.26	18.70	18.20	18.35	    58.11	60889952	  1.03	专用机械	浙江	 2.72	18.48	14321	18634	  0.77	130	147	--  	      39168.26	
="300203"	聚光科技	1.58	21.86	0.34	21.86	21.87	70770	821	          0.04	          1.59	21.51	21.94	21.00	21.52	    66.34	152538496	  0.53	电器仪表	浙江	 4.37	21.55	33842	36928	  0.92	133	36	--  	      44500.00	
="000543"	皖能电力	1.56	7.79	0.12	7.78	7.79	200061	1710	          0.25	          1.95	7.55	7.80	7.48	7.67	     8.58	153145616	  1.48	火力发电	安徽	 4.17	7.65	99527	100534	  0.99	1381	330	--  	     102515.75	
="000593"	大通燃气	1.56	8.46	0.13	8.45	8.46	44522	323	         -0.11	          1.99	8.39	8.51	8.33	8.33	   228.44	37410956	  1.13	供气供热	四川	 2.16	8.40	21331	23191	  0.92	301	137	--  	      22317.48	
="300294"	博雅生物	1.53	66.99	1.01	66.98	66.99	7458	111	          0.11	          2.34	66.50	66.99	65.15	65.98	    53.66	49359192	  0.76	生物制药	江西	 2.79	66.18	3486	3972	  0.88	115	118	--  	       3188.44	
="601311"	骆驼股份	1.52	15.33	0.23	15.33	15.34	129904	68	          0.00	          1.54	15.20	15.38	15.07	15.10	    20.95	197372000	  1.53	电气设备	湖北	 2.05	15.19	57189	72715	  0.79	84	99	--  	      84461.57	
="002302"	西部建设	1.49	12.30	0.18	12.29	12.30	43881	242	          0.00	          1.62	12.11	12.34	12.10	12.12	    27.92	53695108	  1.22	水泥	新疆	 1.98	12.24	20642	23239	  0.89	252	391	--  	      27091.33	
="600800"	天津磁卡	1.48	7.56	0.11	7.56	7.57	287617	105	         -0.13	          4.71	7.53	7.79	7.50	7.45	--  	218682896	  0.97	综合类	天津	 3.89	7.60	140407	147210	  0.95	525	1666	--  	      61031.10	
="002035"	华帝股份	1.47	13.10	0.19	13.10	13.11	81454	373	         -0.07	          2.74	12.92	13.12	12.76	12.91	    17.46	105228736	  1.25	家用电器	广东	 2.79	12.92	36020	45434	  0.79	3	234	--  	      29677.21	
="002026"	山东威达	1.44	10.56	0.15	10.55	10.56	64189	763	          0.00	          2.81	10.45	10.61	10.28	10.41	    31.45	67251368	  2.60	机械基件	山东	 3.17	10.48	26266	37923	  0.69	544	380	--  	      22815.00	
="601700"	风范股份	1.41	15.78	0.22	15.78	15.79	33258	10	         -0.06	          1.41	15.57	15.80	15.42	15.56	    34.84	51941980	  1.07	电气设备	江苏	 2.44	15.62	18913	14345	  1.32	50	84	--  	      23576.84	
="002031"	巨轮股份	1.41	12.20	0.17	12.19	12.20	161896	2760	          1.07	          3.95	12.16	12.49	11.90	12.03	    34.83	195540800	  1.28	汽车配件	广东	 4.90	12.08	85233	76663	  1.11	50	833	--  	      40972.19	
="002269"	美邦服饰	1.39	10.95	0.15	10.95	10.96	145132	1082	         -0.09	          1.44	10.77	10.99	10.77	10.80	    30.95	158094016	  0.64	服饰	上海	 2.04	10.89	76408	68724	  1.11	2102	1991	--  	     100500.00	
="002041"	登海种业	1.38	33.75	0.46	33.74	33.75	21092	251	          0.00	          0.64	33.44	33.79	33.20	33.29	    36.37	70535768	  1.06	种植业	山东	 1.77	33.44	9014	12078	  0.75	18	74	--  	      32943.82	
="002398"	建研集团	1.38	16.88	0.23	16.88	16.89	60385	807	          0.11	          3.16	16.67	16.99	16.67	16.65	    19.80	101662640	  0.99	建筑施工	福建	 1.92	16.84	28963	31422	  0.92	340	131	--  	      19113.78	
="601258"	庞大集团	1.38	5.89	0.08	5.89	5.90	162748	3	          0.00	          0.62	5.81	5.90	5.80	5.81	   176.41	95408128	  0.41	汽车服务	河北	 1.72	5.86	83116	79632	  1.04	213	1605	--  	     262150.00	
="002220"	天宝股份	1.36	8.17	0.11	8.16	8.17	51106	390	          0.12	          1.31	8.03	8.19	8.03	8.06	    25.51	41540128	  1.05	食品	辽宁	 1.99	8.13	22803	28303	  0.81	437	627	--  	      38948.12	
="600179"	黑化股份	1.36	7.46	0.10	7.43	7.45	167789	4	          0.13	          4.30	7.35	7.48	7.14	7.36	--  	121709552	  1.34	焦炭加工	黑龙江	 4.62	7.25	75764	92025	  0.82	228	14	--  	      39000.00	
="300204"	舒泰神	1.36	29.90	0.40	29.89	29.90	24643	276	         -0.13	          1.05	29.52	30.30	29.22	29.50	    43.57	73819920	  1.37	生物制药	北京	 3.66	29.95	11007	13636	  0.81	12	71	--  	      23575.42	
="600515"	海岛建设	1.34	9.10	0.12	9.09	9.10	111045	29	          0.11	          3.76	8.89	9.14	8.87	8.98	   146.43	100432296	  1.62	百货	海南	 3.01	9.04	51467	59578	  0.86	1409	564	--  	      29556.00	
="002020"	京新药业	1.32	20.70	0.27	20.69	20.70	15618	65	         -0.14	          0.81	20.39	20.75	20.16	20.43	    49.82	32100512	  0.90	化学制药	浙江	 2.89	20.55	7317	8301	  0.88	5	91	--  	      19382.21	
="601880"	大连港	1.32	3.84	0.05	3.83	3.84	773120	123	          0.26	          2.30	3.86	3.93	3.79	3.79	    29.88	296096864	  1.28	港口	辽宁	 3.69	3.83	439908	333212	  1.32	5156	18134	--  	     336340.00	
="002702"	海欣食品	1.31	19.30	0.25	19.30	19.31	28551	335	          0.00	          4.68	19.05	19.30	18.80	19.05	--  	54588104	  1.40	食品	福建	 2.62	19.12	13014	15537	  0.84	119	40	--  	       6100.00	
="002471"	中超电缆	1.29	12.54	0.16	12.54	12.55	65863	258	          0.15	          1.37	12.48	12.73	12.32	12.38	    53.45	82598896	  1.00	电气设备	江苏	 3.31	12.54	33889	31974	  1.06	99	855	--  	      48012.35	
="600306"	*ST商城	1.28	11.09	0.14	11.06	11.10	18707	53	         -0.35	          1.06	10.81	11.27	10.81	10.95	--  	20787344	  0.84	百货	辽宁	 4.20	11.11	9085	9622	  0.94	14	147	--  	      17727.78	
="600153"	建发股份	1.26	7.22	0.09	7.22	7.23	653453	419	          0.27	          2.30	7.31	7.36	7.02	7.13	    10.20	468485056	  0.77	商贸代理	福建	 4.77	7.17	365350	288103	  1.27	1047	1881	--  	     283520.06	
="601007"	金陵饭店	1.26	11.29	0.14	11.30	11.33	66864	49	          0.17	          2.23	11.25	11.46	11.10	11.15	   108.67	75532856	  0.99	酒店餐饮	江苏	 3.23	11.30	30363	36501	  0.83	23	104	--  	      30000.00	
="002479"	富春环保	1.25	9.74	0.12	9.74	9.75	172963	878	         -0.10	          2.36	9.56	9.80	9.49	9.62	    39.40	166906304	  1.52	火力发电	浙江	 3.22	9.65	79569	93394	  0.85	1779	1160	--  	      73141.99	
="600125"	铁龙物流	1.21	7.52	0.09	7.51	7.52	473114	5	          0.13	          3.62	7.42	7.58	7.34	7.43	    27.74	352813344	  1.39	铁路	辽宁	 3.23	7.46	235633	237481	  0.99	541	822	--  	     130552.18	
="000877"	天山股份	1.17	6.90	0.08	6.89	6.90	172928	2368	          0.14	          1.97	6.82	6.91	6.80	6.82	    14.83	118694240	  1.47	水泥	新疆	 1.61	6.86	75491	97437	  0.77	3164	878	--  	      88001.99	
="300346"	南大光电	1.14	38.89	0.44	38.89	38.90	16656	151	          0.02	          4.65	38.55	39.48	38.47	38.45	    82.22	64828036	  1.12	半导体	江苏	 2.63	38.92	8918	7738	  1.15	44	133	--  	       3584.05	
="600727"	鲁北化工	1.14	6.21	0.07	6.20	6.21	191492	6	          0.32	          5.46	6.11	6.27	6.07	6.14	   168.66	118144440	  1.21	农药化肥	山东	 3.26	6.17	103290	88202	  1.17	168	137	--  	      35092.66	
="600375"	华菱星马	1.11	12.73	0.14	12.71	12.73	206958	8	          0.07	          4.16	12.60	12.84	12.46	12.59	    39.06	262242800	  1.63	汽车整车	安徽	 3.02	12.67	93537	113421	  0.82	366	105	--  	      49788.89	
="600276"	恒瑞医药	1.10	39.42	0.43	39.42	39.48	59366	47	         -0.10	          0.40	38.87	39.60	38.70	38.99	    39.01	232941968	  1.58	化学制药	江苏	 2.31	39.24	23909	35457	  0.67	68	52	--  	     149624.31	
="600097"	开创国际	1.09	13.91	0.15	13.89	13.90	23982	16	          0.07	          2.08	13.76	14.08	13.76	13.76	    37.17	33387592	  1.09	渔业	上海	 2.33	13.92	12502	11480	  1.09	285	28	--  	      11544.99	
="000613"	大东海A	1.07	7.56	0.08	7.55	7.56	75882	1177	          0.13	          2.91	7.48	7.60	7.35	7.48	--  	56815880	  1.06	旅游服务	海南	 3.34	7.49	35113	40769	  0.86	437	1873	--  	      26056.48	
="600781"	辅仁药业	1.07	21.75	0.23	21.73	21.75	36113	66	          0.04	          2.03	21.42	21.86	21.30	21.52	   139.39	77984952	  0.92	中成药	河南	 2.60	21.59	18133	17980	  1.01	25	185	--  	      17759.28	
="600496"	精工钢构	1.06	9.55	0.10	9.54	9.55	83715	50	          0.42	          1.43	9.46	9.63	9.40	9.45	    19.76	79689576	  1.20	钢加工	安徽	 2.43	9.52	41844	41871	  1.00	468	909	--  	      58656.60	
="600354"	敦煌种业	1.05	7.70	0.08	7.70	7.71	98373	80	          0.00	          2.20	7.65	7.73	7.55	7.62	--  	75424928	  1.16	种植业	甘肃	 2.36	7.67	42700	55673	  0.77	363	753	--  	      44780.21	
="000900"	现代投资	0.99	6.14	0.06	6.14	6.15	510392	4975	         -0.16	          5.05	6.07	6.21	5.93	6.08	    17.87	309518432	  0.99	路桥	湖南	 4.61	6.06	263510	246882	  1.07	4065	2955	--  	     101128.75	
="600895"	张江高科	0.98	8.27	0.08	8.27	8.28	277289	432	          0.00	          1.79	8.20	8.34	8.11	8.19	    61.02	227966160	  1.90	园区开发	上海	 2.81	8.22	129736	147553	  0.88	879	2338	--  	     154868.95	
="000998"	隆平高科	0.96	17.96	0.17	17.96	17.97	186225	3052	          0.00	          2.24	17.78	18.04	17.65	17.79	    67.76	332878048	  1.45	种植业	湖南	 2.19	17.87	84921	101304	  0.84	337	1398	--  	      83123.59	
="002169"	智光电气	0.93	10.85	0.10	10.84	10.85	237752	2894	          0.09	          9.67	11.00	11.00	10.61	10.75	    97.76	257879728	  1.64	电气设备	广东	 3.63	10.85	112308	125444	  0.90	183	702	--  	      24588.78	
="002208"	合肥城建	0.93	8.72	0.08	8.71	8.72	27349	461	          0.22	          0.86	8.64	8.74	8.53	8.64	    37.53	23687746	  0.77	区域地产	安徽	 2.43	8.66	13529	13820	  0.98	346	206	--  	      31671.60	
="002384"	东山精密	0.90	14.55	0.13	14.55	14.56	42867	331	          0.48	          0.95	14.42	14.81	14.41	14.42	   254.23	62556436	  0.98	通信设备	江苏	 2.77	14.59	25976	16891	  1.54	350	36	--  	      45272.80	
="600731"	湖南海利	0.80	8.83	0.07	8.84	8.85	94990	31	          0.11	          3.72	8.76	8.88	8.64	8.76	   308.25	83532752	  1.47	农药化肥	湖南	 2.74	8.79	49716	45274	  1.10	129	1276	--  	      25557.66	
="002595"	豪迈科技	0.79	27.97	0.22	27.97	27.98	30231	278	         -0.03	          1.35	27.76	28.15	27.76	27.75	    21.98	84479200	  1.37	专用机械	山东	 1.41	27.94	16476	13755	  1.20	24	233	--  	      22461.53	
="600589"	广东榕泰	0.76	6.61	0.05	6.61	6.62	144454	50	          0.00	          2.40	6.59	6.68	6.51	6.56	    55.88	95308520	  1.35	塑料	广东	 2.59	6.60	75886	68568	  1.11	50	1222	--  	      60173.00	
="000902"	新洋丰	0.69	14.60	0.10	14.59	14.60	73451	668	          0.06	          2.85	14.53	14.65	14.32	14.50	    15.32	106687824	  0.79	农药化肥	湖北	 2.28	14.53	38819	34632	  1.12	460	919	--  	      25800.00	
="300142"	沃森生物	0.68	43.15	0.29	43.15	43.16	7467	36	         -0.06	          0.45	43.10	43.28	42.62	42.86	--  	32144016	  0.46	生物制药	云南	 1.54	43.05	3021	4446	  0.68	7	1	--  	      16605.85	
="600792"	云煤能源	0.64	12.58	0.08	12.58	12.59	54051	32	          0.55	          1.35	12.43	12.62	12.31	12.50	   571.74	67459912	  1.60	焦炭加工	云南	 2.48	12.48	25855	28196	  0.92	140	81	--  	      40022.50	
="600478"	科力远	0.43	25.88	0.11	25.86	25.89	55223	11	         -0.07	          1.17	25.91	25.95	25.55	25.77	  1380.45	142526256	  0.77	元器件	湖南	 1.55	25.81	27683	27540	  1.01	8	127	--  	      47223.51	
="002168"	深圳惠程	0.20	9.78	0.02	9.78	9.79	227364	2489	         -0.10	          4.00	9.80	9.95	9.68	9.76	--  	222682848	  0.69	电气设备	深圳	 2.77	9.79	114163	113201	  1.01	1806	4578	--  	      56803.58	
="600012"	皖通高速	0.20	5.06	0.01	5.05	5.06	78907	685	         -0.19	          0.68	5.04	5.17	5.04	5.05	     9.57	39896572	  1.58	路桥	安徽	 2.57	5.06	49145	29762	  1.65	19	110	--  	     116560.00	
="002316"	键桥通讯	0.17	12.05	0.02	12.05	12.07	72766	702	          0.00	          1.85	12.07	12.22	11.80	12.03	   155.19	87460792	  1.98	软件服务	深圳	 3.49	12.02	45093	27673	  1.63	907	134	--  	      39267.76	
="601928"	凤凰传媒	0.00	10.71	0.00	--  	--  	0	0	          0.00	          0.00	--  	--  	--  	10.71	    23.65	0	  0.00	出版业	江苏	 0.00	10.71	0	0	--  	0	0	--  	      65788.35	
="600986"	科达股份	0.00	7.05	0.00	--  	--  	0	0	          0.00	          0.00	--  	--  	--  	7.05	    95.92	0	  0.00	建筑施工	山东	 0.00	7.05	0	0	--  	0	0	--  	      33526.96	
="600981"	汇鸿股份	0.00	4.21	0.00	--  	--  	0	0	          0.00	          0.00	--  	--  	--  	4.21	    91.20	0	  0.00	商贸代理	江苏	 0.00	4.21	0	0	--  	0	0	--  	      51610.64	
="600876"	洛阳玻璃	0.00	7.24	0.00	--  	--  	0	0	          0.00	          0.00	--  	--  	--  	7.24	    56.10	0	  0.00	玻璃	河南	 0.00	7.24	0	0	--  	0	0	--  	      25001.82	
="600847"	万里股份	0.00	18.19	0.00	--  	--  	0	0	          0.00	          0.00	--  	--  	--  	18.19	   644.02	0	  0.00	电气设备	重庆	 0.00	18.19	0	0	--  	0	0	--  	      13316.49	
="600749"	西藏旅游	0.00	12.18	0.00	--  	--  	0	0	          0.00	          0.00	--  	--  	--  	12.18	--  	0	  0.00	旅游景点	西藏	 0.00	12.18	0	0	--  	0	0	--  	      18913.78	
="600575"	皖江物流	0.00	4.11	0.00	--  	--  	0	0	          0.00	          0.00	--  	--  	--  	4.11	    69.90	0	  0.00	港口	安徽	 0.00	4.11	0	0	--  	0	0	--  	     142320.00	
="600569"	安阳钢铁	0.00	2.32	0.00	--  	--  	0	0	          0.00	          0.00	--  	--  	--  	2.32	    58.76	0	  0.00	普钢	河南	 0.00	2.32	0	0	--  	0	0	--  	     239368.45	
="600532"	宏达矿业	0.00	9.75	0.00	--  	--  	0	0	          0.00	          0.00	--  	--  	--  	9.75	    31.26	0	  0.00	普钢	山东	 0.00	9.75	0	0	--  	0	0	--  	      16510.25	
="600517"	置信电气	0.00	12.45	0.00	--  	--  	0	0	          0.00	          0.00	--  	--  	--  	12.45	    80.24	0	  0.00	电气设备	上海	 0.00	12.45	0	0	--  	0	0	--  	     111366.89	
="600497"	驰宏锌锗	0.00	10.39	0.00	--  	--  	0	0	          0.00	          0.00	--  	--  	--  	10.39	    84.98	0	  0.00	铅锌	云南	 0.00	10.39	0	0	--  	0	0	--  	     166756.09	
="600400"	红豆股份	0.00	5.69	0.00	--  	--  	0	0	          0.00	          0.00	--  	--  	--  	5.69	   103.21	0	  0.00	服饰	江苏	 0.00	5.69	0	0	--  	0	0	--  	      56039.96	
="600369"	西南证券	0.00	10.54	0.00	--  	--  	0	0	          0.00	          0.00	--  	--  	--  	10.54	    25.05	0	  0.00	证券	重庆	 0.00	10.54	0	0	--  	0	0	--  	     232255.45	
="600365"	通葡股份	0.00	11.38	0.00	--  	--  	0	0	          0.00	          0.00	--  	--  	--  	11.38	   755.95	0	  0.00	红黄药酒	吉林	 0.00	11.38	0	0	--  	0	0	--  	      14000.00	
="600318"	巢东股份	0.00	11.20	0.00	--  	--  	0	0	          0.00	          0.00	--  	--  	--  	11.20	    13.31	0	  0.00	水泥	安徽	 0.00	11.20	0	0	--  	0	0	--  	      24200.00	
="600241"	时代万恒	0.00	8.28	0.00	--  	--  	0	0	          0.00	          0.00	--  	--  	--  	8.28	--  	0	  0.00	商贸代理	辽宁	 0.00	8.28	0	0	--  	0	0	--  	      18020.00	
="600105"	永鼎股份	0.00	9.86	0.00	--  	--  	0	0	          0.00	          0.00	--  	--  	--  	9.86	    17.13	0	  0.00	通信设备	江苏	 0.00	9.86	0	0	--  	0	0	--  	      38095.46	
="600103"	青山纸业	0.00	3.66	0.00	--  	--  	0	0	          0.00	          0.00	--  	--  	--  	3.66	    60.41	0	  0.00	造纸	福建	 0.00	3.66	0	0	--  	0	0	--  	     106184.15	
="600091"	ST明科	0.00	7.02	0.00	--  	--  	0	0	          0.00	          0.00	--  	--  	--  	7.02	--  	0	  0.00	化工原料	内蒙	 0.00	7.02	0	0	--  	0	0	--  	      33652.60	
="600090"	啤酒花	0.00	8.13	0.00	--  	--  	0	0	          0.00	          0.00	--  	--  	--  	8.13	    50.77	0	  0.00	啤酒	新疆	 0.00	8.13	0	0	--  	0	0	--  	      36791.66	
="300332"	天壕节能	--  	0.00	--  	--  	--  	0	0	--  	          0.00	--  	--  	--  	14.06	    40.57	0	  0.00	环境保护	北京	 0.00	14.06	0	0	--  	0	0	--  	      22666.75	
="300230"	永利带业	--  	0.00	--  	--  	--  	0	0	--  	          0.00	--  	--  	--  	9.63	    29.42	0	  0.00	塑料	上海	 0.00	9.63	0	0	--  	0	0	--  	      10127.07	
="300194"	福安药业	--  	0.00	--  	--  	--  	0	0	--  	          0.00	--  	--  	--  	21.58	   106.56	0	  0.00	化学制药	重庆	 0.00	21.58	0	0	--  	0	0	--  	      12880.26	
="300189"	神农大丰	--  	0.00	--  	--  	--  	0	0	--  	          0.00	--  	--  	--  	7.86	--  	0	  0.00	种植业	海南	 0.00	7.86	0	0	--  	0	0	--  	      33498.87	
="300072"	三聚环保	--  	0.00	--  	--  	--  	0	0	--  	          0.00	--  	--  	--  	27.13	    36.92	0	  0.00	化工原料	北京	 0.00	27.13	0	0	--  	0	0	--  	      45855.16	
="300013"	新宁物流	--  	0.00	--  	--  	--  	0	0	--  	          0.00	--  	--  	--  	9.26	   131.57	0	  0.00	仓储物流	江苏	 0.00	9.26	0	0	--  	0	0	--  	      18000.00	
="002608"	舜天船舶	--  	0.00	--  	--  	--  	0	0	--  	          0.00	--  	--  	--  	12.79	    86.27	0	  0.00	船舶	江苏	 0.00	12.79	0	0	--  	0	0	--  	      32855.16	
="002558"	世纪游轮	--  	0.00	--  	--  	--  	0	0	--  	          0.00	--  	--  	--  	31.65	   796.05	0	  0.00	旅游服务	重庆	 0.00	31.65	0	0	--  	0	0	--  	       3244.39	
="002537"	海立美达	--  	0.00	--  	--  	--  	0	0	--  	          0.00	--  	--  	--  	19.19	    89.02	0	  0.00	机械基件	山东	 0.00	19.19	0	0	--  	0	0	--  	      15000.00	
="002529"	海源机械	--  	0.00	--  	--  	--  	0	0	--  	          0.00	--  	--  	--  	15.03	--  	0	  0.00	专用机械	福建	 0.00	15.03	0	0	--  	0	0	--  	      15608.25	
="002509"	天广消防	--  	0.00	--  	--  	--  	0	0	--  	          0.00	--  	--  	--  	12.27	    49.43	0	  0.00	专用机械	福建	 0.00	12.27	0	0	--  	0	0	--  	      23109.89	
="002485"	希努尔	--  	0.00	--  	--  	--  	0	0	--  	          0.00	--  	--  	--  	10.13	--  	0	  0.00	服饰	山东	 0.00	10.13	0	0	--  	0	0	--  	      32000.00	
="002483"	润邦股份	--  	0.00	--  	--  	--  	0	0	--  	          0.00	--  	--  	--  	12.22	    35.76	0	  0.00	工程机械	江苏	 0.00	12.22	0	0	--  	0	0	--  	      29250.00	
="002450"	康得新	--  	0.00	--  	--  	--  	0	0	--  	          0.00	--  	--  	--  	32.67	    33.05	0	  0.00	化工原料	江苏	 0.00	32.67	0	0	--  	0	0	--  	      94531.45	
="002426"	胜利精密	--  	0.00	--  	--  	--  	0	0	--  	          0.00	--  	--  	--  	11.26	    68.93	0	  0.00	元器件	江苏	 0.00	11.26	0	0	--  	0	0	--  	      35306.58	
="002324"	普利特	--  	0.00	--  	--  	--  	0	0	--  	          0.00	--  	--  	--  	19.90	    26.33	0	  0.00	塑料	上海	 0.00	19.90	0	0	--  	0	0	--  	      15582.66	
="002323"	中联电气	--  	0.00	--  	--  	--  	0	0	--  	          0.00	--  	--  	--  	21.95	   122.80	0	  0.00	电气设备	江苏	 0.00	21.95	0	0	--  	0	0	--  	       8350.16	
="002224"	三 力 士	0.00	8.59	0.00	8.58	8.59	212836	2843	          0.23	          4.82	8.63	8.64	8.41	8.59	    31.40	181083648	  2.13	橡胶	浙江	 2.68	8.51	119763	93073	  1.29	941	1826	--  	      44120.33	
="002103"	广博股份	--  	0.00	--  	--  	--  	0	0	--  	          0.00	--  	--  	--  	10.18	   196.01	0	  0.00	文教休闲	浙江	 0.00	10.18	0	0	--  	0	0	--  	      17095.44	
="002084"	海鸥卫浴	--  	0.00	--  	--  	--  	0	0	--  	          0.00	--  	--  	--  	7.60	    89.04	0	  0.00	家居用品	广东	 0.00	7.60	0	0	--  	0	0	--  	      40605.57	
="002044"	江苏三友	--  	0.00	--  	--  	--  	0	0	--  	          0.00	--  	--  	--  	10.04	    43.13	0	  0.00	服饰	江苏	 0.00	10.04	0	0	--  	0	0	--  	      22410.00	
="002036"	宜科科技	--  	0.00	--  	--  	--  	0	0	--  	          0.00	--  	--  	--  	10.86	   153.77	0	  0.00	服饰	浙江	 0.00	10.86	0	0	--  	0	0	--  	      19791.78	
="002013"	中航机电	--  	0.00	--  	--  	--  	0	0	--  	          0.00	--  	--  	--  	22.15	    43.52	0	  0.00	汽车配件	湖北	 0.00	22.15	0	0	--  	0	0	--  	      29285.81	
="002009"	天奇股份	--  	0.00	--  	--  	--  	0	0	--  	          0.00	--  	--  	--  	16.30	    47.89	0	  0.00	工程机械	江苏	 0.00	16.30	0	0	--  	0	0	--  	      25991.22	
="002006"	*ST精功	--  	0.00	--  	--  	--  	0	0	--  	          0.00	--  	--  	--  	8.75	   155.21	0	  0.00	工程机械	浙江	 0.00	8.75	0	0	--  	0	0	--  	      43677.89	
="000920"	南方汇通	--  	0.00	--  	--  	--  	0	0	--  	          0.00	--  	--  	--  	13.23	    31.50	0	  0.00	运输设备	贵州	 0.00	13.23	0	0	--  	0	0	--  	      42200.00	
="000796"	易食股份	--  	0.00	--  	--  	--  	0	0	--  	          0.00	--  	--  	--  	7.23	    95.94	0	  0.00	食品	陕西	 0.00	7.23	0	0	--  	0	0	--  	      24652.30	
="000795"	太原刚玉	--  	0.00	--  	--  	--  	0	0	--  	          0.00	--  	--  	--  	10.92	--  	0	  0.00	矿物制品	山西	 0.00	10.92	0	0	--  	0	0	--  	      27679.44	
="000710"	天兴仪表	--  	0.00	--  	--  	--  	0	0	--  	          0.00	--  	--  	--  	13.60	--  	0	  0.00	汽车配件	四川	 0.00	13.60	0	0	--  	0	0	--  	      15120.00	
="000668"	荣丰控股	--  	0.00	--  	--  	--  	0	0	--  	          0.00	--  	--  	--  	13.98	--  	0	  0.00	区域地产	上海	 0.00	13.98	0	0	--  	0	0	--  	      14668.41	
="000627"	天茂集团	--  	0.00	--  	--  	--  	0	0	--  	          0.00	--  	--  	--  	4.10	    15.68	0	  0.00	化工原料	湖北	 0.00	4.10	0	0	--  	0	0	--  	     135358.98	
="000563"	陕国投Ａ	--  	0.00	--  	--  	--  	0	0	--  	          0.00	--  	--  	--  	8.18	    22.63	0	  0.00	多元金融	陕西	 0.00	8.18	0	0	--  	0	0	--  	      75266.72	
="000533"	万 家 乐	--  	0.00	--  	--  	--  	0	0	--  	          0.00	--  	--  	--  	5.97	    35.25	0	  0.00	家用电器	广东	 0.00	5.97	0	0	--  	0	0	--  	      68487.71	
="000498"	山东路桥	--  	0.00	--  	--  	--  	0	0	--  	          0.00	--  	--  	--  	4.64	    28.22	0	  0.00	建筑施工	山东	 0.00	4.64	0	0	--  	0	0	--  	      35417.01	
="000415"	渤海租赁	--  	0.00	--  	--  	--  	0	0	--  	          0.00	--  	--  	--  	10.28	    19.77	0	  0.00	多元金融	新疆	 0.00	10.28	0	0	--  	0	0	--  	     126917.42	
="000090"	天健集团	--  	0.00	--  	--  	--  	0	0	--  	          0.00	--  	--  	--  	8.44	    25.79	0	  0.00	建筑施工	深圳	 0.00	8.44	0	0	--  	0	0	--  	      55253.07	
="600707"	彩虹股份	-0.09	11.13	-0.01	11.14	11.15	228949	40	         -0.17	          3.12	11.17	11.20	10.83	11.14	--  	252917792	  0.87	元器件	陕西	 3.32	11.05	118818	110131	  1.08	384	1677	--  	      73471.77	
="000661"	长春高新	-0.11	102.22	-0.11	102.22	102.26	12805	127	         -0.02	          0.98	102.45	103.18	101.52	102.33	    59.51	130828288	  0.87	生物制药	吉林	 1.62	102.16	7070	5735	  1.23	9	3	--  	      13132.37	
="002690"	美亚光电	-0.17	46.72	-0.08	46.71	46.72	24356	91	          0.04	          2.20	46.00	47.20	45.00	46.80	    73.94	112212616	  1.88	专用机械	安徽	 4.70	46.07	14614	9742	  1.50	11	130	--  	      11095.95	
="000545"	金浦钛业	-0.21	13.97	-0.03	13.97	13.98	84704	1387	         -0.21	          5.42	14.10	14.10	13.74	14.00	   100.32	117878736	  0.81	化工原料	吉林	 2.57	13.92	42707	41997	  1.02	267	387	--  	      15637.36	
="600238"	海南椰岛	-0.45	8.94	-0.04	8.94	8.95	146040	26	         -0.44	          3.30	8.96	9.14	8.91	8.98	    71.65	131704256	  0.79	红黄药酒	海南	 2.56	9.02	71558	74482	  0.96	101	7	--  	      44203.16	
="002409"	雅克科技	-1.38	22.18	-0.31	22.10	22.18	104346	1607	          1.74	         12.64	22.05	22.87	21.56	22.49	    57.09	229301184	  2.70	化工原料	江苏	 5.82	21.97	41285	63061	  0.65	5	151	--  	       8253.00	
="000936"	华西股份	-1.93	5.07	-0.10	5.07	5.08	386952	2985	          0.00	          5.18	4.98	5.17	4.73	5.17	   116.97	192364832	  2.33	化纤	江苏	 8.51	4.97	197172	189780	  1.04	586	2536	--  	      74768.59	
="600078"	澄星股份	-1.95	8.55	-0.17	8.55	8.56	249737	28	         -0.34	          3.77	8.61	8.79	8.47	8.72	   157.79	216163504	  1.08	化工原料	江苏	 3.67	8.66	121010	128727	  0.94	353	76	--  	      66257.28	
="002375"	亚厦股份	-3.79	22.33	-0.88	22.32	22.33	214297	1908	          0.04	          3.15	22.50	22.70	21.20	23.21	    20.42	469376832	  1.88	装修装饰	浙江	 6.46	21.90	125696	88601	  1.42	37	244	--  	      68105.28	
数据来源:通达信
