代码	名称	涨幅%%	现价	涨跌	买价	卖价	总量	现量	涨速%%	换手%%	今开	最高	最低	昨收	市盈(动)	总金额	量比	细分行业	地区	振幅%%	
="600029"	南方航空	10.11	4.14	0.38	4.14	--  	3558599	100	          0.00	          5.07	4.07	4.14	4.02	3.76	    24.27	1465782528	  3.30	空运	广东	 3.19	
="601998"	中信银行	10.09	6.11	0.56	6.11	--  	4184033	5	          0.00	          1.31	5.59	6.11	5.59	5.55	     6.64	2494598144	  2.49	银行	北京	 9.37	
="002142"	宁波银行	10.02	13.61	1.24	13.61	--  	1272519	14669	          0.00	          4.43	12.30	13.61	12.15	12.37	     7.24	1653096832	  1.71	银行	浙江	11.80	
="600221"	海南航空	10.00	2.86	0.26	2.86	--  	12116616	1165	          0.00	         10.26	2.78	2.86	2.75	2.60	    13.84	3424391936	  3.85	空运	海南	 4.23	
="002315"	焦点科技	10.00	65.35	5.94	65.35	--  	55701	66	          0.00	          9.25	59.58	65.35	59.55	59.41	    61.40	352728832	  1.42	互联网	江苏	 9.76	
="000001"	平安银行	9.99	12.44	1.13	12.44	--  	4844839	28586	          0.00	          4.93	11.27	12.44	11.18	11.31	     6.79	5793392128	  2.62	银行	深圳	11.14	
="601111"	中国国航	9.98	5.62	0.51	5.62	--  	2249296	25	          0.00	          2.70	5.51	5.62	5.46	5.11	    17.47	1257968768	  2.99	空运	北京	 3.13	
="000750"	国海证券	9.98	14.88	1.35	14.88	--  	2696885	20941	          0.00	         13.36	14.00	14.88	13.85	13.53	    55.40	3910288384	  1.81	证券	广西	 7.61	
="000024"	招商地产	9.97	16.98	1.54	16.98	--  	1148813	875	          0.00	         11.19	15.41	16.98	15.10	15.44	    14.64	1852818048	  1.17	全国地产	深圳	12.18	
="600016"	民生银行	8.59	7.33	0.58	7.33	7.34	12591342	15866	          0.13	          4.65	6.78	7.35	6.76	6.75	     5.09	8921138176	  2.78	银行	北京	 8.74	
="601988"	中国银行	8.12	3.33	0.25	3.33	3.34	9825207	9405	          0.60	          0.50	3.08	3.33	3.07	3.08	     6.08	3172178944	  2.92	银行	北京	 8.44	
="600000"	浦发银行	8.01	12.40	0.92	12.40	12.42	8321832	3081	         -0.32	          5.58	11.53	12.48	11.48	11.48	     4.99	9950390272	  2.23	银行	上海	 8.71	
="600082"	海泰发展	7.52	7.15	0.50	7.15	7.16	505955	892	          0.00	          8.03	6.65	7.27	6.61	6.65	    63.24	353217568	  2.41	园区开发	天津	 9.92	
="000089"	深圳机场	6.39	5.66	0.34	5.65	5.66	388197	2256	          0.17	          2.29	5.37	5.85	5.37	5.32	    37.43	219837616	  2.28	机场	深圳	 9.02	
="601398"	工商银行	5.48	4.04	0.21	4.04	4.05	8537071	3624	         -0.24	          0.32	3.83	4.05	3.82	3.83	     4.83	3356783616	  4.26	银行	北京	 6.01	
="600201"	金宇集团	4.93	36.62	1.72	36.60	36.63	50142	12	         -0.13	          1.79	34.90	37.52	34.85	34.90	    25.35	182109088	  2.90	生物制药	内蒙	 7.65	
="002220"	天宝股份	4.58	9.14	0.40	9.13	9.14	182675	1025	          0.10	          4.69	8.75	9.29	8.74	8.74	    24.67	165102592	  1.75	食品	辽宁	 6.29	
="000563"	陕国投Ａ	3.43	11.17	0.37	11.17	11.18	1192614	6114	          0.35	         15.85	10.82	11.50	10.68	10.80	    41.67	1321435008	  1.72	多元金融	陕西	 7.59	
="600736"	苏州高新	3.22	5.45	0.17	5.45	5.46	632608	420	          0.55	          5.98	5.28	5.46	5.23	5.28	    42.08	339068096	  1.56	园区开发	江苏	 4.36	
="000898"	鞍钢股份	3.07	4.36	0.13	4.35	4.36	1161806	11260	          0.00	          1.89	4.23	4.41	4.20	4.23	    25.63	501032480	  2.18	普钢	辽宁	 4.96	
="000926"	福星股份	3.00	9.26	0.27	9.25	9.26	473414	6923	          0.00	          8.96	8.98	9.34	8.91	8.99	     8.53	431557408	  1.42	区域地产	湖北	 4.78	
="600005"	武钢股份	2.91	2.83	0.08	2.82	2.83	2021150	349	          0.00	          2.00	2.75	2.84	2.73	2.75	    27.81	561863296	  2.30	普钢	湖北	 4.00	
="601628"	中国人寿	2.82	22.60	0.62	22.60	22.61	1050429	276	          0.00	          0.50	21.74	23.01	21.38	21.98	    17.39	2339321088	  0.99	保险	北京	 7.42	
="000625"	长安汽车	2.51	14.70	0.36	14.70	14.71	536551	5953	         -0.06	          1.58	14.34	14.74	14.17	14.34	     9.43	776070208	  1.79	汽车整车	重庆	 3.97	
="600068"	葛洲坝	2.45	5.85	0.14	5.85	5.86	1596503	841	         -0.17	          4.58	5.78	6.11	5.78	5.71	    11.59	944002944	  1.24	建筑施工	湖北	 5.78	
="600897"	厦门空港	2.17	21.61	0.46	21.60	21.61	98712	3	          0.09	          3.31	21.21	22.05	21.21	21.15	    13.35	214345328	  1.81	机场	福建	 3.97	
="600153"	建发股份	2.09	8.32	0.17	8.32	8.33	972984	481	          0.12	          3.43	8.09	8.33	8.00	8.15	    11.24	793551808	  1.18	商贸代理	福建	 4.05	
="601179"	中国西电	2.04	5.49	0.11	5.49	5.50	635851	534	         -0.18	          1.46	5.40	5.51	5.35	5.38	    32.73	345846656	  1.17	电气设备	陕西	 2.97	
="600162"	香江控股	1.90	6.98	0.13	6.98	6.99	369631	171	         -0.28	          4.81	6.83	7.15	6.71	6.85	    16.35	255836912	  0.96	全国地产	深圳	 6.42	
="601588"	北辰实业	1.84	3.87	0.07	3.86	3.87	1184236	1469	          0.00	          4.45	3.76	3.93	3.72	3.80	    30.45	453137088	  1.13	区域地产	北京	 5.53	
="600269"	赣粤高速	1.70	4.18	0.07	4.17	4.18	526286	8	          0.23	          2.25	4.12	4.25	4.09	4.11	    11.98	219207216	  1.58	路桥	江西	 3.89	
="300345"	红宇新材	1.64	22.93	0.37	22.93	22.94	24733	1020	          0.04	          4.00	22.56	23.12	22.40	22.56	   935.87	56607296	  0.74	钢加工	湖南	 3.19	
="000800"	一汽轿车	1.61	12.65	0.20	12.64	12.65	469905	2288	          0.23	          3.33	12.44	12.75	12.34	12.45	    62.70	590189504	  1.88	汽车整车	吉林	 3.29	
="601669"	中国电建	1.44	4.22	0.06	4.21	4.22	2387770	2719	          0.23	          7.24	4.14	4.26	4.10	4.16	     9.14	995820352	  1.22	建筑施工	北京	 3.85	
="600033"	福建高速	1.23	3.28	0.04	3.28	3.29	929238	450	          0.00	          3.39	3.24	3.39	3.22	3.24	    13.52	306317024	  1.83	路桥	福建	 5.25	
="000539"	粤电力Ａ	1.16	6.10	0.07	6.09	6.10	258175	3410	          0.16	          1.21	6.02	6.12	5.96	6.03	     7.93	155398272	  0.93	火力发电	广东	 2.65	
="600170"	上海建工	1.11	6.38	0.07	6.37	6.38	923295	2276	         -0.15	          8.40	6.30	6.42	6.20	6.31	    16.36	584184256	  0.78	建筑施工	上海	 3.49	
="600795"	国电电力	1.02	2.97	0.03	2.97	2.98	3409801	2498	          0.00	          2.21	2.93	2.98	2.90	2.94	     7.50	1001822592	  1.33	火力发电	辽宁	 2.72	
="002461"	珠江啤酒	0.98	16.54	0.16	16.51	16.54	66746	874	          0.00	          0.98	16.39	16.84	16.31	16.38	   140.61	110894584	  1.55	啤酒	广东	 3.24	
="600223"	鲁商置业	0.90	5.60	0.05	5.59	5.60	196585	62	          0.00	          1.96	5.56	5.68	5.47	5.55	    33.95	109893720	  0.77	区域地产	山东	 3.78	
="600801"	华新水泥	0.82	8.56	0.07	8.54	8.55	372930	170	         -0.11	          3.84	8.50	8.60	8.24	8.49	    11.79	314453408	  1.74	水泥	湖北	 4.24	
="000564"	西安民生	0.82	6.14	0.05	6.14	6.15	215360	1505	          0.00	          6.42	6.11	6.28	6.07	6.09	    40.12	133124232	  1.22	百货	陕西	 3.45	
="600098"	广州发展	0.73	6.91	0.05	6.91	6.92	263930	500	         -0.14	          1.08	6.86	7.04	6.80	6.86	    14.01	183277744	  0.78	火力发电	广东	 3.50	
="002481"	双塔食品	0.65	15.39	0.10	15.38	15.39	58944	473	          0.13	          1.57	15.24	15.53	15.09	15.29	    44.61	90264048	  1.57	食品	山东	 2.88	
="002588"	史丹利	0.64	34.61	0.22	34.61	34.62	24505	122	         -0.40	          1.49	34.39	34.85	34.00	34.39	    17.94	84325368	  1.11	农药化肥	山东	 2.47	
="000100"	TCL 集团	0.62	3.26	0.02	3.25	3.26	2565878	36374	          0.30	          3.15	3.24	3.26	3.21	3.24	    10.41	828713088	  1.13	家用电器	广东	 1.54	
="300196"	长海股份	0.50	20.05	0.10	20.04	20.05	12168	73	          0.19	          1.11	19.96	20.30	19.90	19.95	    27.05	24401012	  0.83	玻璃	江苏	 2.01	
="002160"	*ST常铝	0.46	6.50	0.03	6.49	6.50	91774	2005	          0.15	          2.83	6.45	6.55	6.40	6.47	   110.37	59401148	  0.94	铝	江苏	 2.32	
="000016"	深康佳Ａ	0.32	6.18	0.02	6.17	6.18	173504	1467	          0.16	          2.89	6.15	6.22	6.11	6.16	   117.29	106800688	  0.85	家用电器	深圳	 1.79	
="002479"	富春环保	0.31	9.69	0.03	9.69	9.70	77561	2011	          0.10	          1.06	9.66	9.76	9.58	9.66	    39.20	74818336	  1.08	火力发电	浙江	 1.86	
="601700"	风范股份	0.28	17.63	0.05	17.64	17.65	282388	143	         -0.11	         11.98	19.30	19.30	17.22	17.58	    35.70	515175840	  4.17	电气设备	江苏	11.83	
="002013"	中航机电	0.18	22.02	0.04	22.01	22.02	151705	2662	          0.09	          5.18	22.18	22.50	21.57	21.98	    50.78	334379520	  0.80	汽车配件	湖北	 4.23	
="600498"	烽火通信	0.12	16.17	0.02	16.16	16.19	149932	604	          0.12	          1.55	16.14	16.39	16.03	16.15	    32.14	242616144	  0.87	通信设备	湖北	 2.23	
="600720"	祁连山	0.11	8.71	0.01	8.71	8.72	374946	222	         -0.11	          4.83	8.67	8.75	8.53	8.70	     7.98	323744672	  1.11	水泥	甘肃	 2.53	
="601007"	金陵饭店	0.08	12.33	0.01	12.32	12.33	47389	1	          0.00	          1.58	12.28	12.50	12.13	12.32	   141.06	58266836	  1.14	酒店餐饮	江苏	 3.00	
="601928"	凤凰传媒	0.00	10.61	0.00	--  	--  	0	0	          0.00	          0.00	--  	--  	--  	10.61	    27.58	0	  0.00	出版业	江苏	 0.00	
="600986"	科达股份	0.00	7.05	0.00	--  	--  	0	0	          0.00	          0.00	--  	--  	--  	7.05	    36.88	0	  0.00	建筑施工	山东	 0.00	
="600981"	汇鸿股份	0.00	4.21	0.00	--  	--  	0	0	          0.00	          0.00	--  	--  	--  	4.21	    92.48	0	  0.00	商贸代理	江苏	 0.00	
="600876"	洛阳玻璃	0.00	7.24	0.00	--  	--  	0	0	          0.00	          0.00	--  	--  	--  	7.24	   374.48	0	  0.00	玻璃	河南	 0.00	
="600792"	云煤能源	0.00	6.26	0.00	--  	--  	0	0	          0.00	          0.00	--  	--  	--  	6.26	   868.05	0	  0.00	焦炭加工	云南	 0.00	
="600749"	西藏旅游	0.00	12.18	0.00	--  	--  	0	0	          0.00	          0.00	--  	--  	--  	12.18	  1161.76	0	  0.00	旅游景点	西藏	 0.00	
="600704"	物产中大	0.00	10.38	0.00	--  	--  	0	0	          0.00	          0.00	--  	--  	--  	10.38	    23.97	0	  0.00	商贸代理	浙江	 0.00	
="600617"	国新能源	0.00	30.09	0.00	--  	--  	0	0	          0.00	          0.00	--  	--  	--  	30.09	    42.79	0	  0.00	供气供热	山西	 0.00	
="600575"	皖江物流	0.00	4.11	0.00	--  	--  	0	0	          0.00	          0.00	--  	--  	--  	4.11	--  	0	  0.00	港口	安徽	 0.00	
="600569"	安阳钢铁	0.00	2.32	0.00	--  	--  	0	0	          0.00	          0.00	--  	--  	--  	2.32	    78.40	0	  0.00	普钢	河南	 0.00	
="600369"	西南证券	0.00	10.54	0.00	--  	--  	0	0	          0.00	          0.00	--  	--  	--  	10.54	    25.05	0	  0.00	证券	重庆	 0.00	
="600365"	通葡股份	0.00	11.38	0.00	--  	--  	0	0	          0.00	          0.00	--  	--  	--  	11.38	  5686.21	0	  0.00	红黄药酒	吉林	 0.00	
="600318"	巢东股份	0.00	11.20	0.00	--  	--  	0	0	          0.00	          0.00	--  	--  	--  	11.20	    17.93	0	  0.00	水泥	安徽	 0.00	
="600241"	时代万恒	0.00	8.28	0.00	--  	--  	0	0	          0.00	          0.00	--  	--  	--  	8.28	--  	0	  0.00	商贸代理	辽宁	 0.00	
="600105"	永鼎股份	0.00	9.86	0.00	--  	--  	0	0	          0.00	          0.00	--  	--  	--  	9.86	    22.23	0	  0.00	通信设备	江苏	 0.00	
="600103"	青山纸业	0.00	3.66	0.00	--  	--  	0	0	          0.00	          0.00	--  	--  	--  	3.66	   601.14	0	  0.00	造纸	福建	 0.00	
="600091"	ST明科	0.00	7.02	0.00	--  	--  	0	0	          0.00	          0.00	--  	--  	--  	7.02	--  	0	  0.00	化工原料	内蒙	 0.00	
="600090"	啤酒花	0.00	8.13	0.00	--  	--  	0	0	          0.00	          0.00	--  	--  	--  	8.13	    36.46	0	  0.00	啤酒	新疆	 0.00	
="300332"	天壕节能	--  	0.00	--  	--  	--  	0	0	--  	          0.00	--  	--  	--  	14.06	    40.57	0	  0.00	环境保护	北京	 0.00	
="300313"	天山生物	--  	0.00	--  	--  	--  	0	0	--  	          0.00	--  	--  	--  	23.69	   258.62	0	  0.00	农业综合	新疆	 0.00	
="300072"	三聚环保	--  	0.00	--  	--  	--  	0	0	--  	          0.00	--  	--  	--  	27.13	    36.92	0	  0.00	化工原料	北京	 0.00	
="300013"	新宁物流	--  	0.00	--  	--  	--  	0	0	--  	          0.00	--  	--  	--  	9.26	   131.57	0	  0.00	仓储物流	江苏	 0.00	
="002700"	新疆浩源	--  	0.00	--  	--  	--  	0	0	--  	          0.00	--  	--  	--  	25.29	    56.88	0	  0.00	供气供热	新疆	 0.00	
="002608"	舜天船舶	--  	0.00	--  	--  	--  	0	0	--  	          0.00	--  	--  	--  	12.79	    86.27	0	  0.00	船舶	江苏	 0.00	
="002558"	世纪游轮	--  	0.00	--  	--  	--  	0	0	--  	          0.00	--  	--  	--  	31.65	   271.60	0	  0.00	旅游服务	重庆	 0.00	
="002534"	杭锅股份	--  	0.00	--  	--  	--  	0	0	--  	          0.00	--  	--  	--  	19.00	    58.39	0	  0.00	专用机械	浙江	 0.00	
="002529"	海源机械	--  	0.00	--  	--  	--  	0	0	--  	          0.00	--  	--  	--  	15.03	--  	0	  0.00	专用机械	福建	 0.00	
="002509"	天广消防	--  	0.00	--  	--  	--  	0	0	--  	          0.00	--  	--  	--  	12.27	    51.77	0	  0.00	专用机械	福建	 0.00	
="002426"	胜利精密	--  	0.00	--  	--  	--  	0	0	--  	          0.00	--  	--  	--  	11.26	    68.41	0	  0.00	元器件	江苏	 0.00	
="002333"	罗普斯金	--  	0.00	--  	--  	--  	0	0	--  	          0.00	--  	--  	--  	14.36	    59.02	0	  0.00	铝	江苏	 0.00	
="002324"	普利特	--  	0.00	--  	--  	--  	0	0	--  	          0.00	--  	--  	--  	19.90	    26.33	0	  0.00	塑料	上海	 0.00	
="002323"	中联电气	--  	0.00	--  	--  	--  	0	0	--  	          0.00	--  	--  	--  	21.95	   130.92	0	  0.00	电气设备	江苏	 0.00	
="002168"	深圳惠程	--  	0.00	--  	--  	--  	0	0	--  	          0.00	--  	--  	--  	10.13	--  	0	  0.00	电气设备	深圳	 0.00	
="002103"	广博股份	--  	0.00	--  	--  	--  	0	0	--  	          0.00	--  	--  	--  	10.18	   172.72	0	  0.00	文教休闲	浙江	 0.00	
="002044"	江苏三友	--  	0.00	--  	--  	--  	0	0	--  	          0.00	--  	--  	--  	10.04	    43.13	0	  0.00	服饰	江苏	 0.00	
="002009"	天奇股份	--  	0.00	--  	--  	--  	0	0	--  	          0.00	--  	--  	--  	16.30	    47.89	0	  0.00	工程机械	江苏	 0.00	
="002006"	*ST精功	--  	0.00	--  	--  	--  	0	0	--  	          0.00	--  	--  	--  	8.75	--  	0	  0.00	工程机械	浙江	 0.00	
="000920"	南方汇通	--  	0.00	--  	--  	--  	0	0	--  	          0.00	--  	--  	--  	13.23	    31.50	0	  0.00	运输设备	贵州	 0.00	
="000796"	易食股份	--  	0.00	--  	--  	--  	0	0	--  	          0.00	--  	--  	--  	7.23	    95.94	0	  0.00	食品	陕西	 0.00	
="000795"	太原刚玉	--  	0.00	--  	--  	--  	0	0	--  	          0.00	--  	--  	--  	10.92	--  	0	  0.00	矿物制品	山西	 0.00	
="000710"	天兴仪表	--  	0.00	--  	--  	--  	0	0	--  	          0.00	--  	--  	--  	13.60	--  	0	  0.00	汽车配件	四川	 0.00	
="000627"	天茂集团	--  	0.00	--  	--  	--  	0	0	--  	          0.00	--  	--  	--  	4.10	    28.37	0	  0.00	化工原料	湖北	 0.00	
="000545"	金浦钛业	0.00	14.51	0.00	14.50	14.51	65055	679	         -0.48	          4.16	14.50	14.71	14.41	14.51	   120.64	94700520	  0.79	化工原料	吉林	 2.07	
="000533"	万 家 乐	--  	0.00	--  	--  	--  	0	0	--  	          0.00	--  	--  	--  	5.97	    35.25	0	  0.00	家用电器	广东	 0.00	
="000525"	红 太 阳	--  	0.00	--  	--  	--  	0	0	--  	          0.00	--  	--  	--  	15.92	    15.22	0	  0.00	农药化肥	江苏	 0.00	
="000516"	开元投资	--  	0.00	--  	--  	--  	0	0	--  	          0.00	--  	--  	--  	9.85	    26.71	0	  0.00	百货	陕西	 0.00	
="000514"	渝 开 发	--  	0.00	--  	--  	--  	0	0	--  	          0.00	--  	--  	--  	7.08	    36.98	0	  0.00	区域地产	重庆	 0.00	
="000498"	山东路桥	--  	0.00	--  	--  	--  	0	0	--  	          0.00	--  	--  	--  	4.64	    27.67	0	  0.00	建筑施工	山东	 0.00	
="002007"	华兰生物	-0.05	37.30	-0.02	37.24	37.30	116649	1940	          0.26	          2.02	37.15	37.43	36.40	37.32	    38.48	431421248	  0.85	生物制药	河南	 2.76	
="000605"	渤海股份	-0.11	18.51	-0.02	18.51	18.52	13522	384	          0.00	          1.53	18.54	18.76	18.32	18.53	    92.04	25047380	  0.83	水务	北京	 2.37	
="000900"	现代投资	-0.15	6.75	-0.01	6.75	6.76	252037	1569	          0.14	          2.49	6.74	6.82	6.70	6.76	    17.56	170248208	  1.08	路桥	湖南	 1.78	
="300346"	南大光电	-0.18	38.99	-0.07	38.95	38.99	11521	31	          0.10	          3.21	38.88	39.39	38.70	39.06	    82.43	44966396	  1.09	半导体	江苏	 1.77	
="600078"	澄星股份	-0.32	9.23	-0.03	9.23	9.24	108826	13	          0.00	          1.64	9.31	9.37	9.05	9.26	   170.33	100145184	  0.93	化工原料	江苏	 3.46	
="002563"	森马服饰	-0.37	37.85	-0.14	37.75	37.85	8730	33	         -0.10	          1.25	37.90	37.98	37.42	37.99	    28.33	32954854	  0.77	服饰	浙江	 1.47	
="000877"	天山股份	-0.37	8.11	-0.03	8.10	8.11	352080	4247	         -0.12	          4.00	8.10	8.14	7.99	8.14	    17.43	283865952	  1.01	水泥	新疆	 1.84	
="600375"	华菱星马	-0.38	13.03	-0.05	13.03	13.04	176612	178	          0.07	          3.55	13.11	13.31	12.90	13.08	    51.60	230804224	  1.12	汽车整车	安徽	 3.13	
="300138"	晨光生物	-0.41	12.15	-0.05	12.14	12.15	31610	407	          0.08	          2.51	12.20	12.25	11.96	12.20	   127.81	38182440	  1.14	食品	河北	 2.38	
="300255"	常山药业	-0.41	29.00	-0.12	28.97	29.00	42186	1325	          1.29	          3.43	29.01	29.32	28.45	29.12	    56.49	121520088	  2.31	生物制药	河北	 2.99	
="002063"	远光软件	-0.48	22.69	-0.11	22.69	22.70	168833	751	          0.13	          4.31	22.63	23.11	22.39	22.80	    55.20	382128992	  1.10	软件服务	广东	 3.16	
="000966"	长源电力	-0.49	10.17	-0.05	10.17	10.18	150157	666	         -0.09	          2.71	10.21	10.48	9.97	10.22	     6.80	153140656	  1.22	火力发电	湖北	 4.99	
="000528"	柳    工	-0.60	8.29	-0.05	8.29	8.30	343216	2771	          0.00	          3.05	8.30	8.37	8.15	8.34	    38.99	283946368	  0.84	工程机械	广西	 2.64	
="600469"	风神股份	-0.68	13.08	-0.09	13.08	13.09	78349	10	         -0.07	          2.09	13.15	13.33	12.83	13.17	    12.01	102349552	  1.32	汽车配件	河南	 3.80	
="000088"	盐 田 港	-0.70	8.46	-0.06	8.45	8.46	441550	8272	          0.11	          2.27	8.50	8.65	8.30	8.52	    35.71	373855968	  0.80	港口	深圳	 4.11	
="600970"	中材国际	-0.77	10.30	-0.08	10.30	10.31	378018	1404	         -0.09	          3.46	10.31	10.47	10.08	10.38	    17.11	388177920	  0.77	建筑施工	江苏	 3.76	
="300289"	利德曼	-0.78	34.51	-0.27	34.50	34.51	16995	80	          0.02	          3.05	34.78	34.94	34.22	34.78	    61.85	58688160	  0.80	生物制药	北京	 2.07	
="600125"	铁龙物流	-0.78	7.60	-0.06	7.59	7.60	419344	279	          0.52	          3.21	7.61	7.87	7.53	7.66	    28.03	322986720	  1.64	铁路	辽宁	 4.44	
="000993"	闽东电力	-0.86	10.34	-0.09	10.33	10.34	102042	213	          0.00	          2.74	10.41	10.53	9.78	10.43	    32.80	103442088	  2.00	水力发电	福建	 7.19	
="600676"	交运股份	-1.03	8.62	-0.09	8.62	8.63	188794	9	          0.00	          2.41	8.74	8.86	8.50	8.71	    23.37	163816880	  0.81	汽车配件	上海	 4.13	
="600673"	东阳光科	-1.06	16.82	-0.18	16.81	16.83	89812	30	         -0.23	          1.09	17.00	17.06	16.74	17.00	   106.90	151778080	  0.65	铝	广东	 1.88	
="600275"	武昌鱼	-1.06	5.58	-0.06	5.58	5.59	116229	216	         -0.17	          2.28	5.62	5.62	5.52	5.64	--  	64756336	  0.78	农业综合	湖北	 1.77	
="002162"	斯米克	-1.07	9.23	-0.10	9.23	9.24	99219	1052	          0.10	          2.37	9.31	9.46	9.12	9.33	   397.98	92103712	  0.54	陶瓷	上海	 3.64	
="600196"	复星医药	-1.26	20.32	-0.26	20.30	20.34	435288	612	         -0.09	          2.29	20.38	20.85	20.20	20.58	    22.37	893655104	  1.04	化学制药	上海	 3.16	
="600058"	五矿发展	-1.31	14.34	-0.19	14.32	14.33	220066	110	         -0.27	          2.05	14.51	14.53	14.10	14.53	    65.25	315011264	  0.84	商贸代理	北京	 2.96	
="300094"	国联水产	-1.32	10.45	-0.14	10.45	10.47	49544	307	         -0.47	          1.41	10.58	10.67	10.42	10.59	    92.98	52170944	  0.86	渔业	广东	 2.36	
="601058"	赛轮股份	-1.33	18.60	-0.25	18.60	18.62	40341	20	          0.10	          1.07	18.88	19.15	18.50	18.85	    20.95	75582192	  0.96	汽车配件	山东	 3.45	
="600300"	维维股份	-1.40	5.62	-0.08	5.61	5.62	427205	20	         -0.17	          2.56	5.71	5.74	5.53	5.70	    83.34	239490064	  0.90	软饮料	江苏	 3.68	
="002511"	中顺洁柔	-1.44	10.92	-0.16	10.90	10.92	57195	298	         -0.27	          1.41	11.10	11.15	10.79	11.08	    65.19	62412384	  1.09	造纸	广东	 3.25	
="601313"	江南嘉捷	-1.54	11.53	-0.18	11.53	11.54	53371	14	          0.52	          1.99	11.80	11.96	11.42	11.71	    21.23	62028272	  1.19	运输设备	江苏	 4.61	
="600400"	红豆股份	-1.55	6.34	-0.10	6.32	6.33	191901	21	          0.00	          3.42	6.39	6.60	6.26	6.44	   115.00	123822864	  1.42	服饰	江苏	 5.28	
="002572"	索菲亚	-1.78	22.65	-0.41	22.62	22.65	34785	15	         -0.04	          1.38	22.94	23.03	21.80	23.06	    37.82	77760720	  1.99	家居用品	广东	 5.33	
="600731"	湖南海利	-1.79	9.35	-0.17	9.37	9.38	46664	50	          0.10	          1.83	9.54	9.54	9.25	9.52	   582.96	43623184	  1.11	农药化肥	湖南	 3.05	
="600834"	申通地铁	-1.79	10.44	-0.19	10.44	10.45	111719	145	          0.19	          2.34	10.60	10.68	10.26	10.63	    44.91	117182800	  1.20	公共交通	上海	 3.95	
="002302"	西部建设	-1.79	15.38	-0.28	15.37	15.38	118559	1601	          0.26	          4.38	15.46	15.60	14.90	15.66	    34.91	180540288	  0.81	水泥	新疆	 4.47	
="002035"	华帝股份	-1.81	13.55	-0.25	13.51	13.55	39076	217	          0.14	          1.32	13.80	13.83	13.40	13.80	    18.06	52883816	  0.55	家用电器	广东	 3.12	
="000601"	韶能股份	-1.91	6.68	-0.13	6.67	6.68	258983	3110	         -0.29	          2.61	6.82	6.86	6.58	6.81	    20.38	172966768	  1.24	火力发电	广东	 4.11	
="600875"	东方电气	-1.98	16.32	-0.33	16.31	16.33	327792	32	          0.06	          1.97	16.56	16.59	16.08	16.65	    22.52	535029632	  1.16	电气设备	四川	 3.06	
="600497"	驰宏锌锗	-2.06	11.39	-0.24	11.39	11.40	402714	339	          0.44	          2.41	11.63	11.64	11.12	11.63	    93.16	457111488	  0.67	铅锌	云南	 4.47	
="000916"	华北高速	-2.12	5.53	-0.12	5.52	5.53	144931	183	         -0.18	          1.33	5.67	5.74	5.48	5.65	    20.58	80720608	  1.18	路桥	北京	 4.60	
="002011"	盾安环境	-2.15	10.45	-0.23	10.44	10.45	379159	4326	         -0.09	          4.52	10.50	10.67	10.33	10.68	    57.77	396703008	  0.72	工程机械	浙江	 3.18	
="000632"	三木集团	-2.16	6.80	-0.15	6.79	6.80	181334	1705	         -0.58	          3.90	6.93	6.93	6.62	6.95	   418.56	123175352	  1.25	综合类	福建	 4.46	
="600532"	宏达矿业	-2.19	10.70	-0.24	10.70	10.71	102820	151	          0.09	          6.23	10.90	10.90	10.50	10.94	    27.18	109067760	  1.91	普钢	山东	 3.66	
="002470"	金正大	-2.20	28.85	-0.65	28.85	28.87	62254	876	         -0.24	          1.05	29.55	29.60	28.55	29.50	    20.75	179695408	  1.04	农药化肥	山东	 3.56	
="600837"	海通证券	-2.23	14.46	-0.33	14.46	14.47	4874058	1523	          0.00	          6.02	14.50	14.89	14.08	14.79	    21.00	7041180160	  1.08	证券	上海	 5.48	
="600655"	豫园商城	-2.27	12.05	-0.28	12.05	12.06	284444	147	         -0.08	          1.98	12.30	12.48	11.90	12.33	    22.25	345477312	  1.00	百货	上海	 4.70	
="300145"	南方泵业	-2.52	26.30	-0.68	26.30	26.31	24206	142	         -0.30	          1.39	26.98	27.87	26.30	26.98	    37.94	65488028	  1.05	专用机械	浙江	 5.82	
="300189"	神农大丰	-2.82	7.59	-0.22	7.59	7.60	277792	3892	         -0.26	          8.29	7.70	7.76	7.57	7.81	--  	212444352	  0.96	种植业	海南	 2.43	
="600419"	天润乳业	-2.90	22.46	-0.67	22.42	22.46	16483	1	         -0.44	          2.05	23.13	23.20	22.45	23.13	   105.65	37388664	  1.43	乳制品	新疆	 3.24	
="000752"	西藏发展	-2.90	14.41	-0.43	14.41	14.42	80628	1198	         -0.13	          3.06	14.85	14.87	14.38	14.84	   210.10	117265032	  1.11	啤酒	西藏	 3.30	
="600750"	江中药业	-2.96	20.98	-0.64	20.98	20.99	73782	11	         -0.19	          2.46	21.67	21.68	20.83	21.62	    30.41	156090672	  1.40	中成药	江西	 3.93	
="300083"	劲胜精密	-2.97	25.79	-0.79	25.78	25.79	60129	522	          0.35	          6.84	26.60	26.80	25.50	26.58	   125.57	156400432	  1.28	元器件	广东	 4.89	
="601137"	博威合金	-3.45	21.86	-0.78	21.83	21.88	48723	12	          0.13	          2.27	22.48	22.60	21.76	22.64	    69.47	107612112	  0.55	铜	浙江	 3.71	
="002567"	唐人神	-3.53	10.10	-0.37	10.10	10.11	99847	996	         -0.29	          2.38	10.48	10.49	10.00	10.47	    55.41	101252792	  0.88	饲料	湖南	 4.68	
="600635"	大众公用	-3.59	7.52	-0.28	7.53	7.54	1199701	300	          0.00	          7.29	7.75	7.87	7.39	7.80	    45.99	909770304	  0.77	供气供热	上海	 6.15	
="002688"	金河生物	-3.59	17.17	-0.64	17.17	17.18	74615	775	         -0.05	          6.88	17.70	17.71	17.05	17.81	    45.17	129262304	  1.04	化学制药	内蒙	 3.71	
="002557"	洽洽食品	-3.90	21.43	-0.87	21.43	21.44	103702	1253	         -0.04	          3.07	22.02	22.03	21.03	22.30	    26.30	222463744	  0.80	食品	安徽	 4.48	
="300349"	金卡股份	-4.03	32.18	-1.35	32.17	32.18	25124	226	          0.03	          5.58	33.55	33.55	32.13	33.53	    41.06	81491088	  1.59	电器仪表	浙江	 4.24	
数据来源:通达信
