代码	名称	涨幅%%	现价	涨跌	买价	卖价	总量	现量	涨速%%	换手%%	今开	最高	最低	昨收	市盈(动)	总金额	量比	细分行业	地区	振幅%%	均价	内盘	外盘	内外比	买量	卖量	未匹配量	流通股本(万)	
="600618"	氯碱化工	10.04	11.40	1.04	11.40	--  	412992	9	0.00	          5.51	10.41	11.40	10.22	10.36	--  	464453568	  3.28	化工原料	上海	11.39	11.25	245516	167476	  1.47	1317	0	--  	      74984.00	
="600433"	冠豪高新	6.21	15.40	0.90	15.40	15.41	331176	37	0.06	          2.78	14.60	15.78	14.16	14.50	   150.52	498278880	  1.48	造纸	广东	11.17	15.05	150640	180536	  0.83	181	372	--  	     119028.00	
="601888"	中国国旅	4.88	49.01	2.28	49.01	49.05	117809	11	-0.02	          1.21	47.80	50.45	47.80	46.73	    30.09	579868032	  3.34	旅游服务	北京	5.67	49.22	58592	59217	  0.99	2	4	--  	      97623.77	
="002059"	云南旅游	4.17	12.50	0.50	12.50	12.51	38656	1049	0.08	          1.66	12.01	12.50	11.89	12.00	   293.94	47673668	  3.16	旅游景点	云南	5.08	12.33	13966	24690	  0.57	479	20	--  	      23346.71	
="000619"	海螺型材	4.00	10.14	0.39	10.13	10.14	150786	834	0.19	          4.19	9.76	10.29	9.76	9.75	    26.68	152928672	  1.83	其他建材	安徽	5.44	10.14	63458	87328	  0.73	1532	240	--  	      36000.00	
="002304"	洋河股份	3.71	80.81	2.89	80.81	80.83	46505	388	-0.17	          0.53	77.96	81.95	77.88	77.92	    16.38	374388384	  2.31	白酒	江苏	5.22	80.51	20790	25714	  0.81	18	1	--  	      87925.92	
="000530"	大冷股份	3.33	12.74	0.41	12.74	12.75	88362	1458	0.23	          4.09	12.31	12.80	12.21	12.33	    34.75	110940328	  1.80	机械基件	辽宁	4.79	12.56	41176	47186	  0.87	139	470	--  	      21579.34	
="600420"	现代制药	3.27	24.61	0.78	24.60	24.62	58266	6	0.32	          2.03	23.85	24.80	23.50	23.83	    42.55	141713920	  0.75	化学制药	上海	5.46	24.32	26030	32236	  0.81	586	27	--  	      28773.33	
="600459"	贵研铂业	3.00	20.59	0.60	20.59	20.60	131680	3	-0.29	          5.05	19.93	20.94	19.90	19.99	    65.96	270028704	  2.32	小金属	云南	5.20	20.51	56930	74750	  0.76	16	25	--  	      26097.76	
="002239"	金 飞 达	2.77	7.06	0.19	7.06	7.07	258342	3391	-0.14	          6.12	6.86	7.19	6.79	6.87	   289.49	181088656	  1.55	服饰	江苏	5.82	7.01	108321	150021	  0.72	1637	1511	--  	      42210.00	
="002454"	松芝股份	1.69	16.85	0.28	16.85	16.87	31495	262	0.00	          1.31	16.57	17.30	16.57	16.57	    24.98	53443228	  0.91	汽车配件	上海	4.41	16.97	15917	15577	  1.02	6	37	--  	      24081.55	
="000416"	民生控股	1.38	10.26	0.14	10.26	10.27	189840	2584	-0.38	          3.57	10.12	10.60	9.90	10.12	   164.29	194973408	  1.46	百货	山东	6.92	10.27	99387	90453	  1.10	313	793	--  	      53161.03	
="600894"	广日股份	1.34	16.69	0.22	16.68	16.69	143699	6	0.00	          1.85	16.45	16.97	16.21	16.47	    21.30	238352912	  0.83	运输设备	广东	4.61	16.59	77057	66641	  1.16	60	166	--  	      77693.24	
="300124"	汇川技术	1.27	34.16	0.43	34.16	34.18	136305	662	-0.52	          2.24	33.51	34.89	32.88	33.73	    43.09	460728768	  1.48	电器仪表	深圳	5.96	33.80	70933	65371	  1.09	56	196	--  	      60942.64	
="000731"	四川美丰	1.18	9.46	0.11	9.45	9.46	246683	3099	0.42	          4.17	9.35	9.69	9.32	9.35	--  	234621568	  1.16	农药化肥	四川	3.96	9.51	104769	141913	  0.74	1045	759	--  	      59134.76	
="300020"	银江股份	0.85	35.40	0.30	35.40	35.41	80161	1201	-0.53	          3.32	34.80	36.60	34.80	35.10	    55.39	285254336	  0.93	软件服务	浙江	5.13	35.59	37044	43117	  0.86	412	5	--  	      24173.80	
="600893"	中航动力	0.80	31.62	0.25	31.64	31.65	172506	86	-0.31	          1.59	31.40	32.29	31.40	31.37	    99.32	550461120	  1.44	航空	陕西	2.84	31.91	79667	92839	  0.86	137	205	--  	     108622.39	
="300251"	光线传媒	0.66	26.03	0.17	26.02	26.03	149499	2205	-0.15	          2.81	26.01	26.16	25.53	25.86	   100.56	387239616	  0.55	影视音像	北京	2.44	25.90	69287	80212	  0.86	541	173	--  	      53120.28	
="600535"	天士力	0.52	44.22	0.23	44.16	44.28	74277	66	0.06	          0.72	43.98	44.60	43.89	43.99	    30.04	329348768	  1.19	中成药	天津	1.61	44.34	38315	35961	  1.07	69	83	--  	     103284.27	
="600998"	九州通	0.36	19.68	0.07	19.66	19.68	336381	106	-0.05	          2.37	19.59	20.18	19.29	19.61	    82.01	662277952	  2.07	医药商业	湖北	4.54	19.69	159436	176945	  0.90	18	95	--  	     142051.56	
="600638"	新黄浦	0.28	18.04	0.05	18.01	18.03	67864	7	0.22	          1.21	17.99	18.17	17.76	17.99	   102.57	121710512	  0.67	区域地产	上海	2.28	17.93	20995	46868	  0.45	20	18	--  	      56116.39	
="000550"	江铃汽车	0.28	40.01	0.11	40.01	40.05	24807	509	0.02	          0.48	40.15	40.53	39.11	39.90	    16.92	99008392	  1.14	汽车整车	江西	3.56	39.91	11096	13710	  0.81	198	1	--  	      51742.80	
="600858"	银座股份	0.00	9.83	0.00	--  	--  	0	0	0.00	          0.00	--  	--  	--  	9.83	    19.34	0	  0.00	百货	山东	0.00	9.83	0	0	--  	0	0	--  	      51754.80	
="600749"	西藏旅游	0.00	12.18	0.00	--  	--  	0	0	0.00	          0.00	--  	--  	--  	12.18	  1161.76	0	  0.00	旅游景点	西藏	0.00	12.18	0	0	--  	0	0	--  	      18913.78	
="600614"	鼎立股份	0.00	14.85	0.00	--  	--  	0	0	0.00	          0.00	--  	--  	--  	14.85	   380.46	0	  0.00	综合类	上海	0.00	14.85	0	0	--  	0	0	--  	      44675.94	
="600575"	皖江物流	0.00	4.11	0.00	--  	--  	0	0	0.00	          0.00	--  	--  	--  	4.11	--  	0	  0.00	水运	安徽	0.00	4.11	0	0	--  	0	0	--  	     142320.00	
="600365"	通葡股份	0.00	11.38	0.00	--  	--  	0	0	0.00	          0.00	--  	--  	--  	11.38	  5686.21	0	  0.00	红黄药酒	吉林	0.00	11.38	0	0	--  	0	0	--  	      14000.00	
="600318"	巢东股份	0.00	11.20	0.00	--  	--  	0	0	0.00	          0.00	--  	--  	--  	11.20	    17.93	0	  0.00	水泥	安徽	0.00	11.20	0	0	--  	0	0	--  	      24200.00	
="600103"	青山纸业	0.00	3.66	0.00	--  	--  	0	0	0.00	          0.00	--  	--  	--  	3.66	   601.14	0	  0.00	造纸	福建	0.00	3.66	0	0	--  	0	0	--  	     106184.15	
="600090"	啤酒花	0.00	8.13	0.00	--  	--  	0	0	0.00	          0.00	--  	--  	--  	8.13	    36.46	0	  0.00	啤酒	新疆	0.00	8.13	0	0	--  	0	0	--  	      36791.66	
="300144"	宋城演艺	--  	30.12	--  	--  	--  	0	0	--  	          0.00	--  	--  	--  	30.12	    39.83	0	  0.00	旅游景点	浙江	0.00	30.12	0	0	--  	0	0	--  	      50614.17	
="300004"	南风股份	--  	48.67	--  	--  	--  	0	0	--  	          0.00	--  	--  	--  	48.67	   150.90	0	  0.00	电气设备	广东	0.00	48.67	0	0	--  	0	0	--  	      13747.54	
="002558"	世纪游轮	--  	31.65	--  	--  	--  	0	0	--  	          0.00	--  	--  	--  	31.65	   271.60	0	  0.00	旅游服务	重庆	0.00	31.65	0	0	--  	0	0	--  	       3244.39	
="002509"	天广消防	--  	12.27	--  	--  	--  	0	0	--  	          0.00	--  	--  	--  	12.27	    51.77	0	  0.00	专用机械	福建	0.00	12.27	0	0	--  	0	0	--  	      23109.89	
="002385"	大北农	--  	17.98	--  	--  	--  	0	0	--  	          0.00	--  	--  	--  	17.98	    50.41	0	  0.00	饲料	北京	0.00	17.98	0	0	--  	0	0	--  	      94184.88	
="002301"	齐心集团	0.00	10.38	0.00	10.36	10.38	77689	1296	0.38	          2.28	10.29	10.46	10.10	10.38	   183.84	79985552	  1.04	文教休闲	深圳	3.47	10.30	43239	34449	  1.26	374	857	--  	      34120.00	
="002044"	江苏三友	--  	10.04	--  	--  	--  	0	0	--  	          0.00	--  	--  	--  	10.04	    43.13	0	  0.00	服饰	江苏	0.00	10.04	0	0	--  	0	0	--  	      22410.00	
="002006"	*ST精功	--  	8.75	--  	--  	--  	0	0	--  	          0.00	--  	--  	--  	8.75	--  	0	  0.00	工程机械	浙江	0.00	8.75	0	0	--  	0	0	--  	      43677.89	
="000978"	桂林旅游	--  	9.63	--  	--  	--  	0	0	--  	          0.00	--  	--  	--  	9.63	--  	0	  0.00	旅游景点	广西	0.00	9.63	0	0	--  	0	0	--  	      36010.00	
="000796"	易食股份	--  	7.23	--  	--  	--  	0	0	--  	          0.00	--  	--  	--  	7.23	    49.85	0	  0.00	食品	陕西	0.00	7.23	0	0	--  	0	0	--  	      24652.30	
="000514"	渝 开 发	--  	7.08	--  	--  	--  	0	0	--  	          0.00	--  	--  	--  	7.08	    36.98	0	  0.00	区域地产	重庆	0.00	7.08	0	0	--  	0	0	--  	      84377.09	
="002311"	海大集团	-0.35	14.08	-0.05	14.08	14.09	61282	848	0.14	          0.57	14.10	14.16	13.92	14.13	    20.94	85964488	  1.10	饲料	广东	1.70	14.03	29645	31637	  0.94	134	15	--  	     106940.92	
="000488"	晨鸣纸业	-0.46	6.51	-0.03	6.51	6.52	183742	477	-0.15	          1.66	6.53	6.66	6.48	6.54	    27.71	120491216	  0.87	造纸	山东	2.75	6.56	93937	89804	  1.05	4956	1154	--  	     110503.72	
="300255"	常山药业	-0.55	36.00	-0.20	36.00	36.10	24156	249	0.08	          1.87	36.48	36.87	35.00	36.20	    70.12	87232952	  1.32	生物制药	河北	5.17	36.11	12297	11858	  1.04	7	20	--  	      12945.29	
="600230"	沧州大化	-0.74	12.10	-0.09	12.10	12.11	50739	5	-0.24	          1.72	12.20	12.27	12.10	12.19	--  	61858612	  0.84	农药化肥	河北	1.39	12.19	28551	22187	  1.29	23	124	--  	      29418.82	
="002481"	双塔食品	-0.87	18.27	-0.16	18.26	18.27	10353	206	-0.16	          0.28	18.30	18.49	18.23	18.43	    61.95	19014234	  0.47	食品	山东	1.41	18.37	4113	6239	  0.66	227	155	--  	      37455.17	
="002056"	横店东磁	-1.12	23.79	-0.27	23.78	23.79	48101	449	-0.08	          1.17	24.09	24.49	23.72	24.06	    27.98	115836840	  0.88	元器件	浙江	3.20	24.08	26679	21422	  1.25	126	179	--  	      41081.51	
="002543"	万和电气	-1.13	12.24	-0.14	12.24	12.25	25944	328	0.00	          0.81	12.28	12.48	12.21	12.38	    17.83	32059434	  0.85	家用电器	广东	2.18	12.36	14227	11716	  1.21	89	28	--  	      31872.50	
="600272"	开开实业	-1.15	16.40	-0.19	16.46	16.47	51169	588	0.61	          3.20	16.58	16.58	16.09	16.59	    68.31	83438720	  1.08	服饰	上海	2.95	16.31	25233	25935	  0.97	257	372	--  	      16000.00	
="000498"	山东路桥	-1.17	5.92	-0.07	5.92	5.93	186451	2830	0.00	          5.26	5.94	6.02	5.87	5.99	    35.30	110570776	  0.38	建筑施工	山东	2.50	5.93	102404	84046	  1.22	2077	347	--  	      35417.01	
="000758"	中色股份	-1.20	15.67	-0.19	15.66	15.67	310873	2880	-0.38	          3.45	16.00	16.38	15.66	15.86	   164.35	496209536	  0.77	铅锌	北京	4.54	15.96	159261	151611	  1.05	421	1058	--  	      90156.15	
="601801"	皖新传媒	-1.20	18.92	-0.23	18.93	18.94	38443	115	-0.42	          0.42	19.18	19.50	18.91	19.15	    22.58	73862720	  0.54	出版业	安徽	3.08	19.21	22096	16346	  1.35	6	4	--  	      91000.00	
="000665"	湖北广电	-1.27	14.04	-0.18	14.04	14.05	24541	106	-0.28	          1.29	14.22	14.45	14.04	14.22	    51.22	34691296	  0.92	影视音像	湖北	2.88	14.14	18056	6484	  2.78	108	612	--  	      18995.71	
="300262"	巴安水务	-1.28	21.65	-0.28	21.64	21.65	73948	1379	-0.68	          4.70	21.90	22.47	21.60	21.93	    69.05	162489360	  0.56	环境保护	上海	3.97	21.97	39627	34320	  1.15	58	213	--  	      15727.58	
="600312"	平高电气	-1.35	18.31	-0.25	18.31	18.32	122268	108	0.05	          1.49	18.70	18.78	18.27	18.56	    36.73	225777968	  0.62	电气设备	河南	2.75	18.47	67026	55242	  1.21	417	46	--  	      81896.61	
="600054"	黄山旅游	-1.37	16.57	-0.23	16.59	16.60	38034	33	-0.12	          3.23	16.80	16.95	16.52	16.80	    27.43	63699704	  1.18	旅游景点	安徽	2.56	16.75	18641	19392	  0.96	17	30	--  	      11762.00	
="600448"	华纺股份	-1.43	6.87	-0.10	6.86	6.87	75567	366	-0.14	          2.36	6.97	7.11	6.84	6.97	    99.50	52444104	  1.03	纺织	山东	3.87	6.94	45833	29734	  1.54	3605	16	--  	      31980.00	
="002266"	浙富控股	-1.45	8.82	-0.13	8.81	8.82	465679	6954	-0.22	          4.58	8.93	9.13	8.81	8.95	   143.76	416716256	  0.69	电气设备	浙江	3.58	8.95	264659	201019	  1.32	3318	1342	--  	     101760.03	
="000026"	飞亚达Ａ	-1.53	11.62	-0.18	11.61	11.62	51356	286	0.08	          1.65	11.85	12.17	11.55	11.80	    26.94	60705684	  1.08	其他商业	深圳	5.25	11.82	28571	22784	  1.25	356	221	--  	      31107.00	
="600276"	恒瑞医药	-1.55	40.78	-0.64	40.76	40.79	38152	6	-0.04	          0.25	41.53	41.68	40.71	41.42	    41.21	156686432	  0.62	化学制药	江苏	2.34	41.07	22276	15875	  1.40	94	50	--  	     149624.31	
="002064"	华峰氨纶	-1.60	11.65	-0.19	11.64	11.65	112617	715	-0.08	          1.69	11.86	11.93	11.61	11.84	    24.28	132288256	  0.63	化纤	浙江	2.70	11.75	73867	38750	  1.91	205	60	--  	      66669.71	
="300015"	爱尔眼科	-1.61	32.46	-0.53	32.40	32.46	40783	186	0.52	          0.78	33.11	33.32	32.15	32.99	    62.40	132832312	  0.84	医疗保健	湖南	3.55	32.57	23826	16956	  1.41	5	10	--  	      52327.30	
="600060"	海信电器	-1.61	15.28	-0.25	15.35	15.36	694818	12	-0.45	          5.31	15.38	15.93	15.11	15.53	    16.31	1072904192	  0.71	家用电器	山东	5.28	15.44	369468	325350	  1.14	145	382	--  	     130848.13	
="600329"	中新药业	-1.65	16.11	-0.27	16.10	16.14	35872	30	0.31	          0.67	16.41	16.41	16.02	16.38	    34.78	58034220	  0.74	中成药	天津	2.38	16.18	21656	14215	  1.52	2	100	--  	      53620.37	
="002394"	联发股份	-1.65	11.91	-0.20	11.91	11.92	56895	665	-0.16	          1.76	12.17	12.25	11.90	12.11	    16.60	68663408	  0.90	纺织	江苏	2.89	12.07	35296	21599	  1.63	936	109	--  	      32370.00	
="002028"	思源电气	-1.74	14.10	-0.25	14.10	14.11	147851	809	0.14	          3.17	14.33	14.57	14.06	14.35	    20.18	211963488	  0.98	电气设备	上海	3.55	14.34	88940	58910	  1.51	131	254	--  	      46646.76	
="600094"	大名城	-1.80	9.27	-0.17	9.27	9.28	15466	11	-0.10	          0.12	9.45	9.45	9.26	9.44	   253.73	14442615	  0.31	区域地产	上海	2.01	9.34	8043	7422	  1.08	154	790	--  	     131283.69	
="002372"	伟星新材	-1.93	17.78	-0.35	17.69	17.78	22547	794	-0.55	          0.58	18.09	18.10	17.55	18.13	    21.16	40014472	  0.80	其他建材	浙江	3.03	17.75	13869	8678	  1.60	6	56	--  	      38951.12	
="600738"	兰州民百	-1.96	8.01	-0.16	8.02	8.03	171329	103	0.25	          6.54	8.08	8.24	7.96	8.17	    25.40	137918448	  0.46	百货	甘肃	3.43	8.05	98723	72605	  1.36	2	67	--  	      26210.72	
="600105"	永鼎股份	-1.98	9.39	-0.19	9.38	9.39	45018	14	-0.31	          1.18	9.61	9.64	9.36	9.58	    21.17	42830564	  0.62	通信设备	江苏	2.92	9.51	29396	15622	  1.88	155	60	--  	      38095.46	
="600723"	首商股份	-2.02	8.72	-0.18	8.74	8.76	89423	41	0.00	          1.36	8.89	8.89	8.70	8.90	    20.58	78583256	  0.48	百货	北京	2.13	8.79	53726	35696	  1.51	1	158	--  	      65722.45	
="600697"	欧亚集团	-2.03	26.99	-0.56	26.99	27.00	20002	10	0.00	          1.29	27.55	27.68	26.68	27.55	    17.39	54248168	  0.92	百货	吉林	3.63	27.12	12667	7335	  1.73	6	283	--  	      15515.59	
="000999"	华润三九	-2.07	23.70	-0.50	23.69	23.70	77764	586	0.12	          0.80	24.22	24.42	23.56	24.20	    22.06	185315008	  0.98	中成药	深圳	3.55	23.83	51053	26711	  1.91	25	578	--  	      97774.22	
="002200"	云投生态	-2.08	17.85	-0.38	17.84	17.85	23134	123	0.00	          2.15	18.08	18.21	17.84	18.23	--  	41563724	  1.00	环境保护	云南	2.03	17.97	16822	6311	  2.67	271	3	--  	      10782.91	
="600398"	海澜之家	-2.14	11.41	-0.25	11.41	11.42	107527	10	0.61	          1.66	11.75	11.80	11.31	11.66	    23.84	122711056	  0.67	服饰	江苏	4.20	11.41	56038	51488	  1.09	1	48	--  	      64660.41	
="601010"	文峰股份	-2.19	10.74	-0.24	10.74	10.75	49189	1	-0.18	          0.67	11.05	11.06	10.74	10.98	    18.32	53620060	  0.85	超市连锁	江苏	2.91	10.90	31654	17534	  1.81	294	186	--  	      73920.00	
="600326"	西藏天路	-2.19	8.93	-0.20	8.94	8.95	174791	37	-0.77	          3.19	9.12	9.19	8.91	9.13	    71.85	157638816	  1.04	建筑施工	西藏	3.07	9.02	97368	77423	  1.26	96	150	--  	      54720.00	
="300313"	天山生物	-2.23	22.78	-0.52	22.78	22.79	15994	369	0.00	          3.83	23.37	23.57	22.62	23.30	   248.69	36709972	  0.46	农业综合	新疆	4.08	22.95	9969	6024	  1.65	7	250	--  	       4177.81	
="600626"	申达股份	-2.31	12.69	-0.30	12.70	12.71	297351	20	0.00	          4.19	12.90	13.07	12.63	12.99	    65.67	379763264	  0.57	纺织	上海	3.39	12.77	171673	125677	  1.37	744	10	--  	      71024.28	
="000501"	鄂武商Ａ	-2.36	16.56	-0.40	16.55	16.56	35173	287	-0.12	          0.69	16.88	17.02	16.56	16.96	    13.00	58859744	  0.81	百货	湖北	2.71	16.73	20779	14394	  1.44	176	200	--  	      50718.42	
="000738"	中航动控	-2.40	18.72	-0.46	18.71	18.72	344954	3512	-0.42	          3.01	19.18	19.76	18.68	19.18	   103.55	666033856	  1.38	航空	江苏	5.63	19.31	178381	166573	  1.07	999	846	--  	     114564.22	
="002202"	金风科技	-2.46	14.30	-0.36	14.30	14.31	317997	2834	0.00	          1.49	14.71	14.79	14.27	14.66	    24.19	461181216	  1.06	电气设备	新疆	3.55	14.50	178177	139820	  1.27	3096	337	--  	     213853.45	
="002375"	亚厦股份	-2.46	21.78	-0.55	21.78	21.90	142377	2735	-0.77	          4.14	22.26	22.50	21.77	22.33	    19.92	315789056	  1.14	装修装饰	浙江	3.27	22.18	72875	69501	  1.05	4356	4	--  	      34353.73	
="002436"	兴森科技	-2.49	36.77	-0.94	36.70	36.77	19004	259	-0.21	          1.24	38.10	38.49	36.60	37.71	    59.78	71401336	  0.85	元器件	深圳	5.01	37.57	11829	7175	  1.65	50	89	--  	      15335.95	
="000737"	南风化工	-2.55	5.35	-0.14	5.35	5.36	128073	1740	-0.37	          2.33	5.49	5.54	5.35	5.49	--  	69599376	  0.57	日用化工	山西	3.46	5.43	79811	48262	  1.65	1991	415	--  	      54873.12	
="000957"	中通客车	-2.70	15.47	-0.43	15.47	15.48	54500	779	-0.19	          2.29	15.91	15.98	15.46	15.90	     9.97	85807688	  0.65	汽车整车	山东	3.27	15.74	22977	31522	  0.73	205	30	--  	      23847.91	
="600268"	国电南自	-2.71	7.89	-0.22	7.89	7.90	98522	105	0.12	          1.55	8.07	8.18	7.85	8.11	--  	78826176	  0.74	电气设备	江苏	4.07	8.00	63512	35010	  1.81	268	307	--  	      63524.64	
="000860"	顺鑫农业	-2.73	19.99	-0.56	19.99	20.00	100467	421	-0.05	          2.29	20.60	20.60	19.89	20.55	    30.29	201982432	  1.45	农业综合	北京	3.45	20.10	61710	38756	  1.59	18	508	--  	      43852.50	
="002482"	广田股份	-2.74	18.08	-0.51	18.07	18.08	82620	912	-0.16	          1.82	18.65	18.71	18.00	18.59	    21.82	151586944	  1.37	装修装饰	深圳	3.82	18.35	53334	29286	  1.82	355	626	--  	      45321.30	
="600436"	片仔癀	-2.79	101.02	-2.90	100.80	101.08	30643	5	0.05	          1.90	104.50	104.55	99.06	103.92	    40.80	308878400	  1.30	中成药	福建	5.28	100.80	18190	12453	  1.46	4	2	--  	      16088.45	
="601678"	滨化股份	-2.82	10.34	-0.30	10.34	10.35	114572	54	-0.28	          1.74	10.62	10.65	10.34	10.64	    16.21	120028232	  0.85	化工原料	山东	2.91	10.48	70460	44111	  1.60	213	693	--  	      66000.00	
="600596"	新安股份	-2.91	11.02	-0.33	11.01	11.02	183278	52	0.00	          2.70	11.35	11.37	11.00	11.35	    59.46	204191728	  0.70	农药化肥	浙江	3.26	11.14	110834	72443	  1.53	469	49	--  	      67918.46	
="002391"	长青股份	-3.00	17.46	-0.54	17.45	17.46	62558	880	-0.11	          4.04	18.02	18.10	17.42	18.00	    23.32	110748296	  1.21	农药化肥	江苏	3.78	17.70	41969	20588	  2.04	160	505	--  	      15483.11	
="300217"	东方电热	-3.11	12.16	-0.39	12.16	12.17	134865	1006	0.08	          6.27	12.54	12.83	12.12	12.55	    50.07	166878784	  0.87	电器仪表	江苏	5.66	12.37	77628	57237	  1.36	358	416	--  	      21497.27	
="002469"	三维工程	-3.43	15.20	-0.54	15.20	15.22	132341	3542	-0.19	          5.25	15.75	15.89	15.17	15.74	    37.73	204836512	  0.87	建筑施工	山东	4.57	15.48	83141	49200	  1.69	7	4	--  	      25195.47	
="002572"	索菲亚	-3.53	24.63	-0.90	24.63	24.65	40271	1360	-0.28	          1.60	25.64	25.64	24.39	25.53	    41.13	100493328	  1.25	家居用品	广东	4.90	24.95	26826	13444	  2.00	6	25	--  	      25138.69	
="002078"	太阳纸业	-3.74	4.37	-0.17	4.36	4.37	522310	9080	-0.22	          2.64	4.55	4.58	4.36	4.54	    24.00	233096592	  0.95	造纸	山东	4.85	4.46	325327	196983	  1.65	6783	1443	--  	     197669.13	
数据来源:通达信
