代码	名称	涨幅%%	现价	涨跌	买价	卖价	总量	现量	涨速%%	换手%%	今开	最高	最低	昨收	市盈(动)	总金额	量比	细分行业	地区	振幅%%	均价	内盘	外盘	内外比	买量	卖量	未匹配量	流通股本	
="601908"	京运通	10.04	10.96	1.00	10.96	--  	243448	74	          0.00	          8.56	9.99	10.96	9.99	9.96	    55.92	261013760	  3.57	半导体	北京	 9.74	10.72	99991	143457	  0.70	7680	0	--  	      28451.52	
="300005"	探路者	9.98	20.39	1.85	20.39	--  	514733	2242	          0.00	         15.97	18.44	20.39	18.30	18.54	    43.75	1017260352	  1.22	服饰	北京	11.27	19.76	275288	239445	  1.15	24014	0	--  	      32222.78	
="000514"	渝 开 发	9.93	6.31	0.57	6.31	--  	165274	276	          0.00	          1.96	5.86	6.31	5.86	5.74	    32.96	103495240	  1.00	区域地产	重庆	 7.84	6.26	141284	23990	  5.89	108345	0	--  	      84377.09	
="002172"	澳洋科技	7.61	7.07	0.50	7.06	7.07	122644	2106	          0.14	          2.28	6.57	7.08	6.47	6.57	--  	84603440	  3.15	化纤	江苏	 9.28	6.90	53180	69464	  0.77	654	370	--  	      53754.96	
="002031"	巨轮股份	7.51	12.03	0.84	12.02	12.03	216608	2225	          0.41	          5.29	11.16	12.03	11.01	11.19	    34.35	251244816	  2.08	汽车配件	广东	 9.12	11.60	85064	131544	  0.65	256	436	--  	      40972.19	
="300178"	腾邦国际	7.47	23.60	1.64	23.60	23.61	92139	2244	          0.08	          5.93	22.39	23.60	22.00	21.96	    49.41	212679264	  1.66	旅游服务	深圳	 7.29	23.08	39831	52308	  0.76	326	77	--  	      15548.70	
="002018"	华星化工	7.17	12.70	0.85	12.69	12.70	187387	2706	          0.00	          4.19	11.88	12.71	11.88	11.85	   158.26	232094976	  1.59	农药化肥	安徽	 7.00	12.39	73724	113663	  0.65	433	1180	--  	      44739.51	
="600836"	界龙实业	7.07	11.20	0.74	11.19	11.21	160672	67	         -0.17	          5.12	10.42	11.48	10.38	10.46	   429.30	178134912	  4.78	广告包装	上海	10.52	11.09	63457	97215	  0.65	306	75	--  	      31356.33	
="002073"	软控股份	6.53	13.21	0.81	13.21	13.22	514588	4256	          0.15	          8.32	12.30	13.30	12.19	12.40	    45.06	668328896	  1.28	软件服务	山东	 8.95	12.99	210628	303960	  0.69	1699	1523	--  	      61879.48	
="002690"	美亚光电	6.41	46.80	2.82	46.78	46.80	19064	358	          0.21	          1.72	43.98	46.80	43.51	43.98	    74.06	87243648	  1.35	专用机械	安徽	 7.48	45.76	7137	11927	  0.60	4	120	--  	      11095.95	
="300204"	舒泰神	6.31	29.50	1.75	29.50	29.52	28204	186	          0.13	          1.20	27.03	29.70	27.03	27.75	    42.99	81195312	  1.81	生物制药	北京	 9.62	28.79	9421	18783	  0.50	33	0	--  	      23575.42	
="300259"	新天科技	6.05	14.73	0.84	14.72	14.73	49743	406	          0.20	          3.50	13.87	14.77	13.75	13.89	    43.53	72157680	  2.33	电器仪表	河南	 7.34	14.51	21045	28698	  0.73	90	144	--  	      14223.29	
="600781"	辅仁药业	6.01	21.52	1.22	21.51	21.52	42158	5	          0.79	          2.37	20.25	21.53	20.02	20.30	   137.91	88941384	  1.11	中成药	河南	 7.44	21.10	13475	28683	  0.47	2	51	--  	      17759.28	
="002632"	道明光学	5.79	18.83	1.03	18.83	18.89	12953	300	          0.31	          2.57	17.81	19.05	17.60	17.80	    98.90	23862770	  1.06	化工原料	浙江	 8.15	18.42	4568	8385	  0.54	446	3	--  	       5040.75	
="600125"	铁龙物流	5.69	7.43	0.40	7.43	7.44	509730	237	          0.40	          3.90	7.02	7.47	6.96	7.03	    27.40	372729696	  1.76	铁路	辽宁	 7.25	7.31	195220	314510	  0.62	72	1366	--  	     130552.18	
="002479"	富春环保	5.60	9.62	0.51	9.62	9.63	226960	2477	          0.00	          3.10	9.13	9.84	9.12	9.11	    35.73	216131440	  2.88	火力发电	浙江	 7.90	9.52	85974	140986	  0.61	1023	1692	--  	      73141.99	
="600867"	通化东宝	5.57	16.10	0.85	16.08	16.09	402925	96	          0.00	          3.93	15.33	16.40	15.33	15.25	    56.71	642525888	  2.33	生物制药	吉林	 7.02	15.95	182245	220680	  0.83	56	319	--  	     102460.04	
="000900"	现代投资	5.19	6.08	0.30	6.08	6.09	587685	4868	         -0.32	          5.81	5.79	6.20	5.76	5.78	    17.70	355567136	  1.41	路桥	湖南	 7.61	6.05	265422	322263	  0.82	1750	1349	--  	     101128.75	
="002650"	加加食品	4.91	12.60	0.59	12.59	12.60	94678	868	          0.00	          4.22	11.80	12.68	11.76	12.01	    35.61	116289128	  1.36	食品	湖南	 7.66	12.28	36520	58158	  0.63	112	1438	--  	      22439.23	
="300320"	海达股份	4.74	18.57	0.84	18.57	18.58	25623	431	          0.21	          3.70	17.68	18.65	17.68	17.73	    29.99	46710456	  1.44	橡胶	江苏	 5.47	18.23	10776	14847	  0.73	342	222	--  	       6921.29	
="600496"	精工钢构	4.65	9.45	0.42	9.43	9.44	105437	81	          0.31	          1.80	8.95	9.45	8.82	9.03	    19.55	98044576	  1.65	钢加工	安徽	 6.98	9.30	41358	64079	  0.65	1037	15	--  	      58656.60	
="300294"	博雅生物	4.61	65.98	2.91	65.96	65.98	13766	61	          0.18	          4.32	63.25	67.47	63.07	63.07	    52.85	90512312	  1.47	生物制药	江西	 6.98	65.75	5081	8685	  0.59	5	3	--  	       3188.44	
="002318"	久立特材	4.47	25.94	1.11	25.92	25.94	37125	418	          0.34	          1.25	24.85	26.10	24.41	24.83	    38.52	95022240	  0.75	特钢	浙江	 6.81	25.59	15845	21280	  0.74	15	212	--  	      29783.93	
="600589"	广东榕泰	4.46	6.56	0.28	6.56	6.57	156531	23	          0.15	          2.60	6.27	6.57	6.21	6.28	    55.46	101281472	  1.65	塑料	广东	 5.73	6.47	56625	99906	  0.57	12	976	--  	      60173.00	
="600478"	科力远	4.42	25.77	1.09	25.79	25.80	81555	129	          0.11	          1.73	24.70	25.95	24.70	24.68	  1374.59	207724736	  1.15	元器件	湖南	 5.06	25.47	29649	51906	  0.57	31	235	--  	      47223.51	
="600082"	海泰发展	4.36	5.75	0.24	5.74	5.75	284169	12	          0.00	          4.51	5.43	5.88	5.41	5.51	   116.46	161936368	  2.15	园区开发	天津	 8.53	5.70	126478	157691	  0.80	607	201	--  	      62998.89	
="300231"	银信科技	4.30	14.31	0.59	14.31	14.32	49190	1294	          0.00	          3.16	13.79	14.33	13.76	13.72	    56.29	69384528	  0.91	软件服务	北京	 4.15	14.11	20462	28728	  0.71	757	192	--  	      15562.79	
="002085"	万丰奥威	4.25	27.50	1.12	27.50	27.51	21182	522	          0.18	          0.58	26.39	27.50	26.06	26.38	    26.58	57517244	  1.45	汽车配件	浙江	 5.46	27.15	10344	10838	  0.95	185	40	--  	      36813.28	
="002035"	华帝股份	4.11	12.91	0.51	12.90	12.91	94971	1498	          0.07	          3.20	12.26	12.94	12.22	12.40	    17.21	121039504	  1.64	家用电器	广东	 5.81	12.74	33584	61387	  0.55	264	307	--  	      29677.21	
="300303"	聚飞光电	4.00	19.50	0.75	19.49	19.50	29776	267	          0.51	          2.09	18.80	19.51	18.63	18.75	    31.53	57244052	  1.23	半导体	深圳	 4.69	19.22	13946	15830	  0.88	45	997	--  	      14272.04	
="002667"	鞍重股份	3.92	29.68	1.12	29.66	29.68	23443	323	          0.10	          8.38	28.55	29.75	28.17	28.56	    43.97	68228584	  0.94	工程机械	辽宁	 5.53	29.10	11092	12351	  0.90	1	131	--  	       2798.00	
="300203"	聚光科技	3.81	21.52	0.79	21.52	21.54	121605	972	         -0.27	          2.73	20.68	22.70	20.68	20.73	    81.24	264065872	  0.98	电器仪表	浙江	 9.74	21.71	53244	68361	  0.78	193	28	--  	      44500.00	
="601567"	三星电气	3.80	14.20	0.52	14.18	14.20	36445	188	         -0.28	          1.06	13.90	14.35	13.68	13.68	    28.00	51376884	  1.85	电器仪表	浙江	 4.90	14.10	16713	19732	  0.85	3	35	--  	      34425.00	
="600774"	汉商集团	3.79	11.51	0.42	11.50	11.51	14499	5	         -0.34	          0.84	10.94	11.56	10.92	11.09	   769.91	16506987	  0.60	百货	湖北	 5.77	11.38	4784	9715	  0.49	22	10	--  	      17289.15	
="000828"	东莞控股	3.76	6.07	0.22	6.07	6.08	90585	719	          0.16	          0.87	5.86	6.14	5.82	5.85	    12.10	54622312	  2.29	路桥	广东	 5.47	6.03	35869	54716	  0.66	176	804	--  	     103951.70	
="600306"	*ST商城	3.69	10.95	0.39	10.94	10.95	15287	45	          0.82	          0.86	10.56	10.98	10.46	10.56	--  	16318595	  0.58	百货	辽宁	 4.92	10.67	5790	9497	  0.61	60	11	--  	      17727.78	
="002409"	雅克科技	3.69	22.49	0.80	22.45	22.49	84639	1029	          0.85	         10.26	21.30	22.52	21.30	21.69	    57.88	187748864	  3.71	化工原料	江苏	 5.62	22.18	21817	62822	  0.35	17	73	--  	       8253.00	
="000153"	丰原药业	3.63	11.71	0.41	11.71	11.72	72947	1134	          0.17	          2.46	11.25	11.76	11.08	11.30	    97.52	84356520	  0.92	化学制药	安徽	 6.02	11.56	18047	54900	  0.33	964	459	--  	      29664.51	
="002026"	山东威达	3.58	10.41	0.36	10.41	10.42	51920	742	          0.28	          2.28	10.05	10.49	9.96	10.05	    31.01	53695280	  2.96	机械基件	山东	 5.27	10.34	16059	35861	  0.45	77	236	--  	      22815.00	
="002399"	海普瑞	3.56	27.03	0.93	27.02	27.03	52203	1461	          0.14	          0.65	26.09	27.27	25.60	26.10	    98.29	138523072	  1.14	化学制药	深圳	 6.40	26.54	23025	29178	  0.79	167	102	--  	      80020.00	
="002534"	杭锅股份	3.50	18.35	0.62	18.34	18.35	30350	548	          0.10	          0.77	17.70	18.39	17.47	17.73	    57.21	54835816	  0.87	专用机械	浙江	 5.19	18.07	9358	20992	  0.45	75	508	--  	      39168.26	
="600792"	云煤能源	3.48	12.50	0.42	12.50	12.53	35884	44	          0.32	          0.90	12.14	12.57	12.07	12.08	   568.11	44452408	  1.19	焦炭加工	云南	 4.14	12.39	17235	18649	  0.92	748	91	--  	      40022.50	
="002208"	合肥城建	3.47	8.64	0.29	8.64	8.65	42585	153	          0.11	          1.34	8.37	8.81	8.25	8.35	    37.19	36707796	  1.33	区域地产	安徽	 6.71	8.62	16350	26235	  0.62	103	534	--  	      31671.60	
="600755"	厦门国贸	3.45	6.59	0.22	6.58	6.59	2177403	21	          0.30	         16.36	6.50	6.83	6.46	6.37	    11.78	1439472128	  3.25	商贸代理	福建	 5.81	6.61	996866	1180537	  0.84	20	1015	--  	     133083.59	
="000912"	泸 天 化	3.43	6.34	0.21	6.33	6.34	105247	1624	         -0.15	          3.94	6.08	6.40	6.07	6.13	--  	66353804	  0.64	农药化肥	四川	 5.38	6.30	41386	63861	  0.65	8	543	--  	      26715.00	
="601100"	恒立油缸	3.40	11.26	0.37	11.25	11.26	18361	12	          0.98	          1.17	10.90	11.28	10.71	10.89	    55.60	20377276	  1.13	工程机械	江苏	 5.23	11.10	6739	11622	  0.58	302	25	--  	      15750.00	
="002536"	西泵股份	3.39	26.85	0.88	26.85	26.86	17564	295	          0.00	          3.96	26.00	26.89	25.70	25.97	    47.49	46442632	  0.89	汽车配件	河南	 4.58	26.44	7178	10386	  0.69	0	15	--  	       4438.20	
="002046"	轴研科技	3.38	10.08	0.33	10.08	10.09	78673	468	          0.09	          2.31	9.69	10.11	9.67	9.75	   119.72	78144080	  0.91	机械基件	河南	 4.51	9.93	30482	48191	  0.63	426	306	--  	      34056.60	
="002623"	亚玛顿	3.35	25.32	0.82	25.32	25.33	19283	78	          0.11	          1.21	24.44	25.33	24.11	24.50	   106.44	47927696	  1.12	玻璃	江苏	 4.98	24.85	8569	10714	  0.80	34	86	--  	      16000.00	
="300041"	回天新材	3.28	20.78	0.66	20.78	20.79	14167	693	          0.19	          1.10	20.12	20.87	19.96	20.12	    34.42	29257702	  0.82	化工原料	湖北	 4.52	20.65	5037	9130	  0.55	298	111	--  	      12935.03	
="300229"	拓尔思	3.28	26.48	0.84	26.47	26.48	36980	366	          0.30	          1.80	25.40	26.71	25.31	25.64	   131.22	97002256	  1.12	软件服务	北京	 5.46	26.23	16755	20225	  0.83	152	57	--  	      20488.22	
="002501"	利源精制	3.27	17.69	0.56	17.68	17.69	91219	1327	          0.00	          2.72	17.00	17.99	16.90	17.13	    21.26	158462512	  0.68	铝	吉林	 6.36	17.37	39003	52216	  0.75	48	319	--  	      33565.53	
="600386"	北巴传媒	3.26	11.41	0.36	11.40	11.41	162057	20	          0.17	          4.02	11.05	11.45	10.98	11.05	    23.85	182907584	  1.50	公共交通	北京	 4.25	11.29	75383	86674	  0.87	268	273	--  	      40320.00	
="002702"	海欣食品	3.20	19.05	0.59	19.05	19.06	43895	420	         -0.10	          7.20	18.50	19.30	18.50	18.46	--  	83737760	  3.39	食品	福建	 4.33	19.08	20387	23508	  0.87	62	2	--  	       6100.00	
="002471"	中超电缆	3.17	12.38	0.38	12.37	12.38	56589	684	          0.00	          1.18	12.00	12.41	11.88	12.00	    52.77	69112056	  0.79	电气设备	江苏	 4.42	12.21	23191	33398	  0.69	488	278	--  	      48012.35	
="300346"	南大光电	3.14	38.45	1.17	38.44	38.45	17711	271	          0.10	          4.94	36.90	38.62	36.88	37.28	    81.29	67566888	  1.42	半导体	江苏	 4.67	38.15	6864	10847	  0.63	11	7	--  	       3584.05	
="600375"	华菱星马	3.11	12.59	0.38	12.59	12.60	166053	5	          0.07	          3.34	12.19	12.65	12.12	12.21	    38.63	206347952	  1.45	汽车整车	安徽	 4.34	12.43	81289	84764	  0.96	110	1179	--  	      49788.89	
="600728"	佳都科技	3.10	15.65	0.47	15.65	15.67	60401	3	          0.12	          1.66	15.18	15.68	15.02	15.18	   232.67	92850848	  0.75	软件服务	广东	 4.35	15.37	27067	33334	  0.81	38	94	--  	      36280.03	
="002598"	山东章鼓	3.08	9.72	0.29	9.72	9.73	63772	668	          0.10	          2.42	9.43	9.78	9.40	9.43	    38.41	61401572	  0.53	机械基件	山东	 4.03	9.63	28145	35627	  0.79	158	201	--  	      26322.46	
="000650"	仁和药业	3.05	7.09	0.21	7.09	7.10	111825	1049	          0.14	          1.13	6.88	7.15	6.82	6.88	    28.08	78608032	  0.85	中成药	江西	 4.80	7.03	44541	67284	  0.66	544	1579	--  	      99040.99	
="600165"	新日恒力	3.05	9.12	0.27	9.10	9.13	48768	255	          0.21	          2.51	9.11	9.29	8.90	8.85	    76.73	44562436	  1.03	钢加工	宁夏	 4.41	9.14	24017	24751	  0.97	71	521	--  	      19395.34	
="002333"	罗普斯金	3.03	13.60	0.40	13.60	13.62	25117	1159	          0.22	          1.04	13.06	13.70	13.05	13.20	    55.90	33706740	  0.66	铝	江苏	 4.92	13.42	9726	15391	  0.63	498	61	--  	      24248.49	
="002161"	远 望 谷	2.94	8.41	0.24	8.41	8.42	152762	2510	         -0.11	          2.20	8.12	8.43	8.07	8.17	--  	126564200	  1.02	通信设备	深圳	 4.41	8.29	67835	84927	  0.80	308	1483	--  	      69472.39	
="002220"	天宝股份	2.94	8.06	0.23	8.05	8.06	43770	234	          0.00	          1.12	7.80	8.07	7.75	7.83	    25.17	34899672	  0.83	食品	辽宁	 4.09	7.97	17499	26271	  0.67	368	312	--  	      38948.12	
="002291"	星期六	2.92	8.12	0.23	8.11	8.12	42922	668	          0.24	          1.18	7.87	8.13	7.75	7.89	    44.27	34283968	  1.42	服饰	广东	 4.82	7.99	18092	24830	  0.73	498	446	--  	      36335.00	
="000035"	中国天楹	2.88	13.20	0.37	13.20	13.21	38884	1045	          0.15	          2.06	12.72	13.21	12.72	12.83	    67.65	50716724	  1.16	通信设备	深圳	 3.82	13.04	17136	21748	  0.79	83	272	--  	      18895.36	
="600238"	海南椰岛	2.86	8.98	0.25	8.97	8.99	101992	151	         -0.11	          2.31	8.65	9.11	8.58	8.73	    71.97	91307712	  0.47	红黄药酒	海南	 6.07	8.95	46100	55892	  0.82	77	1336	--  	      44203.16	
="002511"	中顺洁柔	2.84	10.51	0.29	10.50	10.51	69147	366	          0.57	          1.71	10.13	10.63	10.13	10.22	    62.74	72262160	  0.88	造纸	广东	 4.89	10.45	29702	39445	  0.75	434	425	--  	      40451.92	
="300118"	东方日升	2.83	10.16	0.28	10.16	10.17	116990	1808	          0.00	          3.08	9.92	10.24	9.89	9.88	   151.97	118053088	  0.63	半导体	浙江	 3.54	10.09	59357	57633	  1.03	268	390	--  	      37982.94	
="600731"	湖南海利	2.82	8.76	0.24	8.74	8.75	76644	179	          0.22	          3.00	8.46	8.79	8.45	8.52	   305.80	66575640	  1.41	农药化肥	湖南	 3.99	8.69	32607	44037	  0.74	129	112	--  	      25557.66	
="002670"	华声股份	2.80	14.33	0.39	14.32	14.33	35828	935	          0.20	          4.35	13.92	14.40	13.88	13.94	    27.03	50848872	  1.04	电气设备	广东	 3.73	14.19	13777	22051	  0.62	135	291	--  	       8237.73	
="601311"	骆驼股份	2.72	15.10	0.40	15.12	15.13	88777	373	          0.26	          1.05	14.70	15.13	14.61	14.70	    20.63	132842152	  0.95	电气设备	湖北	 3.54	14.96	37621	51156	  0.74	52	869	--  	      84461.57	
="300262"	巴安水务	2.70	16.74	0.44	16.74	16.75	53240	673	          0.17	          3.39	16.30	16.84	16.21	16.30	    53.39	88725792	  1.68	环境保护	上海	 3.87	16.67	20954	32286	  0.65	118	178	--  	      15727.58	
="002691"	石中装备	2.67	14.60	0.38	14.59	14.60	36193	2029	          0.41	          5.49	14.20	15.00	14.00	14.22	    84.61	52089188	  0.85	专用机械	河北	 7.03	14.39	14513	21680	  0.67	130	15	--  	       6596.93	
="000429"	粤高速Ａ	2.65	3.87	0.10	3.86	3.87	39524	198	          0.00	          0.84	3.76	3.88	3.75	3.77	    13.65	15199587	  0.87	路桥	广东	 3.45	3.85	15011	24513	  0.61	730	195	--  	      46788.23	
="002187"	广百股份	2.58	10.74	0.27	10.74	10.75	33817	164	          0.00	          1.01	10.51	10.80	10.51	10.47	    16.77	36307144	  0.86	百货	广东	 2.77	10.74	15288	18529	  0.83	599	285	--  	      33572.48	
="000989"	九 芝 堂	2.55	14.87	0.37	14.86	14.87	54347	861	          0.26	          1.83	14.54	14.87	14.43	14.50	    28.49	79823640	  0.36	中成药	湖南	 3.03	14.69	26282	28065	  0.94	52	9	--  	      29760.52	
="600276"	恒瑞医药	2.52	38.99	0.96	38.99	39.00	45486	44	          0.48	          0.30	37.68	39.00	37.65	38.03	    38.58	174114496	  1.21	化学制药	江苏	 3.55	38.28	14988	30498	  0.49	44	192	--  	     149624.31	
="002020"	京新药业	2.51	20.43	0.50	20.42	20.43	15257	88	          0.14	          0.79	19.76	20.48	19.61	19.93	    49.17	30955490	  0.85	化学制药	浙江	 4.37	20.29	7875	7382	  1.07	12	69	--  	      19382.21	
="600895"	张江高科	2.50	8.19	0.20	8.19	8.20	218373	228	         -0.24	          1.41	8.00	8.25	7.78	7.99	    60.43	174501120	  1.64	园区开发	上海	 5.88	7.99	112849	105524	  1.07	384	1627	--  	     154868.95	
="002384"	东山精密	2.49	14.42	0.35	14.42	14.44	31753	143	         -0.13	          0.70	14.06	14.55	14.01	14.07	   251.96	45294060	  0.59	通信设备	江苏	 3.84	14.26	14971	16782	  0.89	42	58	--  	      45272.80	
="002169"	智光电气	2.48	10.75	0.26	10.75	10.76	203577	2028	          0.00	          8.28	10.53	10.80	10.26	10.49	    96.86	215034784	  1.80	电气设备	广东	 5.15	10.56	76332	127245	  0.60	718	469	--  	      24588.78	
="002133"	广宇集团	2.46	4.99	0.12	4.99	5.00	97728	523	          0.20	          2.15	4.87	5.04	4.84	4.87	   107.30	48747272	  1.43	全国地产	浙江	 4.11	4.99	51621	46107	  1.12	52	1936	--  	      45524.98	
="600502"	安徽水利	2.44	9.25	0.22	9.24	9.25	119665	96	          0.32	          2.38	9.08	9.27	8.94	9.03	    18.88	109217800	  1.02	建筑施工	安徽	 3.65	9.13	51031	68634	  0.74	15	293	--  	      50193.00	
="300045"	华力创通	2.39	22.69	0.53	22.68	22.69	37133	175	          0.00	          2.39	21.80	22.79	21.40	22.16	   443.47	83525160	  1.25	电脑设备	北京	 6.27	22.49	15904	21229	  0.75	214	135	--  	      15512.53	
="002547"	春兴精工	2.35	15.70	0.36	15.70	15.71	22549	412	          0.00	          1.57	15.18	15.71	15.18	15.34	    43.69	35011700	  0.49	通信设备	江苏	 3.46	15.53	9610	12939	  0.74	2	106	--  	      14378.58	
="000661"	长春高新	2.32	102.33	2.32	102.33	102.48	15657	44	          0.20	          1.19	99.99	103.50	99.03	100.01	    59.57	159460992	  1.16	生物制药	吉林	 4.47	101.84	5078	10579	  0.48	36	22	--  	      13132.37	
="000088"	盐 田 港	2.32	6.62	0.15	6.61	6.62	856959	9622	         -0.30	          4.41	6.53	6.87	6.50	6.47	    27.95	572815552	  3.55	港口	深圳	 5.72	6.68	408013	448946	  0.91	2882	3477	--  	     194212.78	
="002144"	宏达高科	2.27	21.22	0.47	21.21	21.22	49234	1268	          0.04	          3.60	20.61	21.24	20.61	20.75	    25.09	103585560	  0.80	纺织	浙江	 3.04	21.04	21855	27379	  0.80	177	36	--  	      13679.36	
="002002"	鸿达兴业	2.24	11.39	0.25	11.38	11.39	30891	145	         -0.34	          1.32	11.30	11.68	11.30	11.14	    39.68	35221920	  0.66	塑料	广东	 3.41	11.40	13817	17074	  0.81	80	375	--  	      23365.13	
="002350"	北京科锐	2.20	12.98	0.28	12.96	12.98	21523	204	          0.15	          0.99	12.75	12.98	12.54	12.70	    51.20	27535806	  0.87	电气设备	北京	 3.46	12.79	9869	11654	  0.85	74	146	--  	      21821.63	
="000981"	银亿股份	2.15	10.91	0.23	10.91	10.92	28447	260	          0.36	          0.33	10.70	10.97	10.48	10.68	    17.37	30716588	  1.06	区域地产	甘肃	 4.59	10.80	15150	13297	  1.14	162	105	--  	      85810.52	
="300031"	宝通带业	2.14	9.07	0.19	9.06	9.07	60705	1513	          0.00	          2.84	8.80	9.08	8.67	8.88	    38.47	54010876	  0.50	橡胶	江苏	 4.62	8.90	23796	36909	  0.64	126	601	--  	      21383.36	
="600615"	丰华股份	2.11	13.05	0.27	13.04	13.07	33252	20	          0.15	          1.77	12.84	13.12	12.58	12.78	   174.30	42958384	  0.96	区域地产	上海	 4.23	12.92	16976	16276	  1.04	5	37	--  	      18762.44	
="000877"	天山股份	2.10	6.82	0.14	6.81	6.82	108619	1385	          0.00	          1.23	6.69	6.85	6.67	6.68	    14.65	73280520	  0.92	水泥	新疆	 2.69	6.75	50979	57640	  0.88	1729	810	--  	      88001.99	
="002230"	科大讯飞	2.08	30.00	0.61	29.99	30.00	97582	712	         -0.06	          1.69	29.90	30.49	29.50	29.39	    91.04	293417120	  0.49	软件服务	安徽	 3.37	30.07	46761	50821	  0.92	56	383	--  	      57848.67	
="000551"	创元科技	2.06	10.41	0.21	10.41	10.42	100760	1122	         -0.19	          2.52	10.24	10.53	10.16	10.20	    81.22	104779376	  0.38	专用机械	江苏	 3.63	10.40	49442	51318	  0.96	1248	403	--  	      40008.03	
="601179"	中国西电	2.03	4.53	0.09	4.52	4.53	234147	108	          0.22	          0.54	4.45	4.57	4.43	4.44	    35.45	105660776	  1.01	电气设备	陕西	 3.15	4.51	113688	120459	  0.94	1444	2056	--  	     435700.00	
="600083"	博信股份	2.03	10.07	0.20	10.06	10.07	22675	83	          0.69	          1.00	9.87	10.14	9.68	9.87	   571.99	22657348	  0.95	元器件	广东	 4.66	9.99	11664	11011	  1.06	59	341	--  	      22598.08	
="601007"	金陵饭店	1.92	11.15	0.21	11.14	11.15	56857	176	          0.17	          1.90	10.82	11.25	10.76	10.94	   107.32	63171792	  0.91	酒店餐饮	江苏	 4.48	11.11	24576	32281	  0.76	14	721	--  	      30000.00	
="600590"	泰豪科技	1.91	9.08	0.17	9.08	9.09	81612	58	          0.11	          1.63	8.81	9.13	8.71	8.91	--  	73289240	  0.71	电气设备	江西	 4.71	8.98	38329	43283	  0.89	56	233	--  	      50032.57	
="002168"	深圳惠程	1.88	9.76	0.18	9.76	9.77	265950	2740	          0.10	          4.68	9.60	9.83	9.35	9.58	--  	255228800	  0.75	电气设备	深圳	 5.01	9.60	130425	135525	  0.96	603	1544	--  	      56803.58	
="600354"	敦煌种业	1.87	7.62	0.14	7.61	7.62	65958	51	          0.39	          1.47	7.47	7.67	7.41	7.48	--  	50067896	  0.75	种植业	甘肃	 3.48	7.59	25770	40188	  0.64	513	25	--  	      44780.21	
="600671"	天目药业	1.85	16.54	0.30	16.53	16.54	9989	30	          0.79	          0.82	16.18	16.55	16.02	16.24	--  	16272766	  0.41	中成药	浙江	 3.26	16.29	4302	5687	  0.76	61	61	--  	      12172.04	
="002680"	黄海机械	1.83	33.98	0.61	33.98	33.99	8470	113	         -0.41	          3.53	33.49	34.49	32.53	33.37	   141.23	28771318	  0.56	工程机械	江苏	 5.87	33.96	3774	4696	  0.80	0	1	--  	       2399.22	
="600613"	神奇制药	1.81	18.56	0.33	18.56	18.57	11758	14	          0.27	          0.80	18.24	18.60	17.91	18.23	    47.06	21666228	  0.52	中成药	上海	 3.78	18.43	5754	6004	  0.96	30	45	--  	      14769.17	
="002521"	齐峰新材	1.79	11.37	0.20	11.37	11.38	77727	444	          0.17	          2.53	11.11	11.42	10.99	11.17	    18.05	87234480	  0.83	造纸	山东	 3.85	11.22	29859	47868	  0.62	148	176	--  	      30760.26	
="002687"	乔治白	1.73	11.19	0.19	11.18	11.19	23802	31	          0.08	          3.42	11.01	11.24	10.83	11.00	    34.80	26462538	  0.77	服饰	浙江	 3.73	11.12	13144	10658	  1.23	240	20	--  	       6961.27	
="000593"	大通燃气	1.71	8.33	0.14	8.29	8.33	25937	638	          0.36	          1.16	8.19	8.35	8.12	8.19	   224.93	21344012	  0.60	供气供热	四川	 2.81	8.23	12909	13028	  0.99	160	59	--  	      22317.48	
="002513"	蓝丰生化	1.71	12.50	0.21	12.49	12.50	25739	438	          0.08	          1.21	12.10	12.55	12.06	12.29	   520.86	31952494	  0.90	农药化肥	江苏	 3.99	12.41	12446	13293	  0.94	186	88	--  	      21312.00	
="002470"	金正大	1.69	25.28	0.42	25.27	25.28	34180	451	          0.00	          0.58	25.01	25.38	24.51	24.86	    16.29	85053384	  0.50	农药化肥	山东	 3.50	24.88	16980	17200	  0.99	249	52	--  	      59254.00	
="000613"	大东海A	1.63	7.48	0.12	7.48	7.49	84180	1270	          0.13	          3.23	7.32	7.63	7.30	7.36	--  	63143944	  1.35	旅游服务	海南	 4.48	7.50	37667	46513	  0.81	1136	596	--  	      26056.48	
="600806"	昆明机床	1.62	5.63	0.09	5.62	5.63	64522	73	          0.17	          1.65	5.53	5.70	5.41	5.54	--  	36267220	  0.53	机床制造	云南	 5.23	5.62	27996	36526	  0.77	288	2	--  	      39018.62	
="000902"	新洋丰	1.54	14.50	0.22	14.50	14.51	78233	795	          0.00	          3.03	14.28	14.51	14.01	14.28	    15.21	112319552	  0.75	农药化肥	湖北	 3.50	14.36	43765	34468	  1.27	215	536	--  	      25800.00	
="600985"	雷鸣科化	1.50	15.55	0.23	15.52	15.57	11755	23	         -0.06	          0.91	15.16	15.59	15.16	15.32	    22.18	18151292	  0.64	化工原料	安徽	 2.81	15.44	5891	5864	  1.00	34	93	--  	      12960.00	
="600543"	莫高股份	1.48	8.92	0.13	8.92	8.93	37745	36	          0.11	          1.18	8.76	8.95	8.68	8.79	    89.03	33463060	  0.43	红黄药酒	甘肃	 3.07	8.87	18889	18856	  1.00	128	108	--  	      32112.00	
="002316"	键桥通讯	1.43	12.03	0.17	12.03	12.04	39117	561	          0.00	          1.00	11.86	12.11	11.79	11.86	   154.94	46949092	  1.04	软件服务	深圳	 2.70	12.00	18359	20758	  0.88	215	10	--  	      39267.76	
="600038"	哈飞股份	1.41	38.21	0.53	38.20	38.21	38156	46	          0.15	          1.13	37.70	38.50	37.51	37.68	    73.79	145487104	  0.68	航空航天	黑龙江	 2.63	38.13	17843	20313	  0.88	121	10	--  	      33735.00	
="300196"	长海股份	1.39	19.70	0.27	19.69	19.70	27029	653	          0.15	          2.48	19.60	19.79	18.88	19.43	    26.58	52599668	  0.85	玻璃	江苏	 4.68	19.46	12998	14031	  0.93	30	67	--  	      10918.94	
="600993"	马应龙	1.35	21.03	0.28	21.02	21.03	58119	30	          0.23	          1.76	20.74	21.06	20.45	20.75	    29.07	120980648	  0.94	中成药	湖北	 2.94	20.82	29169	28950	  1.01	169	72	--  	      33087.71	
="600483"	福建南纺	1.33	8.37	0.11	8.36	8.37	22960	2	          0.23	          0.80	8.20	8.37	8.18	8.26	   850.25	18982132	  0.61	纺织	福建	 2.30	8.27	12604	10356	  1.22	104	265	--  	      28848.36	
="002603"	以岭药业	1.33	32.79	0.43	32.78	32.79	32753	107	          0.06	          1.70	32.36	32.96	32.30	32.36	    45.93	107024032	  0.53	中成药	河北	 2.04	32.68	14441	18312	  0.79	100	10	--  	      19244.43	
="600120"	浙江东方	1.33	15.26	0.20	15.23	15.30	201539	2039	          0.13	          3.99	15.10	15.39	14.85	15.06	    13.19	305047456	  0.75	商贸代理	浙江	 3.59	15.14	91773	109766	  0.84	314	196	--  	      50547.33	
="600076"	青鸟华光	1.31	6.97	0.09	6.95	6.96	66330	103	         -0.28	          1.81	6.85	7.05	6.70	6.88	--  	45944928	  0.83	通信设备	山东	 5.09	6.93	28280	38050	  0.74	941	1527	--  	      36553.60	
="000582"	北部湾港	1.28	13.50	0.17	13.50	13.51	22612	222	          0.00	          1.60	13.23	13.51	13.23	13.33	    18.49	30362994	  0.89	港口	广西	 2.10	13.43	9689	12923	  0.75	183	111	--  	      14166.61	
="600086"	东方金钰	1.27	23.18	0.29	23.18	23.19	17902	87	          0.04	          0.51	22.90	23.18	22.52	22.89	    71.69	41133196	  0.47	服饰	湖北	 2.88	22.98	7616	10286	  0.74	16	120	--  	      35228.17	
="600097"	开创国际	1.25	13.76	0.17	13.72	13.76	20479	107	          0.14	          1.77	13.50	13.87	13.28	13.59	    36.77	27938164	  0.79	渔业	上海	 4.34	13.64	11430	9049	  1.26	7	45	--  	      11544.99	
="000507"	珠海港	1.24	5.71	0.07	5.70	5.71	423072	3912	          0.17	          5.48	5.58	5.89	5.55	5.64	--  	243635968	  3.39	港口	广东	 6.03	5.76	190707	232365	  0.82	2272	1148	--  	      77214.38	
="002580"	圣阳股份	1.24	19.64	0.24	19.64	19.65	19893	126	          0.00	          2.42	19.31	19.70	19.15	19.40	    71.67	38701004	  0.46	电气设备	山东	 2.84	19.45	8674	11219	  0.77	109	200	--  	       8209.24	
="600745"	中茵股份	1.22	14.11	0.17	14.10	14.13	15923	10	          0.49	          0.49	13.95	14.13	13.90	13.94	   444.06	22325498	  0.64	区域地产	湖北	 1.65	14.02	8073	7850	  1.03	96	148	--  	      32737.49	
="601107"	四川成渝	1.20	3.37	0.04	3.36	3.37	77722	17	          0.29	          0.36	3.31	3.39	3.28	3.33	     9.31	26053372	  0.43	路桥	四川	 3.30	3.35	23668	54054	  0.44	622	339	--  	     216274.00	
="601588"	北辰实业	1.16	3.50	0.04	3.50	3.51	324449	150	         -0.28	          1.22	3.40	3.59	3.40	3.46	    24.76	114101040	  0.65	区域地产	北京	 5.49	3.52	155465	168984	  0.92	666	1112	--  	     266000.00	
="002086"	东方海洋	1.14	10.67	0.12	10.66	10.67	50329	611	          0.00	          2.12	10.55	10.69	10.30	10.55	    37.76	52643208	  0.75	渔业	山东	 3.70	10.46	28052	22277	  1.26	98	154	--  	      23780.85	
="601113"	华鼎股份	1.12	5.44	0.06	5.43	5.44	41197	1	          0.18	          0.64	5.38	5.45	5.32	5.38	  1394.87	22205408	  0.59	化纤	浙江	 2.42	5.39	21112	20085	  1.05	296	24	--  	      64000.00	
="300142"	沃森生物	1.11	42.86	0.47	42.78	42.86	8526	18	          0.35	          0.51	42.40	43.44	41.97	42.39	--  	36617884	  0.49	生物制药	云南	 3.47	42.95	3992	4534	  0.88	2	27	--  	      16605.85	
="000078"	海王生物	1.10	10.11	0.11	10.10	10.11	188247	1993	          0.09	          2.58	10.00	10.13	9.81	10.00	    69.88	189032560	  0.53	生物制药	深圳	 3.20	10.04	92775	95472	  0.97	532	158	--  	      73076.79	
="002398"	建研集团	1.09	16.65	0.18	16.65	16.67	38292	85	          0.06	          2.00	16.47	16.88	16.16	16.47	    19.53	63605084	  0.63	建筑施工	福建	 4.37	16.61	17787	20505	  0.87	316	35	--  	      19113.78	
="002615"	哈尔斯	1.07	28.29	0.30	28.28	28.29	22100	106	          0.21	          4.33	27.70	28.61	27.36	27.99	    34.14	61817676	  0.81	家居用品	浙江	 4.47	27.97	11027	11073	  1.00	20	65	--  	       5106.25	
="601880"	大连港	1.07	3.79	0.04	3.78	3.79	737446	20	          0.26	          2.19	3.72	3.88	3.69	3.75	    29.49	280167520	  1.34	港口	辽宁	 5.07	3.80	372659	364787	  1.02	2037	2840	--  	     336340.00	
="002698"	博实股份	1.06	26.77	0.28	26.77	26.78	36591	521	          0.03	          3.42	26.00	26.87	25.50	26.49	    47.87	96017576	  1.25	化工机械	黑龙江	 5.17	26.24	18705	17886	  1.05	8	117	--  	      10692.99	
="600419"	天润乳业	1.03	21.60	0.22	21.63	21.64	6092	1	          0.09	          0.76	21.26	21.78	21.26	21.38	   103.23	13124839	  0.69	乳制品	新疆	 2.43	21.54	2703	3389	  0.80	1	14	--  	       8016.00	
="000816"	江淮动力	0.99	6.15	0.06	6.15	6.16	267845	1935	         -0.32	          2.46	6.05	6.18	5.80	6.09	   155.34	160390928	  1.00	机械基件	江苏	 6.24	5.99	136109	131736	  1.03	596	365	--  	     108877.75	
="300180"	华峰超纤	0.94	21.42	0.20	21.42	21.43	27469	114	          0.32	          2.38	21.25	21.70	21.06	21.22	    30.79	58833372	  1.53	化纤	上海	 3.02	21.42	11575	15894	  0.73	20	30	--  	      11531.30	
="300313"	天山生物	0.93	21.68	0.20	21.68	21.69	6160	151	          0.09	          1.47	21.38	21.76	21.21	21.48	   236.68	13301792	  0.30	农业综合	新疆	 2.56	21.59	3515	2645	  1.33	56	49	--  	       4177.81	
="600865"	百大集团	0.86	8.24	0.07	8.23	8.24	21232	10	          0.48	          0.56	8.17	8.28	8.08	8.17	    16.74	17416872	  0.64	百货	浙江	 2.45	8.20	9275	11957	  0.78	18	461	--  	      37624.03	
="600336"	澳柯玛	0.84	5.98	0.05	5.97	5.98	110257	128	          0.16	          1.62	5.94	6.04	5.82	5.93	    26.83	65827756	  0.45	家用电器	山东	 3.71	5.97	62105	48152	  1.29	171	540	--  	      68007.20	
="600727"	鲁北化工	0.82	6.14	0.05	6.15	6.16	147428	6458	         -0.32	          4.20	6.03	6.20	5.98	6.09	   166.76	89687056	  1.07	农药化肥	山东	 3.61	6.08	80592	66836	  1.21	629	37	--  	      35092.66	
="600160"	巨化股份	0.82	6.17	0.05	6.16	6.17	145232	280	          0.48	          0.80	6.13	6.17	6.01	6.12	    83.28	88663600	  0.59	化工原料	浙江	 2.61	6.10	72604	72628	  1.00	63	201	--  	     181091.59	
="600800"	天津磁卡	0.81	7.45	0.06	7.42	7.45	242726	372	          0.53	          3.98	7.36	7.60	7.28	7.39	--  	181312784	  0.84	综合类	天津	 4.33	7.47	123679	119047	  1.04	576	246	--  	      61031.10	
="000014"	沙河股份	0.78	14.18	0.11	14.18	14.19	17608	488	          0.42	          0.87	14.10	14.29	13.90	14.07	    57.18	24840926	  0.67	全国地产	深圳	 2.77	14.11	9305	8303	  1.12	106	145	--  	      20170.51	
="600372"	中航电子	0.77	27.57	0.21	27.58	27.59	76888	9	          0.10	          0.44	27.16	27.79	27.00	27.36	    89.60	210949120	  0.66	航空航天	江西	 2.89	27.44	32552	44336	  0.73	150	51	--  	     175916.30	
="002294"	信立泰	0.77	35.46	0.27	35.46	35.47	58864	306	          0.11	          2.05	35.22	35.52	34.70	35.19	    23.14	207166048	  1.15	化学制药	深圳	 2.33	35.19	30289	28575	  1.06	440	13	--  	      28698.46	
="600380"	健康元	0.73	6.86	0.05	6.86	6.87	137846	376	          0.58	          0.89	6.78	6.92	6.73	6.81	    26.48	94634096	  0.86	化学制药	深圳	 2.79	6.87	74401	63445	  1.17	293	452	--  	     154583.59	
="000100"	TCL 集团	0.68	2.98	0.02	2.97	2.98	1309018	5667	          0.00	          1.61	2.95	3.01	2.93	2.96	     9.52	389680192	  0.59	家用电器	广东	 2.70	2.98	619010	690008	  0.90	19355	25135	--  	     813618.25	
="600812"	华北制药	0.59	6.80	0.04	6.80	6.81	86670	87	          0.14	          0.84	6.65	6.85	6.65	6.76	   369.50	58769232	  0.35	化学制药	河北	 2.96	6.78	44431	42239	  1.05	53	397	--  	     102857.75	
="000928"	中钢国际	0.54	11.10	0.06	11.09	11.10	27275	418	          0.09	          0.96	10.98	11.13	10.84	11.04	--  	29915038	  0.61	建筑施工	吉林	 2.63	10.97	14273	13002	  1.10	34	77	--  	      28289.90	
="002393"	力生制药	0.54	33.40	0.18	33.40	33.41	9513	101	          0.00	          0.52	33.22	33.47	32.98	33.22	    32.11	31691106	  0.62	化学制药	天津	 1.48	33.31	4706	4807	  0.98	94	10	--  	      18165.82	
="600810"	神马股份	0.53	7.52	0.04	7.52	7.53	28668	40	          0.00	          0.65	7.40	7.55	7.36	7.48	    31.88	21472784	  0.49	化纤	河南	 2.54	7.49	14738	13930	  1.06	11	131	--  	      44228.00	
="002496"	辉丰股份	0.53	17.09	0.09	17.08	17.09	34166	221	          0.76	          1.85	17.00	17.13	16.70	17.00	    26.09	57831964	  0.62	农药化肥	江苏	 2.53	16.93	19802	14364	  1.38	5	158	--  	      18456.77	
="002494"	华斯股份	0.52	15.59	0.08	15.59	15.60	14223	172	          0.00	          1.46	15.41	15.64	15.28	15.51	    30.32	22030246	  0.51	服饰	河北	 2.32	15.49	7606	6617	  1.15	177	185	--  	       9726.16	
="000513"	丽珠集团	0.50	54.39	0.27	54.21	54.39	4915	9	          0.33	          0.28	54.12	55.12	53.51	54.12	    27.64	26824060	  0.79	中成药	广东	 2.97	54.57	2410	2505	  0.96	4	106	--  	      17766.91	
="000731"	四川美丰	0.48	8.33	0.04	8.32	8.33	76396	1198	          0.00	          1.29	8.26	8.35	8.16	8.29	--  	63119040	  0.61	农药化肥	四川	 2.29	8.26	39573	36823	  1.07	260	768	--  	      59134.76	
="600469"	风神股份	0.41	12.19	0.05	12.20	12.21	30826	50	         -0.08	          0.82	12.10	12.46	12.10	12.14	    12.33	37824448	  0.47	汽车配件	河南	 2.97	12.27	16906	13920	  1.21	218	16	--  	      37494.21	
="601313"	江南嘉捷	0.40	9.98	0.04	9.99	10.00	26156	15	          0.20	          0.97	9.86	10.14	9.81	9.94	    22.71	26218020	  0.47	运输设备	江苏	 3.32	10.02	13740	12416	  1.11	37	43	--  	      26852.53	
="000837"	秦川发展	0.40	10.12	0.04	10.12	10.13	73780	287	         -0.09	          2.89	10.20	10.42	9.97	10.08	--  	75309960	  0.66	机床制造	陕西	 4.46	10.21	38598	35182	  1.10	80	647	--  	      25558.96	
="002448"	中原内配	0.37	16.28	0.06	16.27	16.28	32076	157	          0.12	          1.79	16.10	16.35	16.03	16.22	    19.69	52010756	  0.35	运输设备	河南	 1.97	16.21	12846	19230	  0.67	426	197	--  	      17946.90	
="600635"	大众公用	0.35	5.67	0.02	5.67	5.68	133175	314	          0.17	          0.81	5.63	5.75	5.54	5.65	    37.74	75313216	  0.89	供气供热	上海	 3.72	5.66	68128	65047	  1.05	117	1150	--  	     164486.98	
="002117"	东港股份	0.32	18.88	0.06	18.88	18.89	19527	262	          0.42	          0.54	18.59	18.98	18.53	18.82	    43.07	36743388	  0.31	广告包装	山东	 2.39	18.82	10346	9181	  1.13	991	352	--  	      36067.89	
="300211"	亿通科技	0.31	22.68	0.07	22.67	22.68	11555	128	          0.26	          2.44	22.37	22.95	22.24	22.61	    95.20	26270292	  0.83	通信设备	江苏	 3.14	22.73	5786	5769	  1.00	41	97	--  	       4739.52	
="002656"	卡奴迪路	0.29	17.18	0.05	17.17	17.18	37084	641	          0.29	          6.21	16.95	17.38	16.81	17.13	    85.09	63412716	  1.03	服饰	广东	 3.33	17.10	19628	17456	  1.12	647	497	--  	       5975.00	
="000543"	皖能电力	0.26	7.67	0.02	7.66	7.67	83466	641	          0.13	          0.81	7.64	7.75	7.58	7.65	     8.44	63996132	  0.59	火力发电	安徽	 2.22	7.67	48205	35261	  1.37	280	167	--  	     102515.75	
="600337"	美克家居	0.24	8.31	0.02	8.30	8.31	56434	52	          0.00	          0.88	8.29	8.36	8.15	8.29	    28.67	46639688	  0.98	家居用品	新疆	 2.53	8.26	32416	24018	  1.35	785	59	--  	      63833.23	
="000998"	隆平高科	0.23	17.79	0.04	17.78	17.79	103562	1622	          0.22	          1.25	17.65	17.86	17.42	17.75	    67.12	182729152	  0.60	种植业	湖南	 2.48	17.64	45243	58319	  0.78	765	279	--  	      83123.59	
="300042"	朗科科技	0.18	17.10	0.03	17.10	17.11	20036	301	          0.29	          2.73	17.14	17.20	16.81	17.07	    83.40	34138164	  0.76	电脑设备	深圳	 2.28	17.04	11605	8431	  1.38	104	173	--  	       7327.91	
="600359"	新农开发	0.10	10.11	0.01	10.10	10.11	41764	209	          0.19	          1.30	10.04	10.20	9.95	10.10	   321.89	42246076	  0.71	农业综合	新疆	 2.48	10.12	22739	19025	  1.20	501	225	--  	      32100.00	
="002481"	双塔食品	0.07	15.10	0.01	15.09	15.10	22130	50	          0.00	          0.59	14.93	15.30	14.83	15.09	    53.69	33460696	  0.67	食品	山东	 3.11	15.12	11105	11025	  1.01	128	24	--  	      37455.17	
="601928"	凤凰传媒	0.00	10.71	0.00	--  	--  	0	0	          0.00	          0.00	--  	--  	--  	10.71	    23.65	0	  0.00	出版业	江苏	 0.00	10.71	0	0	--  	0	0	--  	      65788.35	
="600986"	科达股份	0.00	7.05	0.00	--  	--  	0	0	          0.00	          0.00	--  	--  	--  	7.05	    95.92	0	  0.00	建筑施工	山东	 0.00	7.05	0	0	--  	0	0	--  	      33526.96	
="600981"	汇鸿股份	0.00	4.21	0.00	--  	--  	0	0	          0.00	          0.00	--  	--  	--  	4.21	    91.20	0	  0.00	商贸代理	江苏	 0.00	4.21	0	0	--  	0	0	--  	      51610.64	
="600881"	亚泰集团	0.00	5.14	0.00	--  	--  	0	0	          0.00	          0.00	--  	--  	--  	5.14	    41.03	0	  0.00	水泥	吉林	 0.00	5.14	0	0	--  	0	0	--  	     189473.20	
="600876"	洛阳玻璃	0.00	7.24	0.00	--  	--  	0	0	          0.00	          0.00	--  	--  	--  	7.24	    56.10	0	  0.00	玻璃	河南	 0.00	7.24	0	0	--  	0	0	--  	      25001.82	
="600847"	万里股份	0.00	18.19	0.00	--  	--  	0	0	          0.00	          0.00	--  	--  	--  	18.19	   644.02	0	  0.00	电气设备	重庆	 0.00	18.19	0	0	--  	0	0	--  	      13316.49	
="600749"	西藏旅游	0.00	12.18	0.00	--  	--  	0	0	          0.00	          0.00	--  	--  	--  	12.18	--  	0	  0.00	旅游景点	西藏	 0.00	12.18	0	0	--  	0	0	--  	      18913.78	
="600575"	皖江物流	0.00	4.11	0.00	--  	--  	0	0	          0.00	          0.00	--  	--  	--  	4.11	    69.90	0	  0.00	港口	安徽	 0.00	4.11	0	0	--  	0	0	--  	     142320.00	
="600569"	安阳钢铁	0.00	2.32	0.00	--  	--  	0	0	          0.00	          0.00	--  	--  	--  	2.32	    58.76	0	  0.00	普钢	河南	 0.00	2.32	0	0	--  	0	0	--  	     239368.45	
="600532"	宏达矿业	0.00	9.75	0.00	--  	--  	0	0	          0.00	          0.00	--  	--  	--  	9.75	    31.26	0	  0.00	普钢	山东	 0.00	9.75	0	0	--  	0	0	--  	      16510.25	
="600517"	置信电气	0.00	12.45	0.00	--  	--  	0	0	          0.00	          0.00	--  	--  	--  	12.45	    80.24	0	  0.00	电气设备	上海	 0.00	12.45	0	0	--  	0	0	--  	     111366.89	
="600497"	驰宏锌锗	0.00	10.39	0.00	--  	--  	0	0	          0.00	          0.00	--  	--  	--  	10.39	    84.98	0	  0.00	铅锌	云南	 0.00	10.39	0	0	--  	0	0	--  	     166756.09	
="600400"	红豆股份	0.00	5.69	0.00	--  	--  	0	0	          0.00	          0.00	--  	--  	--  	5.69	   103.21	0	  0.00	服饰	江苏	 0.00	5.69	0	0	--  	0	0	--  	      56039.96	
="600369"	西南证券	0.00	10.54	0.00	--  	--  	0	0	          0.00	          0.00	--  	--  	--  	10.54	    27.45	0	  0.00	证券	重庆	 0.00	10.54	0	0	--  	0	0	--  	     232255.45	
="600365"	通葡股份	0.00	11.38	0.00	--  	--  	0	0	          0.00	          0.00	--  	--  	--  	11.38	   755.95	0	  0.00	红黄药酒	吉林	 0.00	11.38	0	0	--  	0	0	--  	      14000.00	
="600318"	巢东股份	0.00	11.20	0.00	--  	--  	0	0	          0.00	          0.00	--  	--  	--  	11.20	    13.31	0	  0.00	水泥	安徽	 0.00	11.20	0	0	--  	0	0	--  	      24200.00	
="600300"	维维股份	0.00	5.27	0.00	5.27	5.28	136812	113	         -0.18	          0.82	5.27	5.37	5.21	5.27	    73.09	72280400	  0.62	软饮料	江苏	 3.04	5.28	75431	61381	  1.23	452	768	--  	     167200.00	
="600241"	时代万恒	0.00	8.28	0.00	--  	--  	0	0	          0.00	          0.00	--  	--  	--  	8.28	--  	0	  0.00	商贸代理	辽宁	 0.00	8.28	0	0	--  	0	0	--  	      18020.00	
="600105"	永鼎股份	0.00	9.86	0.00	--  	--  	0	0	          0.00	          0.00	--  	--  	--  	9.86	    17.13	0	  0.00	通信设备	江苏	 0.00	9.86	0	0	--  	0	0	--  	      38095.46	
="600103"	青山纸业	0.00	3.66	0.00	--  	--  	0	0	          0.00	          0.00	--  	--  	--  	3.66	    60.41	0	  0.00	造纸	福建	 0.00	3.66	0	0	--  	0	0	--  	     106184.15	
="600091"	ST明科	0.00	7.02	0.00	--  	--  	0	0	          0.00	          0.00	--  	--  	--  	7.02	--  	0	  0.00	化工原料	内蒙	 0.00	7.02	0	0	--  	0	0	--  	      33652.60	
="600090"	啤酒花	0.00	8.13	0.00	--  	--  	0	0	          0.00	          0.00	--  	--  	--  	8.13	    50.77	0	  0.00	啤酒	新疆	 0.00	8.13	0	0	--  	0	0	--  	      36791.66	
="600012"	皖通高速	0.00	5.05	0.00	5.03	5.05	30827	187	          0.59	          0.26	5.04	5.07	4.99	5.05	     9.55	15497245	  0.47	路桥	安徽	 1.58	5.03	15185	15642	  0.97	183	207	--  	     116560.00	
="300332"	天壕节能	--  	0.00	--  	--  	--  	0	0	--  	          0.00	--  	--  	--  	14.06	    40.57	0	  0.00	环境保护	北京	 0.00	14.06	0	0	--  	0	0	--  	      22666.75	
="300230"	永利带业	--  	0.00	--  	--  	--  	0	0	--  	          0.00	--  	--  	--  	9.63	    37.74	0	  0.00	塑料	上海	 0.00	9.63	0	0	--  	0	0	--  	      10127.07	
="300194"	福安药业	--  	0.00	--  	--  	--  	0	0	--  	          0.00	--  	--  	--  	21.58	   106.56	0	  0.00	化学制药	重庆	 0.00	21.58	0	0	--  	0	0	--  	      12880.26	
="300189"	神农大丰	--  	0.00	--  	--  	--  	0	0	--  	          0.00	--  	--  	--  	7.86	--  	0	  0.00	种植业	海南	 0.00	7.86	0	0	--  	0	0	--  	      33498.87	
="300138"	晨光生物	--  	0.00	--  	--  	--  	0	0	--  	          0.00	--  	--  	--  	11.24	   118.23	0	  0.00	食品	河北	 0.00	11.24	0	0	--  	0	0	--  	      12796.33	
="300072"	三聚环保	--  	0.00	--  	--  	--  	0	0	--  	          0.00	--  	--  	--  	27.13	    36.92	0	  0.00	化工原料	北京	 0.00	27.13	0	0	--  	0	0	--  	      45855.16	
="300013"	新宁物流	--  	0.00	--  	--  	--  	0	0	--  	          0.00	--  	--  	--  	9.26	   131.57	0	  0.00	仓储物流	江苏	 0.00	9.26	0	0	--  	0	0	--  	      18000.00	
="002608"	舜天船舶	--  	0.00	--  	--  	--  	0	0	--  	          0.00	--  	--  	--  	12.79	    86.27	0	  0.00	船舶	江苏	 0.00	12.79	0	0	--  	0	0	--  	      32855.16	
="002558"	世纪游轮	--  	0.00	--  	--  	--  	0	0	--  	          0.00	--  	--  	--  	31.65	   796.05	0	  0.00	旅游服务	重庆	 0.00	31.65	0	0	--  	0	0	--  	       3244.39	
="002537"	海立美达	--  	0.00	--  	--  	--  	0	0	--  	          0.00	--  	--  	--  	19.19	    89.02	0	  0.00	机械基件	山东	 0.00	19.19	0	0	--  	0	0	--  	      15000.00	
="002529"	海源机械	--  	0.00	--  	--  	--  	0	0	--  	          0.00	--  	--  	--  	15.03	--  	0	  0.00	专用机械	福建	 0.00	15.03	0	0	--  	0	0	--  	      15608.25	
="002509"	天广消防	--  	0.00	--  	--  	--  	0	0	--  	          0.00	--  	--  	--  	12.27	    49.43	0	  0.00	专用机械	福建	 0.00	12.27	0	0	--  	0	0	--  	      23109.89	
="002485"	希努尔	--  	0.00	--  	--  	--  	0	0	--  	          0.00	--  	--  	--  	10.13	--  	0	  0.00	服饰	山东	 0.00	10.13	0	0	--  	0	0	--  	      32000.00	
="002483"	润邦股份	--  	0.00	--  	--  	--  	0	0	--  	          0.00	--  	--  	--  	12.22	    35.76	0	  0.00	工程机械	江苏	 0.00	12.22	0	0	--  	0	0	--  	      29250.00	
="002450"	康得新	--  	0.00	--  	--  	--  	0	0	--  	          0.00	--  	--  	--  	32.67	    33.05	0	  0.00	化工原料	江苏	 0.00	32.67	0	0	--  	0	0	--  	      94531.45	
="002426"	胜利精密	--  	0.00	--  	--  	--  	0	0	--  	          0.00	--  	--  	--  	11.26	    68.93	0	  0.00	元器件	江苏	 0.00	11.26	0	0	--  	0	0	--  	      35306.58	
="002375"	亚厦股份	--  	0.00	--  	--  	--  	0	0	--  	          0.00	--  	--  	--  	23.21	    21.23	0	  0.00	装修装饰	浙江	 0.00	23.21	0	0	--  	0	0	--  	      68105.28	
="002324"	普利特	--  	0.00	--  	--  	--  	0	0	--  	          0.00	--  	--  	--  	19.90	    26.33	0	  0.00	塑料	上海	 0.00	19.90	0	0	--  	0	0	--  	      15582.66	
="002323"	中联电气	--  	0.00	--  	--  	--  	0	0	--  	          0.00	--  	--  	--  	21.95	   122.80	0	  0.00	电气设备	江苏	 0.00	21.95	0	0	--  	0	0	--  	       8350.16	
="002282"	博深工具	--  	0.00	--  	--  	--  	0	0	--  	          0.00	--  	--  	--  	11.50	    69.15	0	  0.00	轻工机械	河北	 0.00	11.50	0	0	--  	0	0	--  	      11982.66	
="002103"	广博股份	--  	0.00	--  	--  	--  	0	0	--  	          0.00	--  	--  	--  	10.18	   196.01	0	  0.00	文教休闲	浙江	 0.00	10.18	0	0	--  	0	0	--  	      17095.44	
="002084"	海鸥卫浴	--  	0.00	--  	--  	--  	0	0	--  	          0.00	--  	--  	--  	7.60	    89.04	0	  0.00	家居用品	广东	 0.00	7.60	0	0	--  	0	0	--  	      40605.57	
="002044"	江苏三友	--  	0.00	--  	--  	--  	0	0	--  	          0.00	--  	--  	--  	10.04	    43.13	0	  0.00	服饰	江苏	 0.00	10.04	0	0	--  	0	0	--  	      22410.00	
="002036"	宜科科技	--  	0.00	--  	--  	--  	0	0	--  	          0.00	--  	--  	--  	10.86	   153.77	0	  0.00	服饰	浙江	 0.00	10.86	0	0	--  	0	0	--  	      19791.78	
="002013"	中航机电	--  	0.00	--  	--  	--  	0	0	--  	          0.00	--  	--  	--  	22.15	    43.52	0	  0.00	汽车配件	湖北	 0.00	22.15	0	0	--  	0	0	--  	      29285.81	
="002009"	天奇股份	--  	0.00	--  	--  	--  	0	0	--  	          0.00	--  	--  	--  	16.30	    47.89	0	  0.00	工程机械	江苏	 0.00	16.30	0	0	--  	0	0	--  	      25991.22	
="002006"	*ST精功	--  	0.00	--  	--  	--  	0	0	--  	          0.00	--  	--  	--  	8.75	   155.21	0	  0.00	工程机械	浙江	 0.00	8.75	0	0	--  	0	0	--  	      43677.89	
="000936"	华西股份	--  	0.00	--  	--  	--  	0	0	--  	          0.00	--  	--  	--  	5.17	   119.27	0	  0.00	化纤	江苏	 0.00	5.17	0	0	--  	0	0	--  	      74768.59	
="000920"	南方汇通	--  	0.00	--  	--  	--  	0	0	--  	          0.00	--  	--  	--  	13.23	    31.50	0	  0.00	运输设备	贵州	 0.00	13.23	0	0	--  	0	0	--  	      42200.00	
="000796"	易食股份	--  	0.00	--  	--  	--  	0	0	--  	          0.00	--  	--  	--  	7.23	    95.94	0	  0.00	食品	陕西	 0.00	7.23	0	0	--  	0	0	--  	      24652.30	
="000795"	太原刚玉	--  	0.00	--  	--  	--  	0	0	--  	          0.00	--  	--  	--  	10.92	--  	0	  0.00	矿物制品	山西	 0.00	10.92	0	0	--  	0	0	--  	      27679.44	
="000710"	天兴仪表	--  	0.00	--  	--  	--  	0	0	--  	          0.00	--  	--  	--  	13.60	--  	0	  0.00	汽车配件	四川	 0.00	13.60	0	0	--  	0	0	--  	      15120.00	
="000668"	荣丰控股	--  	0.00	--  	--  	--  	0	0	--  	          0.00	--  	--  	--  	13.98	--  	0	  0.00	区域地产	上海	 0.00	13.98	0	0	--  	0	0	--  	      14668.41	
="000627"	天茂集团	--  	0.00	--  	--  	--  	0	0	--  	          0.00	--  	--  	--  	4.10	    15.68	0	  0.00	化工原料	湖北	 0.00	4.10	0	0	--  	0	0	--  	     135358.98	
="000563"	陕国投Ａ	--  	0.00	--  	--  	--  	0	0	--  	          0.00	--  	--  	--  	8.18	    22.63	0	  0.00	多元金融	陕西	 0.00	8.18	0	0	--  	0	0	--  	      75266.72	
="000545"	金浦钛业	0.00	14.00	0.00	14.00	14.02	70732	771	         -0.14	          4.52	13.99	14.15	13.67	14.00	   100.54	98737856	  0.54	化工原料	吉林	 3.43	13.96	35485	35247	  1.01	451	142	--  	      15637.36	
="000533"	万 家 乐	--  	0.00	--  	--  	--  	0	0	--  	          0.00	--  	--  	--  	5.97	    35.25	0	  0.00	家用电器	广东	 0.00	5.97	0	0	--  	0	0	--  	      68487.71	
="000498"	山东路桥	--  	0.00	--  	--  	--  	0	0	--  	          0.00	--  	--  	--  	4.64	    28.22	0	  0.00	建筑施工	山东	 0.00	4.64	0	0	--  	0	0	--  	      35417.01	
="000415"	渤海租赁	--  	0.00	--  	--  	--  	0	0	--  	          0.00	--  	--  	--  	10.28	    19.77	0	  0.00	多元金融	新疆	 0.00	10.28	0	0	--  	0	0	--  	     126917.42	
="000090"	天健集团	--  	0.00	--  	--  	--  	0	0	--  	          0.00	--  	--  	--  	8.44	    25.79	0	  0.00	建筑施工	深圳	 0.00	8.44	0	0	--  	0	0	--  	      55253.07	
="002231"	奥维通信	-0.10	9.97	-0.01	9.97	9.98	72211	392	          0.10	          3.55	9.90	10.07	9.87	9.98	--  	72041760	  0.70	通信设备	辽宁	 2.00	9.98	42070	30141	  1.40	570	346	--  	      20369.00	
="002253"	川大智胜	-0.16	31.43	-0.05	31.42	31.43	28907	393	          0.51	          2.30	31.20	31.50	30.49	31.48	   178.36	89297288	  1.00	软件服务	四川	 3.21	30.89	15448	13459	  1.15	11	20	--  	      12585.73	
="000897"	津滨发展	-0.16	6.16	-0.01	6.16	6.17	1029030	2964	          0.00	          6.36	6.11	6.48	6.03	6.17	   329.10	646695808	  2.92	区域地产	天津	 7.29	6.28	496846	532184	  0.93	5682	4060	--  	     161708.06	
="000652"	泰达股份	-0.18	5.47	-0.01	5.46	5.47	195546	2540	          0.36	          1.33	5.42	5.59	5.36	5.48	--  	107090664	  0.48	综合类	天津	 4.20	5.48	108827	86719	  1.25	1661	461	--  	     146567.00	
="000623"	吉林敖东	-0.25	20.14	-0.05	20.14	20.15	163494	1357	         -0.04	          2.12	19.81	20.57	19.75	20.19	    16.66	330157824	  0.78	中成药	吉林	 4.06	20.19	86457	77037	  1.12	158	192	--  	      77115.20	
="600707"	彩虹股份	-0.27	11.14	-0.03	11.18	11.19	212483	1796	          0.45	          2.89	11.16	11.42	10.76	11.17	--  	233774208	  0.70	元器件	陕西	 5.91	11.00	125903	86580	  1.45	4460	600	--  	      73471.77	
="000860"	顺鑫农业	-0.35	16.92	-0.06	16.90	16.92	70966	385	          0.00	          1.62	16.87	16.96	16.49	16.98	    25.64	118502136	  1.30	农业综合	北京	 2.77	16.70	37975	32991	  1.15	67	30	--  	      43852.50	
="600068"	葛洲坝	-0.45	4.46	-0.02	4.45	4.46	197486	157	          0.00	          0.57	4.45	4.48	4.41	4.48	     8.15	87903576	  0.54	建筑施工	湖北	 1.56	4.45	100097	97389	  1.03	2355	2279	--  	     348745.91	
="300275"	梅安森	-0.49	20.19	-0.10	20.12	20.20	19075	126	          0.59	          2.17	19.75	20.29	19.60	20.29	    72.09	38005860	  0.62	软件服务	重庆	 3.40	19.92	9814	9261	  1.06	14	60	--  	       8783.59	
="600694"	大商股份	-0.55	30.99	-0.17	30.95	30.99	42873	43	          0.35	          1.46	31.18	31.28	30.67	31.16	     6.07	132578544	  0.43	百货	辽宁	 1.96	30.92	20461	22412	  0.91	114	21	--  	      29371.86	
="600078"	澄星股份	-0.57	8.72	-0.05	8.70	8.78	369010	721	         -0.57	          5.57	8.64	8.84	8.06	8.77	   160.92	318124576	  1.76	化工原料	江苏	 8.89	8.62	153570	215440	  0.71	34	1689	--  	      66257.28	
="601727"	上海电气	-0.57	5.23	-0.03	5.23	5.24	224073	13	          0.38	          0.23	5.25	5.25	5.13	5.26	    28.12	116531136	  0.66	电气设备	上海	 2.28	5.20	121446	102627	  1.18	642	1263	--  	     985071.44	
="600466"	迪康药业	-0.62	6.40	-0.04	6.40	6.41	82185	20	          0.00	          1.87	6.42	6.44	6.31	6.44	   147.83	52431584	  0.56	中成药	四川	 2.02	6.38	49003	33182	  1.48	396	299	--  	      43900.58	
="600033"	福建高速	-0.70	2.84	-0.02	2.83	2.84	372641	502	          0.70	          1.36	2.85	2.92	2.81	2.86	    12.05	106425984	  0.42	路桥	福建	 3.85	2.86	208256	164385	  1.27	803	1460	--  	     274440.00	
="600758"	红阳能源	-0.71	9.73	-0.07	9.66	9.70	65928	5	         -0.20	          5.73	9.77	9.99	9.00	9.80	   102.02	63296112	  1.32	供气供热	辽宁	10.10	9.60	33288	32640	  1.02	11	128	--  	      11505.03	
="600004"	白云机场	-0.73	8.19	-0.06	8.18	8.19	37080	12	          0.36	          0.32	8.23	8.26	8.08	8.25	     8.98	30364128	  0.52	机场	广东	 2.18	8.19	17835	19245	  0.93	972	11	--  	     115000.00	
="600179"	黑化股份	-0.81	7.36	-0.06	7.36	7.37	96864	121	         -0.27	          2.48	7.42	7.50	7.22	7.42	--  	71488856	  0.67	焦炭加工	黑龙江	 3.77	7.38	55256	41608	  1.33	383	275	--  	      39000.00	
="002489"	浙江永强	-0.92	14.03	-0.13	13.95	14.03	90069	2202	          0.71	          2.37	14.16	14.23	13.80	14.16	    21.50	126512848	  1.41	家居用品	浙江	 3.04	14.05	25446	64623	  0.39	14	1588	--  	      38040.41	
="600062"	华润双鹤	-0.94	21.01	-0.20	20.96	20.97	91824	202	          0.71	          1.61	21.20	21.30	20.75	21.21	    19.05	193019680	  0.53	化学制药	北京	 2.59	21.02	53019	38805	  1.37	16	201	--  	      57169.58	
="600020"	中原高速	-1.07	2.77	-0.03	2.76	2.77	87967	13	          0.00	          0.39	2.76	2.79	2.74	2.80	     9.98	24279994	  0.63	路桥	河南	 1.79	2.76	33985	53982	  0.63	1033	794	--  	     224737.19	
="002110"	三钢闽光	-1.12	6.16	-0.07	6.16	6.17	75008	600	          0.16	          1.40	6.10	6.27	5.96	6.23	--  	45583948	  0.69	普钢	福建	 4.98	6.08	44351	30657	  1.45	159	413	--  	      53470.00	
="000791"	甘肃电投	-1.13	9.65	-0.11	9.65	9.66	131981	2445	         -0.20	         11.50	9.82	10.23	9.61	9.76	    29.73	131505144	  0.89	水力发电	甘肃	 6.35	9.96	72637	59344	  1.22	286	279	--  	      11477.80	
="600712"	南宁百货	-1.15	5.18	-0.06	5.17	5.18	71472	169	          0.38	          1.33	5.21	5.28	5.15	5.24	   184.97	37232448	  0.54	百货	广西	 2.48	5.21	40672	30800	  1.32	233	31	--  	      53772.91	
="002616"	长青集团	-1.21	22.82	-0.28	22.80	22.82	10553	135	          0.21	          1.30	22.96	23.10	22.62	23.10	   105.19	24104000	  0.52	环境保护	广东	 2.08	22.84	6810	3743	  1.82	65	68	--  	       8140.00	
="000501"	鄂武商Ａ	-1.21	13.83	-0.17	13.83	13.84	94173	1100	          0.00	          1.86	13.93	14.07	13.73	14.00	     9.50	130872400	  0.98	百货	湖北	 2.43	13.90	51758	42415	  1.22	143	167	--  	      50718.42	
="000040"	宝安地产	-1.36	5.07	-0.07	5.07	5.08	60701	1366	         -0.19	          1.31	5.10	5.28	5.07	5.14	   124.78	31409738	  1.13	全国地产	深圳	 4.09	5.17	29376	31325	  0.94	517	387	--  	      46443.83	
="600153"	建发股份	-1.52	7.13	-0.11	7.13	7.14	696540	245	          0.14	          2.46	7.19	7.38	6.99	7.24	    10.07	498029920	  0.86	商贸代理	福建	 5.39	7.15	367461	329079	  1.12	450	1519	--  	     283520.06	
="002232"	启明信息	-1.55	12.04	-0.19	11.78	12.04	242878	5033	          2.73	          6.10	12.29	12.48	11.65	12.23	  1066.36	291810880	  1.98	软件服务	吉林	 6.79	12.01	118817	124061	  0.96	32	57	--  	      39797.07	
="600736"	苏州高新	-1.65	4.76	-0.08	4.76	4.77	178911	362	          0.21	          1.69	4.79	4.86	4.69	4.84	    43.06	85166888	  0.26	园区开发	江苏	 3.51	4.76	93900	85011	  1.10	598	684	--  	     105788.15	
="000516"	开元投资	-1.75	9.00	-0.16	8.99	9.00	228889	3160	         -0.11	          3.25	9.04	9.19	8.80	9.16	    23.21	205849088	  0.57	百货	陕西	 4.26	8.99	123177	105712	  1.17	282	763	--  	      70442.67	
="002661"	克明面业	-1.91	40.07	-0.78	40.07	40.15	10647	123	         -0.12	          4.99	40.39	40.70	39.80	40.85	    40.32	42787944	  0.66	食品	湖南	 2.20	40.19	6714	3933	  1.71	117	2	--  	       2135.75	
="002224"	三 力 士	-2.16	8.59	-0.19	8.58	8.59	130415	1645	         -0.11	          2.96	8.80	8.82	8.35	8.78	    37.31	112246400	  1.39	橡胶	浙江	 5.35	8.61	76474	53941	  1.42	378	123	--  	      44120.33	
="002677"	浙江美大	-2.46	17.46	-0.44	17.46	17.47	31431	359	          0.17	          6.29	17.68	17.68	17.01	17.90	    31.79	54618464	  0.68	家用电器	浙江	 3.74	17.38	17266	14165	  1.22	207	49	--  	       5000.00	
="300159"	新研股份	-2.46	11.90	-0.30	11.89	11.90	73523	902	          0.00	          2.61	12.20	12.20	11.55	12.20	    39.76	86679872	  0.58	农用机械	新疆	 5.33	11.79	41564	31959	  1.30	119	1	--  	      28153.14	
="002215"	诺 普 信	-2.55	9.93	-0.26	9.92	9.93	63904	1251	          0.00	          1.24	10.19	10.20	9.68	10.19	    17.08	63310696	  0.70	农药化肥	深圳	 5.10	9.91	38512	25392	  1.52	109	97	--  	      51575.60	
="000685"	中山公用	-2.69	13.39	-0.37	13.39	13.50	93297	5050	         -1.39	          1.42	13.51	13.99	13.27	13.76	    18.42	126086152	  1.23	水务	广东	 5.23	13.51	63725	29572	  2.15	534	200	--  	      65505.55	
="000836"	鑫茂科技	-2.82	7.24	-0.21	7.24	7.25	59207	891	          0.00	          2.02	7.12	7.34	7.12	7.45	--  	42790980	  0.66	软件服务	天津	 2.95	7.23	31565	27642	  1.14	956	123	--  	      29248.98	
="002269"	美邦服饰	-4.09	10.80	-0.46	10.80	10.81	151153	5445	         -0.27	          1.50	11.20	11.20	10.70	11.26	    30.52	164669472	  0.59	服饰	上海	 4.44	10.89	92590	58563	  1.58	2981	17	--  	     100500.00	
="600683"	京投银泰	-4.27	6.05	-0.27	6.05	6.07	88204	597	          0.16	          1.19	6.28	6.30	6.00	6.32	--  	53953288	  0.56	区域地产	浙江	 4.75	6.12	48642	39562	  1.23	989	206	--  	      74077.75	
数据来源:通达信
