代码	名称	涨幅%%	现价	涨跌	买价	卖价	总量	现量	涨速%%	换手%%	今开	最高	最低	昨收	市盈(动)	总金额	量比	细分行业	地区	振幅%%	
="000791"	甘肃电投	10.01	10.22	0.93	10.22	--  	263463	908	          0.00	         22.95	9.37	10.22	9.29	9.29	   809.15	260565008	  3.63	水力发电	甘肃	10.01	
="002480"	新筑股份	9.98	10.47	0.95	10.47	--  	418517	818	          0.00	          7.56	9.50	10.47	9.41	9.52	   358.21	424801024	  3.28	机械基件	四川	11.13	
="000099"	中信海直	7.56	13.52	0.95	13.51	13.52	635284	6658	          0.00	         10.48	12.60	13.77	12.60	12.57	    48.93	845718784	  2.47	空运	深圳	 9.31	
="000501"	鄂武商Ａ	6.44	13.88	0.84	13.87	13.88	159168	1141	          0.43	          3.14	13.02	14.15	13.02	13.04	     9.54	216020256	  3.07	百货	湖北	 8.67	
="002485"	希努尔	6.22	10.08	0.59	10.07	10.08	131091	1950	         -0.49	          4.10	9.48	10.44	9.15	9.49	--  	129498488	  3.18	服饰	山东	13.59	
="002253"	川大智胜	4.67	31.37	1.40	31.37	31.40	54936	589	         -0.44	          4.36	30.00	31.69	30.00	29.97	   174.48	171640384	  2.79	软件服务	四川	 5.64	
="002530"	丰东股份	3.94	9.50	0.36	9.49	9.50	118276	1655	          0.31	          4.41	8.90	9.58	8.88	9.14	   135.04	109235528	  1.96	专用机械	江苏	 7.66	
="000638"	万方发展	3.39	7.33	0.24	7.33	7.34	123550	3793	          0.96	          3.99	7.04	7.33	6.75	7.09	   278.35	88435072	  1.11	批发业	辽宁	 8.18	
="601880"	大连港	3.35	3.70	0.12	3.70	3.71	821705	146	          0.00	          2.44	3.61	3.76	3.52	3.58	    28.79	298032768	  1.95	港口	辽宁	 6.70	
="002673"	西部证券	2.80	15.04	0.41	15.04	15.05	391531	4384	          0.06	          5.69	14.50	15.30	14.45	14.63	    59.25	584430144	  1.49	证券	陕西	 5.81	
="002018"	华星化工	2.76	11.92	0.32	11.92	11.93	128332	1730	          0.33	          2.87	11.55	11.95	11.09	11.60	   148.54	147799296	  0.95	农药化肥	安徽	 7.41	
="600731"	湖南海利	2.75	8.59	0.23	8.59	8.60	100722	50	          0.00	          3.94	8.35	8.67	8.31	8.36	   299.87	85765224	  2.21	农药化肥	湖南	 4.31	
="000100"	TCL 集团	2.74	3.00	0.08	2.99	3.00	3168901	23824	          0.33	          3.89	2.93	3.05	2.92	2.92	     9.62	950329216	  1.20	家用电器	广东	 4.45	
="600375"	华菱星马	2.61	12.19	0.31	12.17	12.19	150663	100	         -0.16	          3.03	11.88	12.25	11.84	11.88	    37.40	181970736	  1.12	汽车整车	安徽	 3.45	
="002661"	克明面业	2.15	40.85	0.86	40.81	40.85	17897	334	         -0.36	          8.38	40.01	41.48	40.01	39.99	    37.99	72963392	  0.96	食品	湖南	 3.68	
="000613"	大东海A	2.10	7.30	0.15	7.30	7.31	118592	1123	          0.13	          4.55	7.15	7.55	7.15	7.15	--  	87358616	  2.51	旅游服务	海南	 5.59	
="002650"	加加食品	2.02	12.10	0.24	12.07	12.10	62004	1111	          0.24	          2.76	11.91	12.25	11.87	11.86	    34.20	74590528	  0.74	食品	湖南	 3.20	
="000551"	创元科技	1.92	10.60	0.20	10.60	10.61	171821	1727	          0.09	          4.29	10.39	10.77	10.32	10.40	    82.70	180818400	  0.57	专用机械	江苏	 4.33	
="600822"	上海物贸	1.68	12.71	0.21	12.65	12.66	349142	42	          0.87	          8.81	12.51	12.96	12.27	12.50	   405.78	438542592	  1.37	商贸代理	上海	 5.52	
="002073"	软控股份	1.60	12.72	0.20	12.72	12.73	524604	5198	          0.07	          8.48	12.55	12.89	12.30	12.52	    43.38	661846656	  1.46	软件服务	山东	 4.71	
="300211"	亿通科技	1.55	22.26	0.34	22.24	22.26	20594	104	          0.27	          4.35	21.90	22.87	21.80	21.92	   102.30	46040604	  1.62	通信设备	江苏	 4.88	
="002615"	哈尔斯	1.53	29.95	0.45	29.95	29.96	26547	602	          0.87	          5.20	29.21	30.27	29.20	29.50	    33.28	78861264	  1.18	家居用品	浙江	 3.63	
="600078"	澄星股份	1.40	8.72	0.12	8.71	8.72	205274	5	         -0.11	          3.10	8.55	8.78	8.36	8.60	   152.08	176264480	  0.75	化工原料	江苏	 4.88	
="002656"	卡奴迪路	1.29	16.51	0.21	16.51	16.54	43919	968	          1.16	          7.35	16.20	16.80	15.85	16.30	    81.77	70680200	  1.24	服饰	广东	 5.83	
="600466"	迪康药业	1.27	6.40	0.08	6.38	6.39	161707	13	          0.62	          3.68	6.29	6.48	6.23	6.32	   147.83	102543408	  0.65	中成药	四川	 3.96	
="002269"	美邦服饰	1.26	11.23	0.14	11.22	11.23	292683	3106	         -0.08	          2.91	11.07	11.49	11.04	11.09	    31.74	329479680	  1.27	服饰	上海	 4.06	
="000516"	开元投资	1.25	8.93	0.11	8.92	8.93	294791	2231	          0.33	          4.18	8.88	9.05	8.73	8.82	    23.03	262917104	  0.61	百货	陕西	 3.63	
="002521"	齐峰新材	1.23	11.50	0.14	11.50	11.51	87003	1018	          0.00	          2.83	11.36	11.54	11.13	11.36	    18.26	98908544	  0.74	造纸	山东	 3.61	
="600717"	天津港	1.21	11.74	0.14	11.74	11.75	265271	10	          0.08	          1.58	11.36	11.78	11.36	11.60	    16.35	307324832	  0.80	港口	天津	 3.62	
="000738"	中航动控	1.20	17.67	0.21	17.67	17.68	234500	2008	          0.05	          2.05	17.30	17.88	17.29	17.46	   101.08	413990688	  1.08	航空航天	江苏	 3.38	
="000735"	罗 牛 山	1.11	7.27	0.08	7.27	7.28	307594	4109	          0.00	          3.50	7.19	7.38	7.12	7.19	   133.74	222617456	  0.39	农业综合	海南	 3.62	
="600359"	新农开发	1.11	10.02	0.11	9.98	9.99	71206	12	          0.50	          2.22	9.90	10.07	9.61	9.91	   319.02	69946744	  0.80	农业综合	新疆	 4.64	
="600329"	中新药业	1.08	14.96	0.16	14.93	14.95	58265	2	          0.20	          1.09	14.80	15.15	14.68	14.80	    27.88	86664560	  0.98	中成药	天津	 3.18	
="600812"	华北制药	1.06	6.69	0.07	6.69	6.70	227700	8	          0.14	          2.21	6.59	6.81	6.53	6.62	   525.60	151655344	  0.56	化学制药	河北	 4.23	
="600808"	马钢股份	1.02	1.98	0.02	1.97	1.98	472997	15	          0.50	          0.79	1.96	2.03	1.93	1.96	--  	93479440	  0.90	普钢	安徽	 5.10	
="600179"	黑化股份	0.99	7.17	0.07	7.16	7.17	87780	200	          0.27	          2.25	7.10	7.25	6.94	7.10	--  	62051992	  0.57	焦炭加工	黑龙江	 4.37	
="002616"	长青集团	0.92	23.01	0.21	22.91	23.01	24782	106	          0.61	          3.04	22.82	23.50	22.41	22.80	   106.07	56526124	  1.17	环境保护	广东	 4.78	
="000078"	海王生物	0.91	10.03	0.09	10.03	10.04	330282	2445	         -0.29	          4.52	9.92	10.16	9.75	9.94	    69.32	328680896	  0.49	生物制药	深圳	 4.12	
="600127"	金健米业	0.89	5.69	0.05	5.68	5.69	123254	280	          0.17	          2.26	5.64	5.72	5.49	5.64	   419.10	69068464	  0.64	农业综合	湖南	 4.08	
="601800"	中国交建	0.88	4.57	0.04	4.56	4.57	425400	11	          0.21	          3.15	4.53	4.62	4.51	4.53	     6.36	194399872	  0.83	建筑施工	北京	 2.43	
="002316"	键桥通讯	0.85	11.80	0.10	11.80	11.81	38930	269	          0.16	          0.99	11.86	11.86	11.49	11.70	   151.97	45295016	  0.81	软件服务	深圳	 3.16	
="000785"	武汉中商	0.85	8.29	0.07	8.28	8.29	45622	992	          0.12	          1.82	8.22	8.39	7.86	8.22	    35.14	37651720	  1.27	百货	湖北	 6.45	
="600062"	华润双鹤	0.84	21.65	0.18	21.63	21.64	118660	342	          0.09	          2.08	21.49	21.74	21.17	21.47	    19.63	254851312	  0.36	化学制药	北京	 2.65	
="000836"	鑫茂科技	0.83	7.30	0.06	7.30	7.31	67328	720	          0.13	          2.30	7.18	7.32	7.05	7.24	--  	48310440	  0.76	软件服务	天津	 3.73	
="600543"	莫高股份	0.78	9.10	0.07	9.10	9.11	64018	22	          0.00	          1.99	9.03	9.22	8.96	9.03	    73.89	58079364	  0.43	红黄药酒	甘肃	 2.88	
="002667"	鞍重股份	0.60	28.37	0.17	28.33	28.37	26853	89	         -0.10	          9.60	28.02	29.18	27.90	28.20	    42.03	76379536	  1.38	工程机械	辽宁	 4.54	
="002224"	三 力 士	0.58	8.71	0.05	8.70	8.71	92885	5818	          2.23	          2.11	8.66	8.90	8.47	8.66	    37.83	80143688	  0.73	橡胶	浙江	 4.97	
="300346"	南大光电	0.57	37.09	0.21	37.08	37.09	16774	117	          0.02	          4.68	36.62	37.47	36.52	36.88	    92.64	62129164	  1.32	半导体	江苏	 2.58	
="600683"	京投银泰	0.47	6.36	0.03	6.35	6.36	123107	16	          0.31	          1.66	6.30	6.56	6.26	6.33	--  	78960120	  0.73	区域地产	浙江	 4.74	
="002677"	浙江美大	0.35	17.39	0.06	17.39	17.40	28098	711	         -0.22	          5.62	17.07	17.80	17.07	17.33	    36.11	48999392	  0.67	家用电器	浙江	 4.21	
="000900"	现代投资	0.34	5.96	0.02	5.95	5.96	1073117	8522	          0.16	         10.61	6.10	6.25	5.91	5.94	    17.35	653141952	  5.90	路桥	湖南	 5.72	
="000582"	北部湾港	0.30	13.27	0.04	13.26	13.27	27053	240	         -0.15	          1.91	13.15	13.41	13.10	13.23	    18.18	35802988	  0.82	港口	广西	 2.34	
="002670"	华声股份	0.29	13.75	0.04	13.72	13.75	29604	208	          0.36	          3.59	13.65	13.85	13.48	13.71	    25.94	40441240	  0.78	电气设备	广东	 2.70	
="002291"	星期六	0.26	7.82	0.02	7.82	7.83	41583	434	          0.12	          1.14	7.78	7.88	7.72	7.80	    42.63	32395958	  1.19	服饰	广东	 2.05	
="002294"	信立泰	0.23	34.29	0.08	34.29	34.30	44918	147	          0.17	          1.57	33.98	34.78	33.80	34.21	    22.38	154429504	  0.72	化学制药	深圳	 2.86	
="002232"	启明信息	0.08	11.95	0.01	11.95	11.96	105699	1356	         -0.16	          2.66	11.80	12.04	11.65	11.94	  1898.19	125401424	  1.07	软件服务	吉林	 3.27	
="000513"	丽珠集团	0.02	54.17	0.01	54.17	54.19	6230	88	          0.03	          0.35	54.03	55.50	53.03	54.16	    27.53	33973844	  0.65	中成药	广东	 4.56	
="601928"	凤凰传媒	0.00	10.71	0.00	--  	--  	0	0	          0.00	          0.00	--  	--  	--  	10.71	    23.65	0	  0.00	出版业	江苏	 0.00	
="600986"	科达股份	0.00	7.05	0.00	--  	--  	0	0	          0.00	          0.00	--  	--  	--  	7.05	    95.92	0	  0.00	建筑施工	山东	 0.00	
="600981"	汇鸿股份	0.00	4.21	0.00	--  	--  	0	0	          0.00	          0.00	--  	--  	--  	4.21	    91.20	0	  0.00	商贸代理	江苏	 0.00	
="600881"	亚泰集团	0.00	5.14	0.00	--  	--  	0	0	          0.00	          0.00	--  	--  	--  	5.14	    41.03	0	  0.00	水泥	吉林	 0.00	
="600876"	洛阳玻璃	0.00	7.24	0.00	--  	--  	0	0	          0.00	          0.00	--  	--  	--  	7.24	    56.10	0	  0.00	玻璃	河南	 0.00	
="600847"	万里股份	0.00	18.19	0.00	--  	--  	0	0	          0.00	          0.00	--  	--  	--  	18.19	   644.02	0	  0.00	电气设备	重庆	 0.00	
="600755"	厦门国贸	0.00	5.79	0.00	5.78	5.79	415883	10	         -0.17	          3.12	5.75	5.93	5.71	5.79	    10.35	241494112	  0.77	商贸代理	福建	 3.80	
="600749"	西藏旅游	0.00	12.18	0.00	--  	--  	0	0	          0.00	          0.00	--  	--  	--  	12.18	--  	0	  0.00	旅游景点	西藏	 0.00	
="600726"	华电能源	0.00	4.07	0.00	--  	--  	0	0	          0.00	          0.00	--  	--  	--  	4.07	    15.11	0	  0.00	火力发电	黑龙江	 0.00	
="600704"	物产中大	0.00	10.38	0.00	--  	--  	0	0	          0.00	          0.00	--  	--  	--  	10.38	    20.87	0	  0.00	商贸代理	浙江	 0.00	
="600575"	皖江物流	0.00	4.11	0.00	--  	--  	0	0	          0.00	          0.00	--  	--  	--  	4.11	    69.90	0	  0.00	港口	安徽	 0.00	
="600569"	安阳钢铁	0.00	2.32	0.00	--  	--  	0	0	          0.00	          0.00	--  	--  	--  	2.32	    58.76	0	  0.00	普钢	河南	 0.00	
="600532"	宏达矿业	0.00	9.75	0.00	--  	--  	0	0	          0.00	          0.00	--  	--  	--  	9.75	    31.26	0	  0.00	普钢	山东	 0.00	
="600497"	驰宏锌锗	0.00	10.39	0.00	--  	--  	0	0	          0.00	          0.00	--  	--  	--  	10.39	    91.83	0	  0.00	铅锌	云南	 0.00	
="600400"	红豆股份	0.00	5.69	0.00	--  	--  	0	0	          0.00	          0.00	--  	--  	--  	5.69	    69.40	0	  0.00	服饰	江苏	 0.00	
="600380"	健康元	0.00	6.66	0.00	6.65	6.66	159573	1	          0.00	          1.03	6.63	6.72	6.47	6.66	    25.71	105342888	  0.58	化学制药	深圳	 3.75	
="600369"	西南证券	0.00	10.54	0.00	--  	--  	0	0	          0.00	          0.00	--  	--  	--  	10.54	    27.45	0	  0.00	证券	重庆	 0.00	
="600365"	通葡股份	0.00	11.38	0.00	--  	--  	0	0	          0.00	          0.00	--  	--  	--  	11.38	   755.95	0	  0.00	红黄药酒	吉林	 0.00	
="600323"	瀚蓝环境	0.00	14.23	0.00	--  	--  	0	0	          0.00	          0.00	--  	--  	--  	14.23	    29.50	0	  0.00	水务	广东	 0.00	
="600318"	巢东股份	0.00	11.20	0.00	--  	--  	0	0	          0.00	          0.00	--  	--  	--  	11.20	    13.31	0	  0.00	水泥	安徽	 0.00	
="600241"	时代万恒	0.00	8.28	0.00	--  	--  	0	0	          0.00	          0.00	--  	--  	--  	8.28	--  	0	  0.00	商贸代理	辽宁	 0.00	
="600239"	云南城投	0.00	6.01	0.00	--  	--  	0	0	          0.00	          0.00	--  	--  	--  	6.01	    27.83	0	  0.00	区域地产	云南	 0.00	
="600125"	铁龙物流	0.00	6.78	0.00	6.77	6.78	275073	20	         -0.14	          2.11	6.78	6.85	6.65	6.78	    25.33	185757056	  0.69	铁路	辽宁	 2.95	
="600105"	永鼎股份	0.00	9.86	0.00	--  	--  	0	0	          0.00	          0.00	--  	--  	--  	9.86	    17.13	0	  0.00	通信设备	江苏	 0.00	
="600103"	青山纸业	0.00	3.66	0.00	--  	--  	0	0	          0.00	          0.00	--  	--  	--  	3.66	    60.41	0	  0.00	造纸	福建	 0.00	
="600091"	ST明科	0.00	7.02	0.00	--  	--  	0	0	          0.00	          0.00	--  	--  	--  	7.02	--  	0	  0.00	化工原料	内蒙	 0.00	
="600090"	啤酒花	0.00	8.13	0.00	--  	--  	0	0	          0.00	          0.00	--  	--  	--  	8.13	    50.77	0	  0.00	啤酒	新疆	 0.00	
="600005"	武钢股份	0.00	2.38	0.00	--  	--  	0	0	          0.00	          0.00	--  	--  	--  	2.38	    28.06	0	  0.00	普钢	湖北	 0.00	
="300332"	天壕节能	--  	0.00	--  	--  	--  	0	0	--  	          0.00	--  	--  	--  	14.06	    38.55	0	  0.00	环境保护	北京	 0.00	
="300230"	永利带业	--  	0.00	--  	--  	--  	0	0	--  	          0.00	--  	--  	--  	9.63	    37.74	0	  0.00	塑料	上海	 0.00	
="300194"	福安药业	--  	0.00	--  	--  	--  	0	0	--  	          0.00	--  	--  	--  	21.58	    84.71	0	  0.00	化学制药	重庆	 0.00	
="300138"	晨光生物	--  	0.00	--  	--  	--  	0	0	--  	          0.00	--  	--  	--  	11.24	   155.06	0	  0.00	食品	河北	 0.00	
="300109"	新开源	--  	0.00	--  	--  	--  	0	0	--  	          0.00	--  	--  	--  	14.42	    59.16	0	  0.00	化工原料	河南	 0.00	
="300074"	华平股份	--  	0.00	--  	--  	--  	0	0	--  	          0.00	--  	--  	--  	18.61	    61.30	0	  0.00	通信设备	上海	 0.00	
="300072"	三聚环保	--  	0.00	--  	--  	--  	0	0	--  	          0.00	--  	--  	--  	27.13	    37.91	0	  0.00	化工原料	北京	 0.00	
="300013"	新宁物流	--  	0.00	--  	--  	--  	0	0	--  	          0.00	--  	--  	--  	9.26	   315.91	0	  0.00	仓储物流	江苏	 0.00	
="002608"	舜天船舶	--  	0.00	--  	--  	--  	0	0	--  	          0.00	--  	--  	--  	12.79	    57.18	0	  0.00	船舶	江苏	 0.00	
="002537"	海立美达	--  	0.00	--  	--  	--  	0	0	--  	          0.00	--  	--  	--  	19.19	    53.98	0	  0.00	机械基件	山东	 0.00	
="002529"	海源机械	--  	0.00	--  	--  	--  	0	0	--  	          0.00	--  	--  	--  	15.03	--  	0	  0.00	专用机械	福建	 0.00	
="002509"	天广消防	--  	0.00	--  	--  	--  	0	0	--  	          0.00	--  	--  	--  	12.27	    49.43	0	  0.00	专用机械	福建	 0.00	
="002483"	润邦股份	--  	0.00	--  	--  	--  	0	0	--  	          0.00	--  	--  	--  	12.22	    35.76	0	  0.00	工程机械	江苏	 0.00	
="002450"	康得新	--  	0.00	--  	--  	--  	0	0	--  	          0.00	--  	--  	--  	32.67	    33.05	0	  0.00	化工原料	江苏	 0.00	
="002426"	胜利精密	--  	0.00	--  	--  	--  	0	0	--  	          0.00	--  	--  	--  	11.26	    68.93	0	  0.00	元器件	江苏	 0.00	
="002375"	亚厦股份	--  	0.00	--  	--  	--  	0	0	--  	          0.00	--  	--  	--  	23.21	    21.90	0	  0.00	装修装饰	浙江	 0.00	
="002324"	普利特	--  	0.00	--  	--  	--  	0	0	--  	          0.00	--  	--  	--  	19.90	    27.22	0	  0.00	塑料	上海	 0.00	
="002323"	中联电气	--  	0.00	--  	--  	--  	0	0	--  	          0.00	--  	--  	--  	21.95	   122.80	0	  0.00	电气设备	江苏	 0.00	
="002282"	博深工具	--  	0.00	--  	--  	--  	0	0	--  	          0.00	--  	--  	--  	11.50	    69.15	0	  0.00	轻工机械	河北	 0.00	
="002103"	广博股份	--  	0.00	--  	--  	--  	0	0	--  	          0.00	--  	--  	--  	10.18	   196.01	0	  0.00	文教休闲	浙江	 0.00	
="002084"	海鸥卫浴	--  	0.00	--  	--  	--  	0	0	--  	          0.00	--  	--  	--  	7.60	    89.04	0	  0.00	家居用品	广东	 0.00	
="002044"	江苏三友	--  	0.00	--  	--  	--  	0	0	--  	          0.00	--  	--  	--  	10.04	    43.13	0	  0.00	服饰	江苏	 0.00	
="002036"	宜科科技	--  	0.00	--  	--  	--  	0	0	--  	          0.00	--  	--  	--  	10.86	   153.77	0	  0.00	服饰	浙江	 0.00	
="002013"	中航机电	--  	0.00	--  	--  	--  	0	0	--  	          0.00	--  	--  	--  	22.15	    43.52	0	  0.00	汽车配件	湖北	 0.00	
="002009"	天奇股份	--  	0.00	--  	--  	--  	0	0	--  	          0.00	--  	--  	--  	16.30	    47.89	0	  0.00	工程机械	江苏	 0.00	
="002006"	*ST精功	--  	0.00	--  	--  	--  	0	0	--  	          0.00	--  	--  	--  	8.75	   155.21	0	  0.00	工程机械	浙江	 0.00	
="000936"	华西股份	--  	0.00	--  	--  	--  	0	0	--  	          0.00	--  	--  	--  	5.17	   119.27	0	  0.00	化纤	江苏	 0.00	
="000920"	南方汇通	--  	0.00	--  	--  	--  	0	0	--  	          0.00	--  	--  	--  	13.23	   128.57	0	  0.00	运输设备	贵州	 0.00	
="000860"	顺鑫农业	0.00	17.20	0.00	17.18	17.20	55769	411	          0.00	          1.27	17.22	17.47	17.01	17.20	    19.93	96097832	  0.65	农业综合	北京	 2.67	
="000796"	易食股份	--  	0.00	--  	--  	--  	0	0	--  	          0.00	--  	--  	--  	7.23	    91.08	0	  0.00	食品	陕西	 0.00	
="000795"	太原刚玉	--  	0.00	--  	--  	--  	0	0	--  	          0.00	--  	--  	--  	10.92	--  	0	  0.00	矿物制品	山西	 0.00	
="000725"	京东方Ａ	0.00	2.49	0.00	2.48	2.49	1999301	8814	          0.40	          1.74	2.50	2.53	2.47	2.49	    42.18	499331136	  0.91	元器件	北京	 2.41	
="000710"	天兴仪表	--  	0.00	--  	--  	--  	0	0	--  	          0.00	--  	--  	--  	13.60	--  	0	  0.00	汽车配件	四川	 0.00	
="000668"	荣丰控股	--  	0.00	--  	--  	--  	0	0	--  	          0.00	--  	--  	--  	13.98	--  	0	  0.00	区域地产	上海	 0.00	
="000627"	天茂集团	--  	0.00	--  	--  	--  	0	0	--  	          0.00	--  	--  	--  	4.10	    15.68	0	  0.00	化工原料	湖北	 0.00	
="000563"	陕国投Ａ	--  	0.00	--  	--  	--  	0	0	--  	          0.00	--  	--  	--  	8.18	    22.63	0	  0.00	多元金融	陕西	 0.00	
="000533"	万 家 乐	--  	0.00	--  	--  	--  	0	0	--  	          0.00	--  	--  	--  	5.97	    35.25	0	  0.00	家用电器	广东	 0.00	
="000498"	山东路桥	--  	0.00	--  	--  	--  	0	0	--  	          0.00	--  	--  	--  	4.64	    28.22	0	  0.00	建筑施工	山东	 0.00	
="000415"	渤海租赁	--  	0.00	--  	--  	--  	0	0	--  	          0.00	--  	--  	--  	10.28	    19.77	0	  0.00	多元金融	新疆	 0.00	
="000090"	天健集团	--  	0.00	--  	--  	--  	0	0	--  	          0.00	--  	--  	--  	8.44	    25.79	0	  0.00	建筑施工	深圳	 0.00	
="300203"	聚光科技	-0.05	19.90	-0.01	19.90	19.91	101754	383	         -0.05	          2.29	19.91	20.45	19.52	19.91	    75.12	203536000	  0.83	电器仪表	浙江	 4.67	
="600218"	全柴动力	-0.07	13.69	-0.01	13.67	13.68	59806	74	         -0.07	          2.11	13.71	13.89	13.32	13.70	    59.23	81068368	  1.08	农用机械	安徽	 4.16	
="600713"	南京医药	-0.13	7.58	-0.01	7.57	7.58	132751	23	         -0.13	          1.91	7.55	7.65	7.40	7.59	   101.91	100279632	  0.60	医药连锁	江苏	 3.29	
="600076"	青鸟华光	-0.14	6.89	-0.01	6.88	6.89	74301	35	          0.29	          2.03	6.86	7.15	6.70	6.90	--  	51773568	  0.88	通信设备	山东	 6.52	
="002409"	雅克科技	-0.19	21.16	-0.04	20.90	21.16	27722	1521	          2.27	          3.36	20.99	21.40	20.15	21.20	    54.46	58375668	  3.04	化工原料	江苏	 5.90	
="601311"	骆驼股份	-0.20	14.72	-0.03	14.70	14.72	88087	11	          0.47	          1.04	14.60	15.15	14.57	14.75	    21.59	130648984	  0.76	电气设备	湖北	 3.93	
="002168"	深圳惠程	-0.21	9.30	-0.02	9.29	9.30	278069	4622	         -0.42	          4.90	9.28	9.53	8.99	9.32	--  	255828528	  0.79	电气设备	深圳	 5.79	
="002479"	富春环保	-0.22	9.00	-0.02	9.00	9.01	97793	285	         -0.22	          1.34	9.05	9.27	8.90	9.02	    33.43	89121400	  1.14	火力发电	浙江	 4.10	
="300123"	太阳鸟	-0.30	13.30	-0.04	13.29	13.30	104433	674	          0.75	          4.06	13.28	13.80	13.10	13.34	   120.19	139944576	  1.03	船舶	湖南	 5.25	
="002680"	黄海机械	-0.33	33.40	-0.11	33.39	33.40	10428	332	          0.45	          4.35	33.20	33.88	32.41	33.51	   138.82	34509204	  0.53	工程机械	江苏	 4.39	
="002702"	海欣食品	-0.67	17.88	-0.12	17.88	17.89	13469	183	          0.44	          2.21	18.00	18.11	17.32	18.00	--  	24001772	  1.19	食品	福建	 4.39	
="300294"	博雅生物	-0.69	60.88	-0.42	60.80	60.88	8311	28	         -0.03	          2.61	61.04	61.80	59.71	61.30	    51.90	50694864	  0.67	生物制药	江西	 3.41	
="000731"	四川美丰	-0.72	8.25	-0.06	8.24	8.25	140074	1452	          0.36	          2.37	8.32	8.39	8.10	8.31	--  	115167856	  0.81	农药化肥	四川	 3.49	
="600363"	联创光电	-0.73	10.86	-0.08	10.85	10.86	197138	46	         -0.73	          4.66	10.82	11.20	10.66	10.94	    40.00	215273328	  0.94	元器件	江西	 4.94	
="600276"	恒瑞医药	-0.84	37.88	-0.32	37.90	37.91	34732	1	          0.07	          0.23	38.23	38.88	37.70	38.20	    37.48	132739584	  0.76	化学制药	江苏	 3.09	
="002035"	华帝股份	-0.88	12.43	-0.11	12.42	12.43	42737	327	          0.00	          1.44	12.55	12.57	12.00	12.54	    18.35	52863848	  0.62	家用电器	广东	 4.55	
="600859"	王府井	-0.89	19.00	-0.17	19.02	19.03	97309	5	          0.10	          2.33	19.10	19.39	18.89	19.17	    11.63	186022624	  0.61	百货	北京	 2.61	
="300159"	新研股份	-0.92	11.89	-0.11	11.88	11.89	108041	485	          0.00	          3.84	11.99	12.20	11.63	12.00	   133.01	128202872	  0.91	农用机械	新疆	 4.75	
="002144"	宏达高科	-0.95	20.88	-0.20	20.87	20.88	65478	864	          0.00	          4.79	21.14	21.17	20.45	21.08	    24.69	135791808	  0.84	纺织	浙江	 3.42	
="002231"	奥维通信	-1.01	9.77	-0.10	9.77	9.78	75733	283	          0.20	          3.72	9.78	9.92	9.60	9.87	--  	73865912	  0.72	通信设备	辽宁	 3.24	
="000677"	恒天海龙	-1.15	4.30	-0.05	4.29	4.30	129771	2343	          0.00	          1.50	4.35	4.38	4.25	4.35	--  	55917432	  0.64	化纤	山东	 2.99	
="000998"	隆平高科	-1.20	17.30	-0.21	17.29	17.30	139594	830	          0.05	          1.68	17.50	17.51	17.00	17.51	    65.27	240534096	  0.67	种植业	湖南	 2.91	
="300204"	舒泰神	-1.22	26.79	-0.33	26.72	26.79	10603	28	          0.14	          0.45	27.03	27.18	26.55	27.12	    53.24	28424418	  0.66	生物制药	北京	 2.32	
="002558"	世纪游轮	-1.22	31.52	-0.39	31.52	31.53	4478	15	          0.06	          1.38	32.00	32.00	31.13	31.91	   792.78	14137026	  0.48	旅游服务	重庆	 2.73	
="601618"	中国中冶	-1.23	2.41	-0.03	2.41	2.42	986335	200	         -0.41	          0.61	2.43	2.46	2.40	2.44	    12.73	239144432	  0.61	建筑施工	北京	 2.46	
="002471"	中超电缆	-1.24	11.95	-0.15	11.90	11.95	61039	1065	          0.92	          1.27	12.06	12.25	11.75	12.10	    50.93	72915600	  0.69	电气设备	江苏	 4.13	
="002220"	天宝股份	-1.27	7.79	-0.10	7.79	7.80	58633	389	          0.00	          1.51	7.88	8.01	7.75	7.89	    24.32	46238424	  0.69	食品	辽宁	 3.30	
="600745"	中茵股份	-1.29	13.77	-0.18	13.75	13.76	26626	10	         -0.14	          0.81	13.91	14.00	13.60	13.95	   433.36	36678468	  0.89	区域地产	湖北	 2.87	
="600336"	澳柯玛	-1.31	6.05	-0.08	6.04	6.05	165741	100	         -0.32	          2.44	6.09	6.14	5.97	6.13	    27.14	100268416	  0.53	家用电器	山东	 2.77	
="600781"	辅仁药业	-1.37	20.12	-0.28	20.10	20.16	36866	107	          0.04	          2.08	20.48	20.58	19.85	20.40	   128.94	74288608	  0.90	中成药	河南	 3.58	
="000153"	丰原药业	-1.39	11.34	-0.16	11.34	11.35	89157	1657	         -0.35	          3.01	11.35	11.55	11.20	11.50	    94.44	101423840	  0.99	化学制药	安徽	 3.04	
="300142"	沃森生物	-1.40	42.37	-0.60	42.36	42.37	16466	27	          0.04	          0.99	42.97	42.99	41.50	42.97	--  	69913720	  0.80	生物制药	云南	 3.47	
="002117"	东港股份	-1.40	19.00	-0.27	18.99	19.00	43655	235	         -0.26	          1.21	19.20	19.37	18.81	19.27	    43.35	83213456	  0.64	广告包装	山东	 2.91	
="000816"	江淮动力	-1.44	6.17	-0.09	6.16	6.17	298500	1261	          0.16	          2.74	6.39	6.39	6.04	6.26	   108.06	185050352	  1.12	机械基件	江苏	 5.59	
="600354"	敦煌种业	-1.46	7.42	-0.11	7.40	7.41	81430	20	          0.00	          1.82	7.51	7.57	7.33	7.53	--  	60698656	  0.72	种植业	甘肃	 3.19	
="002489"	浙江永强	-1.53	14.18	-0.22	14.17	14.18	94751	503	          0.00	          2.49	14.34	14.62	13.90	14.40	    21.73	134878624	  2.16	家居用品	浙江	 5.00	
="002534"	杭锅股份	-1.56	17.72	-0.28	17.72	17.74	35572	985	          0.33	          0.91	17.90	18.09	17.21	18.00	    55.24	62571248	  1.02	专用机械	浙江	 4.89	
="002536"	西泵股份	-1.56	25.80	-0.41	25.79	25.80	14143	79	         -0.07	          3.19	25.91	26.29	25.63	26.21	    45.64	36573392	  0.54	汽车配件	河南	 2.52	
="600865"	百大集团	-1.57	8.17	-0.13	8.18	8.19	34151	65	         -0.24	          0.91	8.29	8.30	8.05	8.30	    16.60	27858062	  0.85	百货	浙江	 3.01	
="000623"	吉林敖东	-1.57	20.03	-0.32	20.03	20.04	187835	967	         -0.14	          2.44	20.10	20.38	19.90	20.35	    16.56	377087200	  0.67	中成药	吉林	 2.36	
="002399"	海普瑞	-1.57	26.28	-0.42	26.27	26.28	62451	222	          0.00	          0.78	26.51	26.80	25.66	26.70	    95.56	163130512	  0.98	化学制药	深圳	 4.27	
="603077"	和邦股份	-1.65	10.11	-0.17	10.11	10.12	99668	60	          0.00	          3.32	10.22	10.34	9.95	10.28	     7.59	100876568	  0.74	化工原料	四川	 3.79	
="600728"	佳都科技	-1.70	15.58	-0.27	15.56	15.57	73973	3	         -0.19	          2.04	15.86	16.09	15.41	15.85	   231.63	116673264	  0.71	软件服务	广东	 4.29	
="000981"	银亿股份	-1.74	10.71	-0.19	10.70	10.71	21888	175	         -0.46	          0.26	10.92	10.96	10.70	10.90	    17.05	23667562	  0.52	区域地产	甘肃	 2.39	
="600038"	哈飞股份	-1.75	37.69	-0.67	37.90	37.93	55195	10	          0.50	          1.64	38.11	38.47	37.37	38.36	    72.79	209093424	  0.81	航空航天	黑龙江	 2.87	
="600068"	葛洲坝	-1.77	4.43	-0.08	4.43	4.44	437913	68	          0.22	          1.26	4.48	4.50	4.39	4.51	     8.09	194416912	  0.90	建筑施工	湖北	 2.44	
="002695"	煌上煌	-1.84	31.40	-0.59	31.40	31.42	12585	131	          0.03	          2.93	31.90	32.18	31.29	31.99	    35.10	39691672	  0.66	食品	江西	 2.78	
="600419"	天润乳业	-1.91	21.00	-0.41	20.98	21.00	10240	3	          0.14	          1.28	21.41	21.57	20.90	21.41	   100.36	21633616	  0.91	乳制品	新疆	 3.13	
="300091"	金通灵	-1.92	23.00	-0.45	22.98	23.00	14042	150	         -0.43	          1.11	23.43	23.46	22.00	23.45	   384.92	31540108	  0.65	机械基件	江苏	 6.23	
="600496"	精工钢构	-1.98	8.92	-0.18	8.92	8.93	61497	50	          0.00	          1.05	9.02	9.18	8.87	9.10	    22.71	55355864	  0.91	钢加工	安徽	 3.41	
="600589"	广东榕泰	-2.04	6.23	-0.13	6.21	6.23	86972	63	          0.32	          1.45	6.34	6.40	6.15	6.36	    52.67	54558952	  0.76	塑料	广东	 3.93	
="600483"	福建南纺	-2.05	8.11	-0.17	8.09	8.10	32556	90	          0.12	          1.13	8.27	8.29	8.03	8.28	   823.84	26440536	  0.69	纺织	福建	 3.14	
="600758"	红阳能源	-2.06	9.53	-0.20	9.53	9.54	45149	6	         -0.41	          3.92	9.70	9.90	9.30	9.73	    99.92	42831036	  1.05	供气供热	辽宁	 6.17	
="600300"	维维股份	-2.08	5.19	-0.11	5.18	5.19	161462	347	         -0.19	          0.97	5.30	5.30	5.08	5.30	    71.98	83805584	  0.68	软饮料	江苏	 4.15	
="002318"	久立特材	-2.08	25.00	-0.53	24.95	25.00	47426	158	          0.32	          1.59	25.21	25.76	24.70	25.53	    37.12	118950112	  0.77	特钢	浙江	 4.15	
="600083"	博信股份	-2.08	9.87	-0.21	9.85	9.89	22793	1	         -0.30	          1.01	10.07	10.10	9.73	10.08	   560.63	22603456	  0.69	元器件	广东	 3.67	
="002507"	涪陵榨菜	-2.11	27.34	-0.59	27.33	27.34	7958	50	          0.10	          0.69	27.61	28.00	26.86	27.93	    31.67	21697938	  0.74	食品	重庆	 4.08	
="600033"	福建高速	-2.12	2.77	-0.06	2.77	2.78	364147	37	          0.00	          1.33	2.80	2.84	2.74	2.83	    11.75	101467616	  0.46	路桥	福建	 3.53	
="600004"	白云机场	-2.14	8.22	-0.18	8.23	8.24	73868	120	          0.24	          0.64	8.39	8.40	8.20	8.40	     9.01	61074768	  0.92	机场	广东	 2.38	
="601989"	中国重工	-2.14	6.39	-0.14	6.38	6.39	1798531	5	         -0.15	          1.15	6.52	6.52	6.35	6.53	    42.08	1154887552	  0.80	船舶	北京	 2.60	
="300189"	神农大丰	-2.22	7.91	-0.18	7.91	7.92	187856	801	          0.38	          5.61	8.07	8.19	7.68	8.09	   221.46	149320864	  1.00	种植业	海南	 6.30	
="600729"	重庆百货	-2.23	22.31	-0.51	22.27	22.28	59276	387	         -0.17	          1.59	22.58	22.75	22.20	22.82	    10.60	133117640	  0.52	百货	重庆	 2.41	
="600609"	金杯汽车	-2.24	3.92	-0.09	3.91	3.92	184812	10	          0.00	          1.69	4.00	4.05	3.88	4.01	   305.48	72710856	  0.55	汽车整车	辽宁	 4.24	
="600845"	宝信软件	-2.31	30.42	-0.72	30.42	30.49	11723	62	          0.89	          0.52	30.91	31.13	30.02	31.14	    41.55	35590360	  0.50	软件服务	上海	 3.56	
="000928"	中钢国际	-2.32	10.95	-0.26	10.94	10.95	42595	360	          0.27	          1.51	11.22	11.25	10.86	11.21	--  	46887496	  0.70	建筑施工	吉林	 3.48	
="002598"	山东章鼓	-2.32	9.68	-0.23	9.68	9.69	86386	831	          0.00	          3.28	9.80	9.90	9.62	9.91	    40.60	84161728	  0.63	机械基件	山东	 2.83	
="600671"	天目药业	-2.39	16.36	-0.40	16.35	16.39	26487	40	          0.67	          2.18	16.76	16.95	16.11	16.76	--  	43480740	  0.87	中成药	浙江	 5.01	
="600372"	中航电子	-2.40	28.11	-0.69	28.09	28.12	107019	19	          0.07	          0.61	28.59	28.88	28.00	28.80	    91.36	303418944	  0.76	航空航天	江西	 3.06	
="002690"	美亚光电	-2.43	44.20	-1.10	44.19	44.20	8859	154	         -0.40	          0.80	45.30	45.32	44.00	45.30	    69.95	39430576	  0.56	专用机械	安徽	 2.91	
="000543"	皖能电力	-2.44	7.61	-0.19	7.61	7.62	161996	814	         -0.13	          1.58	7.75	7.89	7.50	7.80	     8.38	124564640	  0.97	火力发电	安徽	 5.00	
="601313"	江南嘉捷	-2.45	9.94	-0.25	9.94	9.95	52499	66	         -0.40	          1.96	10.17	10.26	9.79	10.19	    22.62	52506964	  0.52	运输设备	江苏	 4.61	
="600086"	东方金钰	-2.47	22.88	-0.58	22.87	22.88	59912	3	         -0.08	          1.70	23.50	23.50	22.75	23.46	    70.76	137582320	  1.24	服饰	湖北	 3.20	
="600020"	中原高速	-2.49	2.74	-0.07	2.73	2.74	105948	29	          0.00	          0.47	2.80	2.81	2.73	2.81	     9.87	29246604	  0.61	路桥	河南	 2.85	
="002031"	巨轮股份	-2.53	10.78	-0.28	10.78	10.79	80498	443	         -0.46	          1.96	11.05	11.23	10.71	11.06	    30.78	87996952	  0.62	汽车配件	广东	 4.70	
="000902"	新洋丰	-2.57	14.00	-0.37	13.99	14.00	101049	1006	          0.07	          3.92	14.36	14.81	13.85	14.37	    14.69	144030464	  1.00	农药化肥	湖北	 6.68	
="002691"	石中装备	-2.61	14.20	-0.38	14.19	14.20	35180	190	          0.07	          5.33	14.50	14.68	14.12	14.58	    82.29	50353152	  0.33	专用机械	河北	 3.84	
="300041"	回天新材	-2.68	19.98	-0.55	19.96	19.98	19591	37	          0.15	          1.51	20.53	20.53	19.77	20.53	    30.43	39287832	  0.88	化工原料	湖北	 3.70	
="002496"	辉丰股份	-2.69	16.66	-0.46	16.63	16.66	44117	169	         -0.59	          2.39	16.93	17.28	16.00	17.12	    25.44	73635760	  0.74	农药化肥	江苏	 7.48	
="600694"	大商股份	-2.74	30.91	-0.87	30.89	30.90	94294	34	         -0.32	          3.21	31.58	31.94	30.60	31.78	     6.05	293543776	  0.96	百货	辽宁	 4.22	
="002230"	科大讯飞	-2.82	30.30	-0.88	30.30	30.32	172438	2616	          0.29	          2.98	31.10	31.35	29.81	31.18	   103.97	525601952	  0.89	软件服务	安徽	 4.94	
="600238"	海南椰岛	-2.83	8.93	-0.26	8.92	8.93	176214	8	          0.00	          3.99	9.10	9.12	8.91	9.19	    48.11	158770368	  0.73	红黄药酒	海南	 2.29	
="300118"	东方日升	-2.83	9.96	-0.29	9.96	9.97	185658	1194	         -0.10	          4.89	10.25	10.41	9.88	10.25	   148.98	187202336	  0.83	半导体	浙江	 5.17	
="002002"	鸿达兴业	-2.86	11.20	-0.33	11.20	11.21	44246	965	          0.81	          1.89	11.65	11.65	11.07	11.53	    39.01	49816732	  0.70	塑料	广东	 5.03	
="002481"	双塔食品	-2.86	14.93	-0.44	14.92	14.93	27547	169	          0.00	          0.74	15.30	15.48	14.88	15.37	    53.08	41633884	  0.65	食品	山东	 3.90	
="600160"	巨化股份	-2.87	6.10	-0.18	6.10	6.11	247009	236	          0.00	          1.36	6.23	6.34	6.06	6.28	    82.33	152536992	  0.48	化工原料	浙江	 4.46	
="002187"	广百股份	-2.89	10.41	-0.31	10.40	10.41	32387	232	         -0.19	          0.96	10.68	10.79	10.38	10.72	    14.97	34066504	  0.59	百货	广东	 3.82	
="002470"	金正大	-2.91	25.40	-0.76	25.32	25.40	50310	659	         -0.03	          0.85	26.34	26.50	25.08	26.16	    16.36	128451120	  0.75	农药化肥	山东	 5.43	
="600792"	云煤能源	-2.92	12.31	-0.37	12.28	12.30	56829	17	         -0.80	          1.42	12.88	13.05	12.30	12.68	   559.47	72340992	  2.13	焦炭加工	云南	 5.91	
="600478"	科力远	-2.92	24.58	-0.74	24.58	24.60	79103	100	          0.24	          1.68	25.40	25.68	24.34	25.32	  1311.11	195784608	  1.07	元器件	湖南	 5.29	
="600800"	天津磁卡	-3.01	7.10	-0.22	7.09	7.10	195091	240	         -0.14	          3.20	7.24	7.31	7.08	7.32	--  	139600528	  0.66	综合类	天津	 3.14	
="000989"	九 芝 堂	-3.09	14.72	-0.47	14.71	14.72	108035	330	         -0.27	          3.63	15.00	15.01	14.45	15.19	    28.20	158537776	  0.77	中成药	湖南	 3.69	
="002563"	森马服饰	-3.15	32.88	-1.07	32.83	32.88	15972	134	          0.21	          2.28	33.73	33.80	32.56	33.95	    32.04	52770532	  0.90	服饰	浙江	 3.65	
="601107"	四川成渝	-3.16	3.37	-0.11	3.37	3.38	153129	49	          0.29	          0.71	3.46	3.46	3.35	3.48	     9.31	51982040	  0.73	路桥	四川	 3.16	
="600337"	美克家居	-3.17	8.24	-0.27	8.24	8.25	59936	173	          0.12	          0.94	8.43	8.59	8.21	8.51	    28.43	50295184	  0.98	家居用品	新疆	 4.47	
="601727"	上海电气	-3.18	5.17	-0.17	5.16	5.17	371751	1	          0.00	          0.38	5.31	5.33	5.11	5.34	    27.80	192667488	  1.09	电气设备	上海	 4.12	
="600993"	马应龙	-3.20	20.30	-0.67	20.31	20.33	58339	50	          0.04	          1.76	20.88	21.14	20.20	20.97	    25.77	119771384	  0.72	中成药	湖北	 4.48	
="600165"	新日恒力	-3.22	9.01	-0.30	9.00	9.01	53708	10	         -0.11	          2.77	9.29	9.38	8.98	9.31	    75.81	48793404	  1.00	钢加工	宁夏	 4.30	
="002086"	东方海洋	-3.27	10.65	-0.36	10.65	10.66	71785	368	         -0.09	          3.02	11.02	11.06	10.53	11.01	    37.69	77178456	  0.69	渔业	山东	 4.81	
="002215"	诺 普 信	-3.27	9.75	-0.33	9.75	9.76	52062	1707	         -0.20	          1.01	10.00	10.00	9.70	10.08	    16.77	50996780	  0.66	农药化肥	深圳	 2.98	
="002687"	乔治白	-3.31	10.81	-0.37	10.81	10.82	28864	283	          0.00	          4.15	11.13	11.21	10.79	11.18	    33.62	31626766	  0.72	服饰	浙江	 3.76	
="002511"	中顺洁柔	-3.37	10.04	-0.35	10.04	10.05	94362	367	         -0.09	          2.33	10.36	10.43	9.99	10.39	    56.31	95410544	  1.00	造纸	广东	 4.23	
="002384"	东山精密	-3.50	14.07	-0.51	14.06	14.07	53910	120	         -0.07	          1.19	14.44	14.65	14.00	14.58	   245.84	76718944	  0.83	通信设备	江苏	 4.46	
="300180"	华峰超纤	-3.50	20.10	-0.73	20.06	20.10	15662	184	         -0.14	          1.36	20.65	20.85	20.06	20.83	    28.89	31856506	  1.07	化纤	上海	 3.79	
="601113"	华鼎股份	-3.58	5.38	-0.20	5.37	5.38	79046	29	          0.00	          1.24	5.53	5.60	5.30	5.58	--  	42756480	  0.76	化纤	浙江	 5.38	
="002494"	华斯股份	-3.64	15.37	-0.58	15.36	15.37	32554	141	          0.00	          3.35	15.83	15.83	15.29	15.95	    29.90	50454096	  1.04	服饰	河北	 3.39	
="000766"	通化金马	-3.67	7.61	-0.29	7.61	7.62	84099	761	         -0.26	          1.87	7.85	7.88	7.53	7.90	   417.65	64774912	  0.64	中成药	吉林	 4.43	
="601588"	北辰实业	-3.68	3.40	-0.13	3.40	3.41	432412	602	         -0.29	          1.63	3.53	3.54	3.37	3.53	    24.05	148974448	  0.72	区域地产	北京	 4.82	
="002110"	三钢闽光	-3.75	6.42	-0.25	6.42	6.43	91905	1367	         -0.31	          1.72	6.63	6.77	6.32	6.67	--  	59795440	  0.79	普钢	福建	 6.75	
="000667"	美好集团	-3.76	2.56	-0.10	2.56	2.57	767697	4913	         -0.38	          3.00	2.66	2.66	2.53	2.66	   174.77	197512112	  1.03	全国地产	云南	 4.89	
="600727"	鲁北化工	-3.85	5.75	-0.23	5.74	5.75	97642	20	         -0.51	          2.78	5.95	6.02	5.72	5.98	   156.16	57293704	  0.80	农药化肥	山东	 5.02	
="002061"	江山化工	-3.88	4.96	-0.20	4.96	4.97	117377	1011	         -0.20	          2.87	5.13	5.16	4.95	5.16	--  	59071920	  0.82	化工原料	浙江	 4.07	
="600590"	泰豪科技	-3.88	8.92	-0.36	8.90	8.94	125573	6	          0.22	          2.51	9.27	9.27	8.82	9.28	--  	113176800	  0.53	电气设备	江西	 4.85	
="000650"	仁和药业	-3.95	6.81	-0.28	6.80	6.81	196011	1001	         -0.14	          1.98	7.09	7.18	6.77	7.09	    26.97	135386464	  1.03	中成药	江西	 5.78	
="600012"	皖通高速	-3.96	4.85	-0.20	4.84	4.85	61702	10	         -0.20	          0.53	5.05	5.05	4.83	5.05	     9.18	30445960	  0.89	路桥	安徽	 4.36	
="000514"	渝 开 发	-4.22	5.68	-0.25	5.68	5.69	135293	872	          0.00	          1.60	5.79	5.88	5.66	5.93	    29.67	77627600	  0.75	区域地产	重庆	 3.71	
="600260"	凯乐科技	-4.24	9.27	-0.41	9.26	9.27	182823	50	         -0.21	          3.46	9.67	9.72	9.20	9.68	    30.72	171829072	  0.97	白酒	湖北	 5.37	
="600306"	*ST商城	-4.27	10.53	-0.47	10.54	10.56	34922	2	         -0.94	          1.97	11.00	11.12	10.51	11.00	--  	37883076	  1.18	百货	辽宁	 5.55	
="300031"	宝通带业	-4.31	9.10	-0.41	9.10	9.11	150144	917	         -0.10	          7.02	9.43	9.47	8.90	9.51	    33.81	136732624	  1.25	橡胶	江苏	 5.99	
="600674"	川投能源	-4.38	16.59	-0.76	16.58	16.59	193202	238	          0.00	          0.88	17.32	17.39	16.58	17.35	    20.39	326997472	  1.35	火力发电	四川	 4.67	
="600810"	神马股份	-4.40	7.38	-0.34	7.37	7.38	69782	9	         -0.40	          1.58	7.70	7.76	7.31	7.72	    31.28	52443724	  0.98	化纤	河南	 5.83	
="300313"	天山生物	-4.44	21.50	-1.00	21.47	21.50	16967	217	         -0.37	          4.06	22.12	22.54	21.30	22.50	   211.25	37100164	  0.75	农业综合	新疆	 5.51	
="600985"	雷鸣科化	-4.69	15.24	-0.75	15.25	15.26	23918	20	         -0.06	          1.85	15.98	16.07	15.04	15.99	    21.74	36925912	  1.16	化工原料	安徽	 6.44	
="601007"	金陵饭店	-4.71	10.51	-0.52	10.52	10.55	61914	9	         -0.56	          2.06	10.82	11.10	10.37	11.03	   101.16	66604940	  0.94	酒店餐饮	江苏	 6.62	
="600088"	中视传媒	-4.91	20.91	-1.08	20.92	20.93	161061	494	         -0.42	          4.86	21.78	22.36	20.80	21.99	   130.82	348415776	  0.86	影视音像	上海	 7.09	
="600736"	苏州高新	-4.97	4.78	-0.25	4.79	4.80	417676	86	         -0.41	          3.95	4.98	5.02	4.74	5.03	    43.24	202653360	  0.51	园区开发	江苏	 5.57	
="000837"	秦川发展	-5.22	10.17	-0.56	10.17	10.18	125950	946	         -0.19	          4.93	10.60	10.69	10.06	10.73	--  	129792528	  0.93	机床制造	陕西	 5.87	
="002333"	罗普斯金	-5.29	12.90	-0.72	12.90	12.91	27862	605	          0.00	          1.15	13.52	13.69	12.70	13.62	    53.02	36732472	  0.68	铝	江苏	 7.27	
="000652"	泰达股份	-5.37	5.46	-0.31	5.46	5.47	325549	4223	         -0.18	          2.22	5.61	5.77	5.46	5.77	--  	182243472	  0.61	综合类	天津	 5.37	
="000912"	泸 天 化	-5.59	6.25	-0.37	6.25	6.26	221452	3822	         -0.31	          8.29	6.50	6.57	6.16	6.62	--  	140567200	  1.69	农药化肥	四川	 6.19	
="600120"	浙江东方	-5.66	15.01	-0.90	15.01	15.02	309848	5	         -0.19	          6.13	15.80	16.15	14.72	15.91	    12.98	473253344	  0.88	商贸代理	浙江	 8.99	
="300275"	梅安森	-6.80	20.27	-1.48	20.27	20.29	50283	287	          0.04	          5.72	21.57	21.60	19.91	21.75	    75.31	102726584	  1.58	软件服务	重庆	 7.77	
="600707"	彩虹股份	-9.96	10.76	-1.19	--  	10.76	313052	7	          0.00	          4.26	11.84	11.90	10.76	11.95	--  	352303072	  1.08	元器件	陕西	 9.54	
数据来源:通达信
