代码	名称	涨幅%%	现价	涨跌	买价	卖价	总量	现量	涨速%%	换手%%	今开	最高	最低	昨收	市盈(动)	总金额	量比	细分行业	地区	振幅%%	均价	内盘	外盘	内外比	买量	卖量	未匹配量	
="601939"	建设银行	10.04	5.70	0.52	5.70	--  	9762901	501	0.00	         10.18	5.22	5.70	5.18	5.18	     5.62	5448354304	  2.07	银行	北京	10.04	5.58	5476914	4285986	  1.28	573168	0	--  	
="002013"	中航机电	10.01	24.18	2.20	24.17	24.18	302568	1817	0.12	         10.33	22.10	24.18	21.22	21.98	    55.76	695912640	  1.80	汽车配件	湖北	13.47	23.00	135357	167210	  0.81	258	2991	--  	
="600369"	西南证券	9.96	11.59	1.05	11.59	--  	8099	1	0.00	          0.03	11.59	11.59	11.59	10.54	    27.55	9387193	  0.03	证券	重庆	0.00	11.59	7933	166	 47.79	4817029	0	--  	
="601633"	长城汽车	9.79	42.38	3.78	42.39	42.40	165402	117	0.18	          0.82	40.01	42.46	39.50	38.60	    17.31	686292096	  1.96	汽车整车	河北	7.67	41.49	74588	90814	  0.82	13	430	--  	
="300255"	常山药业	9.59	32.91	2.88	32.91	32.93	88522	741	-0.36	          6.85	29.80	33.03	29.19	30.03	    64.10	274956768	  2.26	生物制药	河北	12.79	31.06	41459	47062	  0.88	3299	66	--  	
="601288"	农业银行	8.52	3.31	0.26	3.32	3.33	18027286	2986	0.60	          0.63	3.08	3.33	3.01	3.05	     5.29	5726925824	  1.51	银行	北京	10.49	3.18	7618048	10409238	  0.73	3231	69690	--  	
="000022"	深赤湾Ａ	8.44	19.54	1.52	19.54	19.55	176266	2083	0.66	          3.79	17.80	19.55	16.70	18.02	    25.77	325837920	  2.73	港口	深圳	15.82	18.49	75522	100744	  0.75	656	229	--  	
="601398"	工商银行	7.49	4.59	0.32	4.59	4.60	10246444	698	0.00	          0.39	4.30	4.68	4.22	4.27	     5.49	4580277248	  1.45	银行	北京	10.77	4.47	4880372	5366071	  0.91	330	1966	--  	
="600521"	华海药业	6.70	16.08	1.01	16.07	16.08	376977	28	0.56	          4.83	15.05	16.58	14.95	15.07	    46.81	597838976	  3.53	化学制药	浙江	10.82	15.86	168627	208350	  0.81	609	29	--  	
="601988"	中国银行	4.53	3.69	0.16	3.68	3.69	26429000	1026	0.00	          1.35	3.53	3.81	3.42	3.53	     6.74	9513892864	  1.78	银行	北京	11.05	3.60	11187337	15241663	  0.73	18387	27224	--  	
="601877"	正泰电器	4.42	33.28	1.41	33.01	33.14	70222	5	-0.06	          0.70	31.87	34.90	30.85	31.87	    19.09	227726032	  1.25	电气设备	浙江	12.71	32.43	32328	37894	  0.85	51	11	--  	
="000001"	平安银行	4.08	14.53	0.57	14.52	14.53	4413697	33429	-0.13	          4.49	14.05	15.23	13.52	13.96	     7.93	6338168320	  1.09	银行	深圳	12.25	14.36	2130752	2282945	  0.93	1749	1252	--  	
="600875"	东方电气	3.12	18.20	0.55	18.19	18.20	904280	42	-0.38	          5.43	18.06	18.97	17.00	17.65	    25.11	1654054144	  2.36	电气设备	四川	11.16	18.29	429374	474905	  0.90	699	78	--  	
="600153"	建发股份	3.00	8.94	0.26	8.94	8.95	1484880	401	0.22	          5.24	8.68	9.13	8.49	8.68	    12.08	1313913088	  1.58	商贸代理	福建	7.37	8.85	672566	812314	  0.83	220	2653	--  	
="600196"	复星医药	2.80	22.03	0.60	22.03	22.04	690856	128	0.00	          3.63	21.71	22.97	21.30	21.43	    24.26	1532494336	  1.62	化学制药	上海	7.79	22.18	327819	363036	  0.90	9	711	--  	
="600018"	上港集团	2.47	6.23	0.15	6.23	6.24	2580162	189	0.00	          1.13	6.12	6.40	5.98	6.08	    22.72	1602481664	  1.76	港口	上海	6.91	6.21	1215972	1364189	  0.89	6136	5935	--  	
="601166"	兴业银行	2.33	13.60	0.31	13.59	13.60	9220804	1856	0.00	          5.70	13.43	14.05	12.87	13.29	     5.07	12404157440	  1.27	银行	福建	8.88	13.45	4538926	4681877	  0.97	1214	4850	--  	
="600036"	招商银行	2.27	13.95	0.31	13.97	13.98	6397786	448	0.86	          3.10	13.90	14.50	13.30	13.64	     5.76	8897229824	  1.48	银行	深圳	8.80	13.91	3078702	3319083	  0.93	702	1002	--  	
="300297"	蓝盾股份	2.12	22.69	0.47	22.69	22.70	93861	1056	-0.04	          8.48	22.28	23.27	21.00	22.22	   290.45	207781424	  1.83	软件服务	广东	10.22	22.14	48576	45284	  1.07	168	438	--  	
="000503"	海虹控股	2.02	29.25	0.58	29.25	29.26	291431	1458	0.10	          3.25	28.67	29.90	27.45	28.67	  8136.13	844110080	  1.22	互联网	海南	8.55	28.96	124019	167412	  0.74	984	1048	--  	
="600000"	浦发银行	1.96	13.53	0.26	13.52	13.53	8596476	607	0.07	          5.76	13.42	14.00	12.90	13.27	     5.44	11553890304	  1.24	银行	上海	8.29	13.44	4292073	4304403	  1.00	1179	36110	--  	
="002567"	唐人神	1.80	10.20	0.18	10.20	10.21	105727	2692	0.19	          2.52	10.03	10.20	9.84	10.02	    55.96	106363776	  1.31	饲料	湖南	3.59	10.06	60786	44941	  1.35	703	189	--  	
="601998"	中信银行	1.77	6.89	0.12	6.90	6.91	3974489	460	-0.28	          1.25	6.79	7.27	6.51	6.77	     7.49	2741329664	  1.06	银行	北京	11.23	6.90	1950639	2023850	  0.96	732	3373	--  	
="600015"	华夏银行	1.73	11.78	0.20	11.78	11.79	3515679	212	0.00	          5.42	11.70	12.30	11.18	11.58	     5.97	4125640960	  0.98	银行	北京	9.67	11.73	1748766	1766912	  0.99	2	225	--  	
="000993"	闽东电力	1.49	10.24	0.15	10.23	10.24	88983	1241	0.19	          2.39	10.16	10.25	9.60	10.09	    32.49	88849280	  1.43	水力发电	福建	6.44	9.98	41915	47068	  0.89	64	430	--  	
="600016"	民生银行	1.11	9.09	0.10	9.09	9.10	16468273	787	0.22	          6.08	9.05	9.50	8.60	8.99	     6.31	15000566784	  1.19	银行	北京	10.01	9.11	7610889	8857384	  0.86	289	24577	--  	
="600673"	东阳光科	0.90	16.75	0.15	16.74	16.78	227005	16	-0.47	          2.76	16.60	17.05	16.26	16.60	   106.46	378585088	  1.58	铝	广东	4.76	16.68	116247	110757	  1.05	635	41	--  	
="300196"	长海股份	0.42	21.47	0.09	21.46	21.47	39216	1371	0.70	          3.59	21.77	21.77	20.20	21.38	    28.97	81928840	  2.09	玻璃	江苏	7.34	20.89	21724	17492	  1.24	51	29	--  	
="601928"	凤凰传媒	0.00	10.61	0.00	--  	--  	0	0	0.00	          0.00	--  	--  	--  	10.61	    27.58	0	  0.00	出版业	江苏	0.00	10.61	0	0	--  	0	0	--  	
="600986"	科达股份	0.00	7.05	0.00	--  	--  	0	0	0.00	          0.00	--  	--  	--  	7.05	    36.88	0	  0.00	建筑施工	山东	0.00	7.05	0	0	--  	0	0	--  	
="600981"	汇鸿股份	0.00	4.21	0.00	--  	--  	0	0	0.00	          0.00	--  	--  	--  	4.21	    92.48	0	  0.00	商贸代理	江苏	0.00	4.21	0	0	--  	0	0	--  	
="600876"	洛阳玻璃	0.00	7.24	0.00	--  	--  	0	0	0.00	          0.00	--  	--  	--  	7.24	   374.48	0	  0.00	玻璃	河南	0.00	7.24	0	0	--  	0	0	--  	
="600749"	西藏旅游	0.00	12.18	0.00	--  	--  	0	0	0.00	          0.00	--  	--  	--  	12.18	  1161.76	0	  0.00	旅游景点	西藏	0.00	12.18	0	0	--  	0	0	--  	
="600617"	国新能源	0.00	30.09	0.00	--  	--  	0	0	0.00	          0.00	--  	--  	--  	30.09	    42.79	0	  0.00	供气供热	山西	0.00	30.09	0	0	--  	0	0	--  	
="600575"	皖江物流	0.00	4.11	0.00	--  	--  	0	0	0.00	          0.00	--  	--  	--  	4.11	--  	0	  0.00	港口	安徽	0.00	4.11	0	0	--  	0	0	--  	
="600569"	安阳钢铁	0.00	2.32	0.00	--  	--  	0	0	0.00	          0.00	--  	--  	--  	2.32	    78.40	0	  0.00	普钢	河南	0.00	2.32	0	0	--  	0	0	--  	
="600517"	置信电气	0.00	12.45	0.00	--  	--  	0	0	0.00	          0.00	--  	--  	--  	12.45	    84.39	0	  0.00	电气设备	上海	0.00	12.45	0	0	--  	0	0	--  	
="600365"	通葡股份	0.00	11.38	0.00	--  	--  	0	0	0.00	          0.00	--  	--  	--  	11.38	  5686.21	0	  0.00	红黄药酒	吉林	0.00	11.38	0	0	--  	0	0	--  	
="600318"	巢东股份	0.00	11.20	0.00	--  	--  	0	0	0.00	          0.00	--  	--  	--  	11.20	    17.93	0	  0.00	水泥	安徽	0.00	11.20	0	0	--  	0	0	--  	
="600241"	时代万恒	0.00	8.28	0.00	--  	--  	0	0	0.00	          0.00	--  	--  	--  	8.28	--  	0	  0.00	商贸代理	辽宁	0.00	8.28	0	0	--  	0	0	--  	
="600105"	永鼎股份	0.00	9.86	0.00	--  	--  	0	0	0.00	          0.00	--  	--  	--  	9.86	    22.23	0	  0.00	通信设备	江苏	0.00	9.86	0	0	--  	0	0	--  	
="600103"	青山纸业	0.00	3.66	0.00	--  	--  	0	0	0.00	          0.00	--  	--  	--  	3.66	   601.14	0	  0.00	造纸	福建	0.00	3.66	0	0	--  	0	0	--  	
="600091"	ST明科	0.00	7.02	0.00	--  	--  	0	0	0.00	          0.00	--  	--  	--  	7.02	--  	0	  0.00	化工原料	内蒙	0.00	7.02	0	0	--  	0	0	--  	
="600090"	啤酒花	0.00	8.13	0.00	--  	--  	0	0	0.00	          0.00	--  	--  	--  	8.13	    36.46	0	  0.00	啤酒	新疆	0.00	8.13	0	0	--  	0	0	--  	
="300332"	天壕节能	--  	14.06	--  	--  	--  	0	0	--  	          0.00	--  	--  	--  	14.06	    40.57	0	  0.00	环境保护	北京	0.00	14.06	0	0	--  	0	0	--  	
="300313"	天山生物	--  	23.69	--  	--  	--  	0	0	--  	          0.00	--  	--  	--  	23.69	   258.62	0	  0.00	农业综合	新疆	0.00	23.69	0	0	--  	0	0	--  	
="300144"	宋城演艺	--  	26.88	--  	--  	--  	0	0	--  	          0.00	--  	--  	--  	26.88	    35.55	0	  0.00	旅游景点	浙江	0.00	26.88	0	0	--  	0	0	--  	
="300013"	新宁物流	--  	9.26	--  	--  	--  	0	0	--  	          0.00	--  	--  	--  	9.26	   131.57	0	  0.00	仓储物流	江苏	0.00	9.26	0	0	--  	0	0	--  	
="002700"	新疆浩源	--  	25.29	--  	--  	--  	0	0	--  	          0.00	--  	--  	--  	25.29	    56.88	0	  0.00	供气供热	新疆	0.00	25.29	0	0	--  	0	0	--  	
="002608"	舜天船舶	--  	12.79	--  	--  	--  	0	0	--  	          0.00	--  	--  	--  	12.79	    86.27	0	  0.00	船舶	江苏	0.00	12.79	0	0	--  	0	0	--  	
="002558"	世纪游轮	--  	31.65	--  	--  	--  	0	0	--  	          0.00	--  	--  	--  	31.65	   271.60	0	  0.00	旅游服务	重庆	0.00	31.65	0	0	--  	0	0	--  	
="002529"	海源机械	--  	15.03	--  	--  	--  	0	0	--  	          0.00	--  	--  	--  	15.03	--  	0	  0.00	专用机械	福建	0.00	15.03	0	0	--  	0	0	--  	
="002509"	天广消防	--  	12.27	--  	--  	--  	0	0	--  	          0.00	--  	--  	--  	12.27	    51.77	0	  0.00	专用机械	福建	0.00	12.27	0	0	--  	0	0	--  	
="002426"	胜利精密	--  	11.26	--  	--  	--  	0	0	--  	          0.00	--  	--  	--  	11.26	    68.41	0	  0.00	元器件	江苏	0.00	11.26	0	0	--  	0	0	--  	
="002324"	普利特	--  	19.90	--  	--  	--  	0	0	--  	          0.00	--  	--  	--  	19.90	    26.33	0	  0.00	塑料	上海	0.00	19.90	0	0	--  	0	0	--  	
="002323"	中联电气	--  	21.95	--  	--  	--  	0	0	--  	          0.00	--  	--  	--  	21.95	   130.92	0	  0.00	电气设备	江苏	0.00	21.95	0	0	--  	0	0	--  	
="002168"	深圳惠程	--  	10.13	--  	--  	--  	0	0	--  	          0.00	--  	--  	--  	10.13	--  	0	  0.00	电气设备	深圳	0.00	10.13	0	0	--  	0	0	--  	
="002103"	广博股份	--  	10.18	--  	--  	--  	0	0	--  	          0.00	--  	--  	--  	10.18	   172.72	0	  0.00	文教休闲	浙江	0.00	10.18	0	0	--  	0	0	--  	
="002044"	江苏三友	--  	10.04	--  	--  	--  	0	0	--  	          0.00	--  	--  	--  	10.04	    43.13	0	  0.00	服饰	江苏	0.00	10.04	0	0	--  	0	0	--  	
="002009"	天奇股份	--  	16.30	--  	--  	--  	0	0	--  	          0.00	--  	--  	--  	16.30	    47.89	0	  0.00	工程机械	江苏	0.00	16.30	0	0	--  	0	0	--  	
="002006"	*ST精功	--  	8.75	--  	--  	--  	0	0	--  	          0.00	--  	--  	--  	8.75	--  	0	  0.00	工程机械	浙江	0.00	8.75	0	0	--  	0	0	--  	
="000920"	南方汇通	--  	13.23	--  	--  	--  	0	0	--  	          0.00	--  	--  	--  	13.23	    31.50	0	  0.00	运输设备	贵州	0.00	13.23	0	0	--  	0	0	--  	
="000796"	易食股份	--  	7.23	--  	--  	--  	0	0	--  	          0.00	--  	--  	--  	7.23	    95.94	0	  0.00	食品	陕西	0.00	7.23	0	0	--  	0	0	--  	
="000795"	太原刚玉	--  	10.92	--  	--  	--  	0	0	--  	          0.00	--  	--  	--  	10.92	--  	0	  0.00	矿物制品	山西	0.00	10.92	0	0	--  	0	0	--  	
="000710"	天兴仪表	--  	13.60	--  	--  	--  	0	0	--  	          0.00	--  	--  	--  	13.60	--  	0	  0.00	汽车配件	四川	0.00	13.60	0	0	--  	0	0	--  	
="000627"	天茂集团	--  	4.10	--  	--  	--  	0	0	--  	          0.00	--  	--  	--  	4.10	    28.37	0	  0.00	化工原料	湖北	0.00	4.10	0	0	--  	0	0	--  	
="000539"	粤电力Ａ	0.00	6.33	0.00	6.32	6.33	458982	3300	-0.31	          2.16	6.38	6.62	6.08	6.33	     8.23	292901504	  1.53	火力发电	广东	8.53	6.38	231818	227164	  1.02	568	109	--  	
="000533"	万 家 乐	--  	5.97	--  	--  	--  	0	0	--  	          0.00	--  	--  	--  	5.97	    35.25	0	  0.00	家用电器	广东	0.00	5.97	0	0	--  	0	0	--  	
="000514"	渝 开 发	--  	7.08	--  	--  	--  	0	0	--  	          0.00	--  	--  	--  	7.08	    36.98	0	  0.00	区域地产	重庆	0.00	7.08	0	0	--  	0	0	--  	
="000498"	山东路桥	--  	4.64	--  	--  	--  	0	0	--  	          0.00	--  	--  	--  	4.64	    27.67	0	  0.00	建筑施工	山东	0.00	4.64	0	0	--  	0	0	--  	
="300094"	国联水产	-0.19	10.43	-0.02	10.41	10.43	86655	1050	0.87	          2.47	10.50	10.90	9.85	10.45	    92.80	89246640	  0.87	渔业	广东	10.05	10.30	34119	52535	  0.65	79	36	--  	
="600050"	中国联通	-0.22	4.46	-0.01	4.46	4.47	7571019	295	-1.10	          3.57	4.49	4.65	4.25	4.47	    20.26	3396448512	  1.29	电信运营	上海	8.95	4.49	3550728	4020291	  0.88	4610	999	--  	
="600750"	江中药业	-0.38	21.08	-0.08	21.08	21.09	82080	36	-0.09	          2.74	21.21	21.37	20.28	21.16	    30.56	171128176	  1.08	中成药	江西	5.15	20.85	46166	35914	  1.29	5	16	--  	
="601318"	中国平安	-1.43	59.13	-0.86	59.18	59.20	3112114	677	-0.20	          6.50	60.82	63.00	57.02	59.99	    11.08	18700314624	  1.40	保险	深圳	9.97	60.09	1519947	1592167	  0.95	1299	9	--  	
="600643"	爱建股份	-1.46	15.50	-0.23	15.48	15.50	1170263	281	-0.70	         14.31	15.73	16.35	14.86	15.73	    35.05	1835131008	  1.38	多元金融	上海	9.47	15.68	570209	600054	  0.95	37	82	--  	
="600795"	国电电力	-1.55	3.18	-0.05	3.18	3.19	6113408	3531	0.00	          3.97	3.25	3.38	3.07	3.23	     8.03	1968371584	  1.32	火力发电	辽宁	9.60	3.22	2757465	3355942	  0.82	241	22775	--  	
="000752"	西藏发展	-1.67	14.71	-0.25	14.70	14.71	144338	1562	0.27	          5.47	14.97	15.00	14.29	14.96	   214.48	209681184	  1.30	啤酒	西藏	4.75	14.53	72451	71887	  1.01	11	172	--  	
="002563"	森马服饰	-1.76	39.00	-0.70	38.75	39.00	22569	488	0.64	          3.22	39.68	39.68	38.28	39.70	    29.19	87607160	  1.65	服饰	浙江	3.53	38.82	15957	6612	  2.41	4	67	--  	
="600004"	白云机场	-1.77	10.00	-0.18	10.00	10.02	209537	13	0.10	          1.82	10.21	10.27	9.71	10.18	    11.58	208670320	  1.06	机场	广东	5.50	9.96	115841	93696	  1.24	85	36	--  	
="600377"	宁沪高速	-1.78	6.63	-0.12	6.61	6.62	238187	70	0.15	          0.63	6.76	6.81	6.45	6.75	    12.11	159023360	  1.03	路桥	江苏	5.33	6.68	135041	103146	  1.31	119	1807	--  	
="601006"	大秦铁路	-1.86	9.48	-0.18	9.50	9.54	2067881	128	-0.94	          1.39	9.75	10.10	9.36	9.66	     9.47	2002060032	  1.84	铁路	山西	7.66	9.68	961596	1106285	  0.87	822	807	--  	
="002063"	远光软件	-1.95	22.60	-0.45	22.59	22.60	157232	558	0.17	          4.02	23.05	23.63	22.15	23.05	    54.98	359084960	  1.07	软件服务	广东	6.42	22.84	85855	71376	  1.20	118	607	--  	
="000425"	徐工机械	-2.02	10.68	-0.22	10.67	10.68	731153	4242	-0.18	          3.56	11.04	11.38	10.21	10.90	    19.72	788544704	  1.47	工程机械	江苏	10.73	10.78	356387	374765	  0.95	107	3146	--  	
="002294"	信立泰	-2.02	36.40	-0.75	36.37	36.40	70829	461	0.41	          2.47	37.25	37.45	35.31	37.15	    23.75	257320576	  1.18	化学制药	深圳	5.76	36.33	37452	33377	  1.12	16	24	--  	
="000988"	华工科技	-2.05	13.35	-0.28	13.35	13.36	348438	1516	-0.22	          3.91	13.49	13.68	12.68	13.63	    60.44	458997984	  1.14	电器仪表	湖北	7.34	13.17	167581	180856	  0.93	539	2766	--  	
="600642"	申能股份	-2.11	5.58	-0.12	5.59	5.60	1147401	20	-0.17	          2.52	5.75	5.85	5.45	5.70	    13.39	649478592	  1.49	火力发电	上海	7.02	5.66	546859	600541	  0.91	20	4695	--  	
="000900"	现代投资	-2.12	6.94	-0.15	6.94	6.95	455790	1524	-0.28	          4.51	7.10	7.26	6.78	7.09	    18.06	319614912	  1.56	路桥	湖南	6.77	7.01	224328	231462	  0.97	740	3413	--  	
="000601"	韶能股份	-2.16	6.33	-0.14	6.33	6.34	315296	999	-0.31	          3.17	6.49	6.63	6.08	6.47	    19.31	202178176	  0.94	火力发电	广东	8.50	6.41	172229	143067	  1.20	203	810	--  	
="000528"	柳    工	-2.27	8.63	-0.20	8.63	8.64	618266	5311	-0.57	          5.50	8.85	9.27	8.33	8.83	    40.59	545969792	  1.35	工程机械	广西	10.65	8.83	318462	299803	  1.06	178	79	--  	
="600809"	山西汾酒	-2.33	21.77	-0.52	21.78	21.79	251086	194	0.13	          2.90	22.29	22.60	20.21	22.29	    35.47	549481856	  0.94	白酒	山西	10.72	21.88	126069	125017	  1.01	1	104	--  	
="600532"	宏达矿业	-2.37	10.69	-0.26	10.68	10.69	66913	30	0.09	          4.05	10.94	11.13	9.87	10.95	    27.15	71480752	  0.88	普钢	山东	11.51	10.68	37156	29757	  1.25	34	90	--  	
="000039"	中集集团	-2.50	19.49	-0.50	19.48	19.49	561534	4566	0.36	          4.55	20.10	20.36	18.30	19.99	    24.02	1094939648	  1.33	轻工机械	深圳	10.31	19.50	272212	289321	  0.94	265	1199	--  	
="600873"	梅花生物	-2.58	6.42	-0.17	6.41	6.42	539173	30	0.00	          1.73	6.57	6.69	6.35	6.59	    55.17	348791712	  1.34	食品	西藏	5.16	6.47	272258	266914	  1.02	1241	2513	--  	
="300345"	红宇新材	-2.62	23.00	-0.62	23.00	23.10	33460	629	1.09	          5.41	23.48	23.51	21.90	23.62	   938.72	75377712	  1.12	钢加工	湖南	6.82	22.53	21580	11880	  1.82	239	49	--  	
="600823"	世茂股份	-2.68	12.70	-0.35	12.69	12.70	337464	98	-0.39	          2.88	13.05	13.53	12.45	13.05	    14.47	435983328	  1.10	全国地产	上海	8.28	12.92	178423	159040	  1.12	209	202	--  	
="002333"	罗普斯金	-2.72	13.97	-0.39	13.97	13.98	113355	1183	1.97	          4.67	15.50	15.51	13.35	14.36	    57.42	162195280	  3.97	铝	江苏	15.04	14.31	55922	57432	  0.97	4	164	--  	
="601668"	中国建筑	-2.77	4.57	-0.13	4.57	4.58	9561445	527	-0.21	          3.20	4.76	4.78	4.46	4.70	     6.08	4413396480	  1.05	建筑施工	北京	6.81	4.62	4904549	4656895	  1.05	10808	18108	--  	
="000831"	五矿稀土	-2.88	27.00	-0.80	26.98	27.00	447722	2904	-0.03	          6.01	27.90	28.58	25.60	27.80	--  	1215096704	  1.47	小金属	山西	10.72	27.14	197226	250495	  0.79	18	800	--  	
="600362"	江西铜业	-2.90	17.73	-0.53	17.73	17.74	1315874	16	-0.22	          6.34	18.00	18.50	16.77	18.26	    19.81	2336087552	  1.43	铜	江西	9.47	17.75	659081	656792	  1.00	59	66	--  	
="002685"	华东重机	-3.01	14.17	-0.44	14.16	14.17	70285	759	-0.21	          7.06	14.60	14.62	13.89	14.61	   452.62	99662832	  0.79	工程机械	江苏	5.00	14.18	44076	26208	  1.68	99	104	--  	
="000581"	威孚高科	-3.04	27.15	-0.85	27.13	27.15	147332	1633	-0.11	          2.17	27.98	28.28	26.75	28.00	    16.76	403179200	  0.88	汽车配件	江苏	5.46	27.37	76136	71196	  1.07	202	136	--  	
="600098"	广州发展	-3.05	7.00	-0.22	7.00	7.01	402331	5	-0.14	          1.65	7.20	7.33	6.76	7.22	    14.19	284050368	  1.44	火力发电	广东	7.89	7.06	207564	194767	  1.07	8	425	--  	
="600019"	宝钢股份	-3.07	5.69	-0.18	5.68	5.69	2468214	154	-0.17	          1.50	5.89	5.97	5.54	5.87	    14.03	1423599488	  1.04	普钢	上海	7.33	5.77	1304371	1163843	  1.12	3751	382	--  	
="600009"	上海机场	-3.09	17.57	-0.56	17.56	17.58	376623	50	-0.05	          3.44	18.28	18.48	17.31	18.13	    16.08	669231488	  1.23	机场	上海	6.45	17.77	191995	184628	  1.04	219	324	--  	
="600655"	豫园商城	-3.19	11.83	-0.39	11.80	11.83	266115	6	-0.33	          1.85	12.19	12.19	11.55	12.22	    21.85	315124704	  1.15	百货	上海	5.24	11.84	137783	128331	  1.07	51	80	--  	
="000069"	华侨城Ａ	-3.24	6.56	-0.22	6.56	6.57	1942841	5901	0.00	          6.24	6.85	6.92	6.40	6.78	    12.71	1280525440	  0.84	旅游景点	深圳	7.67	6.59	947480	995361	  0.95	6218	5340	--  	
="601333"	广深铁路	-3.26	3.56	-0.12	3.55	3.56	1793821	33	-0.28	          3.17	3.70	3.73	3.50	3.68	    29.11	648413632	  1.08	铁路	深圳	6.25	3.61	920751	873070	  1.05	7821	1415	--  	
="000089"	深圳机场	-3.26	5.63	-0.19	5.62	5.63	205336	1736	-0.17	          1.21	5.82	5.83	5.50	5.82	    37.23	116024368	  0.67	机场	深圳	5.67	5.65	122070	83266	  1.47	290	19	--  	
="600068"	葛洲坝	-3.32	5.82	-0.20	5.81	5.82	1331803	30	0.00	          3.82	6.05	6.09	5.67	6.02	    11.53	783827648	  1.05	建筑施工	湖北	6.98	5.89	624584	707219	  0.88	838	484	--  	
="000966"	长源电力	-3.43	10.43	-0.37	10.43	10.44	216450	3808	0.00	          3.91	10.81	10.96	10.32	10.80	     6.97	229358272	  1.37	火力发电	湖北	5.93	10.60	126857	89593	  1.42	1376	883	--  	
="002016"	世荣兆业	-3.47	9.45	-0.34	9.44	9.45	285662	2579	0.42	          4.42	9.75	9.77	8.95	9.79	   155.60	267073312	  1.46	区域地产	广东	8.38	9.35	151883	133779	  1.14	1101	303	--  	
="600259"	广晟有色	-3.57	53.14	-1.97	53.08	53.10	155221	2	-0.01	          6.22	55.10	55.17	51.30	55.11	  1163.68	825156352	  1.05	小金属	海南	7.02	53.16	82261	72960	  1.13	18	9	--  	
="002160"	*ST常铝	-3.69	6.27	-0.24	6.27	6.28	117933	746	-0.15	          3.63	6.52	6.55	6.18	6.51	   106.46	74860592	  1.02	铝	江苏	5.68	6.35	77986	39947	  1.95	493	242	--  	
="000333"	美的集团	-3.70	24.70	-0.95	24.69	24.70	593453	9030	0.36	          2.65	25.95	26.00	24.10	25.65	     8.72	1480129280	  1.07	家用电器	广东	7.41	24.94	306080	287372	  1.07	40	209	--  	
="000926"	福星股份	-3.76	9.47	-0.37	9.47	9.48	466116	1002	-0.21	          8.82	9.95	10.00	9.34	9.84	     8.73	448562080	  1.13	区域地产	湖北	6.71	9.62	252825	213291	  1.19	2152	2028	--  	
="600585"	海螺水泥	-3.80	18.97	-0.75	18.98	18.99	1217108	666	0.31	          3.04	19.93	20.00	18.45	19.72	     9.23	2332300032	  1.18	水泥	安徽	7.86	19.16	664136	552971	  1.20	37	18	--  	
="600483"	福能股份	-3.82	10.08	-0.40	10.07	10.08	91577	5	-0.09	          3.17	10.48	10.50	9.91	10.48	    17.68	92981744	  1.08	火力发电	福建	5.63	10.15	56588	34989	  1.62	53	170	--  	
="600005"	武钢股份	-3.87	2.98	-0.12	2.98	2.99	2558867	284	0.00	          2.54	3.11	3.15	2.91	3.10	    29.28	775033088	  1.09	普钢	湖北	7.74	3.03	1364441	1194425	  1.14	6084	8970	--  	
="000159"	国际实业	-3.91	10.80	-0.44	10.79	10.80	395291	2719	-0.36	          8.22	11.40	11.49	10.33	11.24	    60.08	436368672	  1.43	石油贸易	新疆	10.32	11.04	213383	181907	  1.17	132	353	--  	
="600170"	上海建工	-3.93	6.36	-0.26	6.36	6.37	828999	427	0.15	          7.54	6.62	6.65	6.24	6.62	    16.30	534540480	  0.87	建筑施工	上海	6.19	6.45	425089	403909	  1.05	5	3087	--  	
="600801"	华新水泥	-4.02	8.83	-0.37	8.82	8.83	425622	2	0.34	          4.38	9.27	9.36	8.62	9.20	    12.16	382014368	  1.10	水泥	湖北	8.04	8.98	234960	190662	  1.23	645	66	--  	
="000525"	红 太 阳	-4.29	16.51	-0.74	16.50	16.51	143364	660	0.00	          2.83	17.25	17.25	16.18	17.25	    15.78	239021680	  0.94	农药化肥	江苏	6.20	16.67	89011	54352	  1.64	1334	1379	--  	
="002011"	盾安环境	-4.35	10.33	-0.47	10.33	10.34	644884	3631	-0.09	          7.70	10.90	10.93	9.97	10.80	    57.11	678293888	  1.56	工程机械	浙江	8.89	10.52	321805	323079	  1.00	5809	10	--  	
="601058"	赛轮股份	-4.36	17.77	-0.81	17.75	17.78	72755	10	1.25	          1.92	18.50	18.51	17.35	18.58	    23.43	128858800	  1.70	汽车配件	山东	6.24	17.71	50418	22337	  2.26	30	30	--  	
="600335"	国机汽车	-4.42	20.33	-0.94	20.32	20.33	83045	10	-0.58	          1.48	20.91	21.13	19.30	21.27	    15.30	168757472	  0.98	汽车配件	天津	8.60	20.32	51603	31441	  1.64	60	58	--  	
="600392"	盛和资源	-4.47	22.46	-1.05	22.46	22.47	167276	3	0.04	         10.68	23.82	24.00	21.95	23.51	   219.75	380937536	  1.01	小金属	山西	8.72	22.77	87666	79609	  1.10	4	32	--  	
="600639"	浦东金桥	-4.48	16.21	-0.76	16.20	16.21	246333	23	-0.12	          3.75	17.24	17.24	15.60	16.97	    35.39	403850624	  0.92	园区开发	上海	9.66	16.39	136830	109503	  1.25	18	163	--  	
="601233"	桐昆股份	-4.65	7.99	-0.39	7.98	7.99	218717	20	0.12	          2.28	8.37	8.38	7.81	8.38	   338.52	176736240	  0.89	化纤	浙江	6.80	8.08	120983	97734	  1.24	321	37	--  	
="002271"	东方雨虹	-4.73	31.82	-1.58	31.81	31.82	42719	398	0.00	          1.96	33.40	33.40	30.85	33.40	    23.17	136556848	  0.55	其他建材	北京	7.63	31.97	26122	16597	  1.57	316	271	--  	
="002162"	斯米克	-4.76	9.00	-0.45	8.99	9.00	124201	839	0.00	          2.97	9.42	9.42	8.85	9.45	   388.06	112716728	  1.14	陶瓷	上海	6.03	9.08	74934	49267	  1.52	327	382	--  	
="600284"	浦东建设	-4.82	10.86	-0.55	10.84	10.85	453435	81	-0.18	          6.86	11.48	11.48	10.64	11.41	    23.77	498232992	  1.51	建筑施工	上海	7.36	10.99	260346	193089	  1.35	1534	428	--  	
="600549"	厦门钨业	-4.86	33.46	-1.71	33.47	33.49	215972	26	0.17	          3.17	34.92	35.29	32.36	35.17	    80.69	733981248	  1.10	小金属	福建	8.33	33.99	111698	104274	  1.07	3	174	--  	
="600058"	五矿发展	-4.87	15.05	-0.77	15.04	15.05	404875	66	-0.19	          3.78	15.70	15.71	14.50	15.82	    68.48	615614400	  1.18	商贸代理	北京	7.65	15.21	202533	202342	  1.00	271	25	--  	
="600720"	祁连山	-4.89	8.75	-0.45	8.75	8.76	579776	5	-0.11	          7.47	9.25	9.30	8.68	9.20	     8.02	515878304	  1.30	水泥	甘肃	6.74	8.90	334124	245651	  1.36	62	797	--  	
="601168"	西部矿业	-4.92	8.50	-0.44	8.51	8.52	1595188	168	-0.11	          6.69	8.87	8.88	8.10	8.94	    59.50	1364653184	  1.31	铜	青海	8.72	8.55	842506	752681	  1.12	39	851	--  	
="600033"	福建高速	-4.99	3.24	-0.17	3.24	3.25	973329	15	0.30	          3.55	3.40	3.40	3.13	3.41	    13.36	319031104	  1.15	路桥	福建	7.92	3.28	538214	435115	  1.24	319	6983	--  	
="600748"	上实发展	-5.02	10.78	-0.57	10.77	10.78	328433	1	-0.18	          3.03	11.37	11.37	10.41	11.35	    11.98	356783936	  0.95	全国地产	上海	8.46	10.86	187654	140778	  1.33	267	196	--  	
="002007"	华兰生物	-5.15	35.95	-1.95	35.95	35.96	191307	704	0.05	          3.32	37.80	37.80	35.01	37.90	    37.08	693738816	  1.79	生物制药	河南	7.36	36.26	103250	88056	  1.17	193	86	--  	
="002237"	恒邦股份	-5.19	16.81	-0.92	16.81	16.82	174077	1462	-0.23	          4.35	17.76	17.81	16.42	17.73	    24.44	296393024	  0.82	黄金	山东	7.84	17.03	100361	73715	  1.36	947	176	--  	
="002152"	广电运通	-5.31	19.60	-1.10	19.59	19.60	134880	1166	0.00	          1.56	20.70	20.70	19.10	20.70	    29.87	266351248	  0.93	电脑设备	广东	7.73	19.75	80914	53966	  1.50	18	66	--  	
="600007"	中国国贸	-5.33	13.68	-0.77	13.67	13.68	99382	5	-0.14	          0.99	14.54	14.55	13.29	14.45	    24.08	137218384	  1.15	园区开发	北京	8.72	13.81	56751	42630	  1.33	36	24	--  	
="300068"	南都电源	-5.35	10.79	-0.61	10.78	10.79	272717	1748	-0.18	          6.72	11.36	11.36	10.52	11.40	    43.78	297448352	  1.22	电气设备	浙江	7.37	10.91	155343	117374	  1.32	316	254	--  	
="600162"	香江控股	-5.43	6.45	-0.37	6.44	6.45	288203	19	0.00	          3.75	6.82	6.98	6.39	6.82	    15.11	191040592	  1.03	全国地产	深圳	8.65	6.63	170347	117855	  1.45	1003	122	--  	
="600676"	交运股份	-5.48	8.28	-0.48	8.28	8.29	212246	5	-0.24	          2.71	8.76	8.77	8.18	8.76	    22.45	178839472	  1.35	汽车配件	上海	6.74	8.43	125828	86418	  1.46	257	237	--  	
="002146"	荣盛发展	-5.62	13.10	-0.78	13.09	13.10	593586	5338	-0.30	          3.56	13.90	13.90	12.60	13.88	     9.05	786390272	  0.80	全国地产	河北	9.37	13.25	311689	281897	  1.11	246	1886	--  	
="600497"	驰宏锌锗	-5.64	12.21	-0.73	12.21	12.22	745417	2	-0.32	          4.47	12.95	12.96	11.70	12.94	    99.87	921268160	  1.25	铅锌	云南	9.74	12.36	388115	357302	  1.09	69	602	--  	
="300072"	三聚环保	-5.64	25.24	-1.51	25.23	25.24	149000	2376	0.15	          3.25	26.50	26.57	24.90	26.75	    34.34	380021312	  0.84	化工原料	北京	6.24	25.50	77985	71015	  1.10	21	676	--  	
="600449"	宁夏建材	-5.79	10.41	-0.64	10.41	10.42	199780	150	-0.19	          7.97	11.05	11.15	10.21	11.05	    13.42	211717264	  1.27	水泥	宁夏	8.51	10.60	127233	72546	  1.75	200	136	--  	
="600223"	鲁商置业	-5.83	5.33	-0.33	5.33	5.34	221393	4	0.00	          2.21	5.67	5.68	5.10	5.66	    32.31	119074680	  1.12	区域地产	山东	10.25	5.38	138825	82568	  1.68	904	2516	--  	
="600067"	冠城大通	-5.87	7.38	-0.46	7.38	7.39	461790	79	-0.40	          3.88	7.79	7.89	7.31	7.84	    19.33	350239904	  0.78	全国地产	福建	7.40	7.58	245093	216696	  1.13	565	182	--  	
="601777"	力帆股份	-5.98	9.90	-0.63	9.90	9.91	329752	10	-0.50	          3.39	10.40	10.45	9.55	10.53	    23.34	330104608	  1.21	摩托车	重庆	8.55	10.01	179842	149909	  1.20	175	699	--  	
="600783"	鲁信创投	-5.99	23.87	-1.52	23.88	23.89	485611	37	0.12	          6.52	24.88	25.40	22.99	25.39	    41.77	1174238208	  1.17	矿物制品	山东	9.49	24.18	248712	236899	  1.05	5	74	--  	
="000877"	天山股份	-6.15	7.94	-0.52	7.94	7.95	616689	5296	-0.37	          7.01	8.52	8.58	7.80	8.46	    17.06	500808352	  1.57	水泥	新疆	9.22	8.12	343551	273138	  1.26	2468	3520	--  	
="002220"	天宝股份	-6.18	8.81	-0.58	8.81	8.82	155951	900	0.11	          4.00	9.39	9.40	8.70	9.39	    23.78	139033376	  1.41	食品	辽宁	7.45	8.92	101973	53977	  1.89	232	600	--  	
="000401"	冀东水泥	-6.31	10.55	-0.71	10.54	10.55	500122	1075	0.00	          4.13	11.12	11.49	10.13	11.26	   514.07	525678208	  1.39	水泥	河北	12.08	10.51	251595	248527	  1.01	3	2777	--  	
="000021"	长城开发	-6.55	7.56	-0.53	7.56	7.57	502427	4497	0.26	          3.42	8.08	8.19	7.40	8.09	    60.82	389191456	  1.34	电脑设备	深圳	9.77	7.75	288885	213541	  1.35	485	757	--  	
="002075"	沙钢股份	-7.00	5.18	-0.39	5.18	5.19	420771	1189	-0.19	          2.67	5.53	5.57	5.10	5.57	   117.02	222605056	  1.16	特钢	江苏	8.44	5.29	267550	153220	  1.75	2238	1106	--  	
="000032"	深桑达Ａ	-7.12	11.61	-0.89	11.61	11.62	99619	1131	-0.34	          4.28	12.41	12.45	11.50	12.50	--  	118506432	  1.15	元器件	深圳	7.60	11.90	59122	40497	  1.46	113	204	--  	
数据来源:通达信
