代码	名称	涨幅%%	现价	涨跌	买价	卖价	总量	现量	涨速%%	换手%%	今开	最高	最低	昨收	市盈(动)	总金额	量比	细分行业	地区	振幅%%	均价	内盘	外盘	内外比	买量	卖量	未匹配量	流通股本(万)	
="600705"	中航资本	10.01	25.06	2.28	25.06	--  	11827	6	0.00	          0.16	25.06	25.06	25.06	22.78	    23.70	29637234	  0.08	多元金融	黑龙江	0.00	25.06	11439	387	 29.56	440158	0	--  	      74464.21	
="600486"	扬农化工	9.99	31.26	2.84	31.26	--  	154250	2	0.00	          5.97	28.60	31.26	28.60	28.42	    19.09	469523456	  2.53	农药化肥	江苏	9.36	30.44	57299	96951	  0.59	13220	0	--  	      25824.91	
="600271"	航天信息	9.08	30.64	2.55	30.63	30.64	367901	25	0.45	          3.98	28.20	30.90	28.20	28.09	    23.50	1107428864	  2.23	电脑设备	北京	9.61	30.10	156173	211728	  0.74	53	137	--  	      92340.00	
="300262"	巴安水务	8.67	20.30	1.62	20.30	20.31	209901	2955	-0.44	         13.35	18.98	20.50	18.60	18.68	    64.74	414036256	  1.86	环境保护	上海	10.17	19.73	78217	131684	  0.59	1414	122	--  	      15727.58	
="600143"	金发科技	7.25	6.66	0.45	6.66	6.67	1343484	8	0.30	          5.25	6.28	6.83	6.28	6.21	    28.00	895205056	  1.97	塑料	广东	8.86	6.66	692770	650714	  1.06	1120	4100	--  	     256000.00	
="600583"	海油工程	7.23	10.68	0.72	10.69	10.70	2805421	480	0.00	          6.93	10.04	10.89	9.82	9.96	    13.66	2926308352	  0.97	石油开采	天津	10.74	10.43	1313607	1491813	  0.88	5500	1913	--  	     404901.41	
="600280"	中央商场	6.50	13.11	0.80	13.11	13.12	92368	130	0.00	          1.61	12.39	13.25	12.39	12.31	    11.42	119668344	  0.89	百货	江苏	6.99	12.96	36372	55996	  0.65	32	137	--  	      57416.73	
="600352"	浙江龙盛	5.46	19.89	1.03	19.88	19.89	1214263	147	-0.05	          7.95	19.26	20.10	18.85	18.86	    11.29	2388863232	  1.68	染料涂料	浙江	6.63	19.67	571645	642617	  0.89	253	1911	--  	     152786.59	
="300299"	富春通信	5.28	13.15	0.66	13.15	13.17	30271	498	0.99	          4.11	12.70	13.15	12.45	12.49	   137.68	38747216	  0.66	通信设备	福建	5.60	12.80	15331	14939	  1.03	68	80	--  	       7358.18	
="000830"	鲁西化工	5.19	5.67	0.28	5.67	5.68	936241	20931	0.35	          6.40	5.38	5.71	5.36	5.39	    20.62	519993088	  1.42	农药化肥	山东	6.49	5.55	424877	511364	  0.83	4486	6087	--  	     146398.02	
="603128"	华贸物流	5.15	14.50	0.71	14.48	14.49	75769	90	0.00	          4.74	13.90	14.54	13.90	13.79	    54.41	107890864	  0.56	仓储物流	上海	4.64	14.24	37195	38573	  0.96	55	95	--  	      16000.00	
="600873"	梅花生物	5.14	6.75	0.33	6.74	6.75	666162	30	-0.14	          2.14	6.39	6.90	6.31	6.42	    58.01	445266496	  1.58	食品	西藏	9.19	6.68	307583	358578	  0.86	457	45	--  	     310822.66	
="600277"	亿利能源	4.61	9.98	0.44	9.97	9.98	769653	176	0.91	          3.68	9.60	9.99	9.50	9.54	    41.21	754293696	  1.25	化工原料	内蒙	5.14	9.80	397014	372639	  1.07	54	6415	--  	     208958.95	
="000422"	湖北宜化	4.04	7.21	0.28	7.21	7.22	269038	4415	0.13	          3.08	6.94	7.22	6.94	6.93	   267.10	190473296	  0.64	农药化肥	湖北	4.04	7.08	137356	131681	  1.04	955	1574	--  	      87374.47	
="000636"	风华高科	3.44	8.71	0.29	8.71	8.72	99850	280	-0.11	          1.49	8.66	9.00	8.61	8.42	    83.76	87318424	  0.99	元器件	广东	4.63	8.74	59961	39889	  1.50	300	55	--  	      67093.63	
="000799"	酒 鬼 酒	3.28	15.41	0.49	15.41	15.42	339083	2008	0.39	         15.12	14.93	15.77	14.81	14.92	--  	522678272	  2.54	白酒	湖南	6.43	15.41	154817	184266	  0.84	287	188	--  	      22420.16	
="300070"	碧水源	3.27	35.09	1.11	35.08	35.09	129672	550	0.11	          2.00	34.51	35.50	33.98	33.98	   168.65	452616800	  0.91	环境保护	北京	4.47	34.90	66496	63175	  1.05	715	357	--  	      64693.33	
="002646"	青青稞酒	2.92	21.16	0.60	21.16	21.17	134329	672	0.04	          2.99	20.54	21.80	20.49	20.56	    26.41	285573024	  1.89	白酒	青海	6.37	21.26	64861	69467	  0.93	131	79	--  	      45000.00	
="600252"	中恒集团	2.90	16.30	0.46	16.30	16.31	274550	10	0.12	          2.51	16.00	16.39	15.81	15.84	    19.23	441774400	  0.86	中成药	广西	3.66	16.09	156690	117860	  1.33	1110	110	--  	     109174.75	
="000598"	兴蓉投资	2.89	7.82	0.22	7.82	7.83	2238659	13741	0.12	         12.94	7.78	8.14	7.70	7.60	    26.03	1774312192	  1.09	环境保护	四川	5.79	7.93	1100078	1138581	  0.97	12667	4481	--  	     173051.20	
="603001"	奥康国际	2.78	17.72	0.48	17.60	17.85	29639	706	1.14	          2.53	17.41	17.85	17.32	17.24	    28.72	51943528	  0.63	服饰	浙江	3.07	17.53	14378	15261	  0.94	48	24	--  	      11694.90	
="000726"	鲁  泰Ａ	2.64	10.90	0.28	10.90	10.91	98761	891	0.00	          1.76	10.65	10.97	10.54	10.62	    11.00	106218784	  0.88	纺织	山东	4.05	10.76	46947	51814	  0.91	152	439	--  	      56110.69	
="600199"	金种子酒	2.53	11.73	0.29	11.73	11.74	661428	125	0.00	         11.90	11.39	12.08	11.27	11.44	    86.92	778534208	  2.27	白酒	安徽	7.08	11.77	306708	354720	  0.86	157	43	--  	      55577.50	
="300172"	中电环保	2.46	23.37	0.56	23.37	23.38	49753	614	-0.12	          4.87	22.91	23.47	22.75	22.81	    65.09	115388296	  0.64	环境保护	江苏	3.16	23.19	23394	26359	  0.89	7	171	--  	      10224.55	
="002431"	棕榈园林	2.31	20.78	0.47	20.77	20.78	79157	697	0.19	          3.13	20.23	20.96	20.21	20.31	    29.80	162869568	  0.77	建筑施工	广东	3.69	20.58	39387	39770	  0.99	843	1297	--  	      25304.64	
="601098"	中南传媒	2.28	17.07	0.38	17.06	17.07	140449	32	0.35	          0.78	16.63	17.17	16.56	16.69	    24.64	236394544	  0.74	出版业	湖南	3.65	16.83	78672	61777	  1.27	21	75	--  	     179600.00	
="600874"	创业环保	2.25	10.92	0.24	10.93	10.94	451147	61	-0.09	          4.15	10.79	11.33	10.73	10.68	    45.94	498498912	  0.92	环境保护	天津	5.62	11.05	212556	238591	  0.89	348	223	--  	     108722.84	
="002033"	丽江旅游	2.07	15.26	0.31	15.26	15.27	29878	85	-0.06	          1.52	14.97	15.28	14.97	14.95	    19.84	45240000	  0.65	旅游景点	云南	2.07	15.14	16117	13761	  1.17	260	37	--  	      19658.59	
="600107"	美尔雅	2.07	8.40	0.17	8.39	8.40	70091	5	0.11	          1.95	8.28	8.50	8.26	8.23	--  	58669928	  0.37	服饰	湖北	2.92	8.37	40696	29394	  1.38	473	727	--  	      36000.00	
="600779"	水井坊	1.85	10.48	0.19	10.49	10.50	350365	83	0.57	         11.86	10.26	10.65	10.19	10.29	--  	366249472	  2.30	白酒	四川	4.47	10.45	176211	174154	  1.01	157	1315	--  	      29532.34	
="600197"	伊力特	1.75	12.19	0.21	12.19	12.20	218067	27	-0.08	          4.94	11.95	12.46	11.93	11.98	    14.84	267224304	  2.06	白酒	新疆	4.42	12.25	106131	111935	  0.95	197	594	--  	      44100.00	
="002304"	洋河股份	1.69	76.30	1.27	76.27	76.30	78855	308	0.52	          0.90	75.00	80.18	74.03	75.03	    15.47	609583424	  2.00	白酒	江苏	8.20	77.30	38315	40540	  0.95	8	98	--  	      87925.92	
="601928"	凤凰传媒	1.59	11.52	0.18	11.53	11.54	292498	123	0.00	          4.13	11.35	11.58	11.25	11.34	    29.94	334318496	  0.66	出版业	江苏	2.91	11.43	148138	144359	  1.03	376	851	--  	      70878.35	
="600978"	宜华木业	1.50	6.09	0.09	6.09	6.10	318429	10	0.16	          2.15	6.02	6.10	5.98	6.00	    15.07	192163152	  0.58	家居用品	广东	2.00	6.03	184463	133965	  1.38	540	3048	--  	     148287.00	
="000826"	桑德环境	1.40	28.23	0.39	28.23	28.24	156199	1058	-0.14	          1.86	27.85	28.71	27.65	27.84	    34.87	441212928	  0.62	环境保护	湖北	3.81	28.25	87667	68531	  1.28	1612	86	--  	      83933.35	
="000758"	中色股份	1.37	14.07	0.19	14.07	14.08	298045	3272	0.14	          3.31	13.82	14.42	13.70	13.88	   147.57	417659712	  0.53	铅锌	北京	5.19	14.01	153614	144430	  1.06	50	282	--  	      90156.15	
="600059"	古越龙山	1.36	8.96	0.12	8.95	8.96	202392	12	0.00	          2.50	8.84	9.07	8.84	8.84	    75.41	181671888	  0.98	红黄药酒	浙江	2.60	8.98	97902	104490	  0.94	122	867	--  	      80852.40	
="600875"	东方电气	1.35	18.76	0.25	18.77	18.78	284358	21	0.86	          1.71	18.53	18.85	18.19	18.51	    25.88	524993568	  0.46	电气设备	四川	3.57	18.46	162545	121812	  1.33	579	73	--  	     166386.00	
="601933"	永辉超市	1.29	8.65	0.11	8.65	8.66	417547	163	1.28	          1.36	8.55	8.76	8.42	8.54	    32.54	358807840	  0.92	超市连锁	福建	3.98	8.59	237236	180311	  1.32	759	10	--  	     307160.00	
="002064"	华峰氨纶	1.24	10.64	0.13	10.64	10.65	137017	2778	0.00	          2.06	10.52	10.70	10.41	10.51	    22.18	145055376	  0.74	化纤	浙江	2.76	10.59	67006	70010	  0.96	417	1263	--  	      66669.71	
="000012"	南  玻Ａ	1.19	8.47	0.10	8.46	8.47	322130	4140	0.23	          2.47	8.37	8.51	8.30	8.37	    17.88	270543200	  0.59	玻璃	深圳	2.51	8.40	168830	153300	  1.10	2748	1144	--  	     130276.85	
="601101"	昊华能源	1.19	8.51	0.10	8.51	8.52	194095	39	0.11	          1.62	8.49	8.54	8.25	8.41	    51.95	163129888	  0.44	煤炭开采	北京	3.45	8.40	101505	92590	  1.10	57	382	--  	     119999.82	
="002092"	中泰化学	1.18	7.73	0.09	7.73	7.74	240169	2342	0.12	          1.93	7.69	7.79	7.62	7.64	    32.06	184945792	  0.63	化工原料	新疆	2.23	7.70	120004	120164	  1.00	2574	2319	--  	     124236.88	
="600195"	中牧股份	1.11	16.33	0.18	16.32	16.36	66924	92	-0.06	          1.56	16.18	16.45	16.07	16.15	    22.04	108839488	  0.73	饲料	北京	2.35	16.26	33919	33004	  1.03	19	96	--  	      42980.00	
="600326"	西藏天路	1.07	9.44	0.10	9.44	9.45	492614	60	1.07	          9.00	9.25	9.66	9.01	9.34	    75.95	459456576	  1.22	建筑施工	西藏	6.96	9.33	243458	249156	  0.98	260	1094	--  	      54720.00	
="601369"	陕鼓动力	1.07	8.53	0.09	8.53	8.54	152634	1	0.58	          0.93	8.43	8.59	8.32	8.44	    35.61	128858384	  0.50	机械基件	陕西	3.20	8.44	76512	76122	  1.01	30	126	--  	     163877.02	
="300202"	聚龙股份	0.96	30.54	0.29	30.54	30.68	10238	112	-0.19	          0.19	30.55	31.20	30.04	30.25	   121.40	31509630	  0.47	专用机械	辽宁	3.83	30.78	5541	4697	  1.18	33	4	--  	      54950.39	
="600641"	万业企业	0.88	5.73	0.05	5.72	5.73	68297	20	0.17	          0.85	5.73	5.77	5.67	5.68	    13.21	38937744	  0.54	区域地产	上海	1.76	5.70	38675	29622	  1.31	181	1275	--  	      80615.88	
="600718"	东软集团	0.80	16.40	0.13	16.41	16.43	426835	10	0.18	          3.48	16.38	16.84	16.18	16.27	    70.47	703913664	  0.81	软件服务	辽宁	4.06	16.49	216820	210015	  1.03	946	706	--  	     122759.42	
="000789"	万年青	0.79	12.70	0.10	12.70	12.71	105819	1805	0.23	          2.59	12.65	12.91	12.51	12.60	    10.39	134520832	  0.67	水泥	江西	3.17	12.71	61463	44355	  1.39	891	346	--  	      40888.75	
="600805"	悦达投资	0.79	11.48	0.09	11.45	11.46	195416	24	-0.17	          2.30	11.45	11.63	11.40	11.39	     9.76	225131424	  0.64	综合类	江苏	2.02	11.52	102326	93090	  1.10	178	658	--  	      84920.21	
="002415"	海康威视	0.63	22.21	0.14	22.21	22.22	172166	707	-0.13	          0.55	22.21	22.33	21.53	22.07	    24.69	378369504	  0.88	电器仪表	浙江	3.62	21.98	100003	72163	  1.39	178	31	--  	     315046.75	
="600284"	浦东建设	0.63	11.16	0.07	11.16	11.17	173749	114	0.08	          2.63	11.16	11.24	10.94	11.09	    24.43	192625184	  0.47	建筑施工	上海	2.71	11.09	101498	72251	  1.40	75	278	--  	      66104.00	
="600085"	同仁堂	0.38	21.15	0.08	21.17	21.18	88947	74	0.18	          0.68	20.88	21.40	20.76	21.07	    35.89	187508592	  0.66	中成药	北京	3.04	21.08	51977	36969	  1.41	26	24	--  	     131114.31	
="601139"	深圳燃气	0.37	8.23	0.03	8.23	8.24	86969	29	0.24	          0.44	8.15	8.28	8.10	8.20	    20.98	71150816	  0.62	供气供热	深圳	2.20	8.18	49771	37197	  1.34	445	491	--  	     198045.67	
="600740"	山西焦化	0.30	6.77	0.02	6.77	6.78	91165	10	0.00	          1.39	6.71	6.84	6.66	6.75	   188.47	61680320	  0.36	焦炭加工	山西	2.67	6.77	52438	38727	  1.35	533	1067	--  	      65683.27	
="600278"	东方创业	0.25	12.12	0.03	12.12	12.13	68707	22	0.08	          1.32	12.24	12.33	12.02	12.09	    49.71	83329304	  0.47	商贸代理	上海	2.56	12.13	41733	26974	  1.55	258	440	--  	      52224.17	
="600259"	广晟有色	0.20	55.16	0.11	55.17	55.18	68991	42	-0.03	          2.77	55.50	57.28	53.65	55.05	  1207.91	380564896	  0.49	小金属	海南	6.59	55.16	32585	36406	  0.90	131	13	--  	      24940.00	
="600986"	科达股份	0.00	7.05	0.00	--  	--  	0	0	0.00	          0.00	--  	--  	--  	7.05	    36.88	0	  0.00	建筑施工	山东	0.00	7.05	0	0	--  	0	0	--  	      33526.96	
="600981"	汇鸿股份	0.00	4.21	0.00	--  	--  	0	0	0.00	          0.00	--  	--  	--  	4.21	    92.48	0	  0.00	商贸代理	江苏	0.00	4.21	0	0	--  	0	0	--  	      51610.64	
="600876"	洛阳玻璃	0.00	7.24	0.00	--  	--  	0	0	0.00	          0.00	--  	--  	--  	7.24	   374.48	0	  0.00	玻璃	河南	0.00	7.24	0	0	--  	0	0	--  	      25001.82	
="600749"	西藏旅游	0.00	12.18	0.00	--  	--  	0	0	0.00	          0.00	--  	--  	--  	12.18	  1161.76	0	  0.00	旅游景点	西藏	0.00	12.18	0	0	--  	0	0	--  	      18913.78	
="600720"	祁连山	0.00	9.84	0.00	9.84	9.85	269350	107	-0.40	          3.47	9.84	10.01	9.74	9.84	     9.02	265447328	  0.52	水泥	甘肃	2.74	9.86	144119	125230	  1.15	987	95	--  	      77616.27	
="600575"	皖江物流	0.00	4.11	0.00	--  	--  	0	0	0.00	          0.00	--  	--  	--  	4.11	--  	0	  0.00	港口	安徽	0.00	4.11	0	0	--  	0	0	--  	     142320.00	
="600365"	通葡股份	0.00	11.38	0.00	--  	--  	0	0	0.00	          0.00	--  	--  	--  	11.38	  5686.21	0	  0.00	红黄药酒	吉林	0.00	11.38	0	0	--  	0	0	--  	      14000.00	
="600318"	巢东股份	0.00	11.20	0.00	--  	--  	0	0	0.00	          0.00	--  	--  	--  	11.20	    17.93	0	  0.00	水泥	安徽	0.00	11.20	0	0	--  	0	0	--  	      24200.00	
="600241"	时代万恒	0.00	8.28	0.00	--  	--  	0	0	0.00	          0.00	--  	--  	--  	8.28	--  	0	  0.00	商贸代理	辽宁	0.00	8.28	0	0	--  	0	0	--  	      18020.00	
="600105"	永鼎股份	0.00	9.86	0.00	--  	--  	0	0	0.00	          0.00	--  	--  	--  	9.86	    22.23	0	  0.00	通信设备	江苏	0.00	9.86	0	0	--  	0	0	--  	      38095.46	
="600103"	青山纸业	0.00	3.66	0.00	--  	--  	0	0	0.00	          0.00	--  	--  	--  	3.66	   601.14	0	  0.00	造纸	福建	0.00	3.66	0	0	--  	0	0	--  	     106184.15	
="600091"	ST明科	0.00	7.02	0.00	--  	--  	0	0	0.00	          0.00	--  	--  	--  	7.02	--  	0	  0.00	化工原料	内蒙	0.00	7.02	0	0	--  	0	0	--  	      33652.60	
="600090"	啤酒花	0.00	8.13	0.00	--  	--  	0	0	0.00	          0.00	--  	--  	--  	8.13	    36.46	0	  0.00	啤酒	新疆	0.00	8.13	0	0	--  	0	0	--  	      36791.66	
="300342"	天银机电	--  	17.85	--  	--  	--  	0	0	--  	          0.00	--  	--  	--  	17.85	    39.14	0	  0.00	元器件	江苏	0.00	17.85	0	0	--  	0	0	--  	       6650.00	
="300332"	天壕节能	--  	14.06	--  	--  	--  	0	0	--  	          0.00	--  	--  	--  	14.06	    40.57	0	  0.00	环境保护	北京	0.00	14.06	0	0	--  	0	0	--  	      22666.75	
="300313"	天山生物	--  	23.69	--  	--  	--  	0	0	--  	          0.00	--  	--  	--  	23.69	   258.62	0	  0.00	农业综合	新疆	0.00	23.69	0	0	--  	0	0	--  	       4177.81	
="300144"	宋城演艺	--  	30.12	--  	--  	--  	0	0	--  	          0.00	--  	--  	--  	30.12	    39.83	0	  0.00	旅游景点	浙江	0.00	30.12	0	0	--  	0	0	--  	      19553.75	
="002608"	舜天船舶	--  	12.79	--  	--  	--  	0	0	--  	          0.00	--  	--  	--  	12.79	    86.27	0	  0.00	船舶	江苏	0.00	12.79	0	0	--  	0	0	--  	      32855.16	
="002558"	世纪游轮	--  	31.65	--  	--  	--  	0	0	--  	          0.00	--  	--  	--  	31.65	   271.60	0	  0.00	旅游服务	重庆	0.00	31.65	0	0	--  	0	0	--  	       3244.39	
="002529"	海源机械	--  	15.03	--  	--  	--  	0	0	--  	          0.00	--  	--  	--  	15.03	--  	0	  0.00	专用机械	福建	0.00	15.03	0	0	--  	0	0	--  	      15608.25	
="002509"	天广消防	--  	12.27	--  	--  	--  	0	0	--  	          0.00	--  	--  	--  	12.27	    51.77	0	  0.00	专用机械	福建	0.00	12.27	0	0	--  	0	0	--  	      23109.89	
="002324"	普利特	--  	19.90	--  	--  	--  	0	0	--  	          0.00	--  	--  	--  	19.90	    26.33	0	  0.00	塑料	上海	0.00	19.90	0	0	--  	0	0	--  	      15582.66	
="002323"	中联电气	--  	21.95	--  	--  	--  	0	0	--  	          0.00	--  	--  	--  	21.95	   130.92	0	  0.00	电气设备	江苏	0.00	21.95	0	0	--  	0	0	--  	       8350.16	
="002168"	深圳惠程	--  	10.13	--  	--  	--  	0	0	--  	          0.00	--  	--  	--  	10.13	--  	0	  0.00	电气设备	深圳	0.00	10.13	0	0	--  	0	0	--  	      56803.58	
="002155"	辰州矿业	--  	9.91	--  	--  	--  	0	0	--  	          0.00	--  	--  	--  	9.91	    71.87	0	  0.00	黄金	湖南	0.00	9.91	0	0	--  	0	0	--  	      99608.52	
="002044"	江苏三友	--  	10.04	--  	--  	--  	0	0	--  	          0.00	--  	--  	--  	10.04	    43.13	0	  0.00	服饰	江苏	0.00	10.04	0	0	--  	0	0	--  	      22410.00	
="002009"	天奇股份	--  	16.30	--  	--  	--  	0	0	--  	          0.00	--  	--  	--  	16.30	    47.89	0	  0.00	工程机械	江苏	0.00	16.30	0	0	--  	0	0	--  	      25991.22	
="002006"	*ST精功	--  	8.75	--  	--  	--  	0	0	--  	          0.00	--  	--  	--  	8.75	--  	0	  0.00	工程机械	浙江	0.00	8.75	0	0	--  	0	0	--  	      43677.89	
="000899"	赣能股份	0.00	6.77	0.00	6.76	6.77	186294	617	0.14	          3.36	6.85	6.93	6.52	6.77	    11.66	125956736	  0.99	火力发电	江西	6.06	6.76	111823	74471	  1.50	451	644	--  	      55518.16	
="000796"	易食股份	--  	7.23	--  	--  	--  	0	0	--  	          0.00	--  	--  	--  	7.23	    95.94	0	  0.00	食品	陕西	0.00	7.23	0	0	--  	0	0	--  	      24652.30	
="000627"	天茂集团	--  	4.10	--  	--  	--  	0	0	--  	          0.00	--  	--  	--  	4.10	    28.37	0	  0.00	化工原料	湖北	0.00	4.10	0	0	--  	0	0	--  	     135358.98	
="000533"	万 家 乐	--  	5.97	--  	--  	--  	0	0	--  	          0.00	--  	--  	--  	5.97	    35.25	0	  0.00	家用电器	广东	0.00	5.97	0	0	--  	0	0	--  	      68487.71	
="000514"	渝 开 发	--  	7.08	--  	--  	--  	0	0	--  	          0.00	--  	--  	--  	7.08	    36.98	0	  0.00	区域地产	重庆	0.00	7.08	0	0	--  	0	0	--  	      84377.09	
="000498"	山东路桥	--  	4.64	--  	--  	--  	0	0	--  	          0.00	--  	--  	--  	4.64	    27.67	0	  0.00	建筑施工	山东	0.00	4.64	0	0	--  	0	0	--  	      35417.01	
="600066"	宇通客车	-0.10	20.72	-0.02	20.70	20.71	128818	12	0.87	          1.04	20.74	21.15	20.01	20.74	    17.51	262738864	  0.79	汽车整车	河南	5.50	20.40	74308	54509	  1.36	238	2	--  	     124421.64	
="601238"	广汽集团	-0.23	8.60	-0.02	8.59	8.60	112539	50	0.23	          1.86	8.62	8.68	8.48	8.62	    18.27	96448808	  0.52	汽车整车	广东	2.32	8.57	70527	42012	  1.68	147	1114	--  	      60431.64	
="000538"	云南白药	-0.43	58.55	-0.25	58.55	58.56	108052	1295	0.00	          1.04	58.80	59.66	58.00	58.80	    23.52	637927488	  0.78	中成药	云南	2.82	59.04	60821	47231	  1.29	2003	18	--  	     104136.53	
="000690"	宝新能源	-0.49	6.11	-0.03	6.11	6.12	541521	2341	0.00	          3.16	6.14	6.32	6.01	6.14	     9.50	332767200	  0.72	火力发电	广东	5.05	6.15	288863	252658	  1.14	347	724	--  	     171265.66	
="600348"	阳泉煤业	-0.55	9.00	-0.05	9.00	9.01	587480	104	0.22	          2.44	9.30	9.37	8.79	9.05	    38.43	533626976	  0.66	煤炭开采	山西	6.41	9.08	324911	262569	  1.24	147	448	--  	     240500.00	
="000488"	晨鸣纸业	-0.65	6.15	-0.04	6.15	6.16	277780	2400	0.16	          2.51	6.19	6.30	6.04	6.19	    26.18	171138768	  0.67	造纸	山东	4.20	6.16	147368	130411	  1.13	3226	1524	--  	     110503.72	
="601666"	平煤股份	-0.86	5.76	-0.05	5.76	5.77	477969	7	0.17	          2.02	5.81	6.10	5.65	5.81	   118.00	278087456	  0.59	煤炭开采	河南	7.75	5.82	283510	194458	  1.46	1165	265	--  	     236116.50	
="600864"	哈投股份	-0.88	13.54	-0.12	13.54	13.55	191143	105	0.44	          3.50	13.45	13.93	13.12	13.66	   170.35	258765392	  0.63	火力发电	黑龙江	5.93	13.54	99541	91601	  1.09	300	17	--  	      54637.82	
="600123"	兰花科创	-0.91	9.78	-0.09	9.78	9.79	266371	55	0.00	          2.33	9.82	9.99	9.65	9.87	   476.83	261358736	  0.49	煤炭开采	山西	3.44	9.81	149409	116962	  1.28	93	295	--  	     114240.00	
="600058"	五矿发展	-1.02	15.58	-0.16	15.58	15.59	220912	12	0.19	          2.06	15.70	15.85	15.28	15.74	    70.89	342797792	  0.62	商贸代理	北京	3.62	15.52	126716	94195	  1.35	49	110	--  	     107191.07	
="300027"	华谊兄弟	-1.11	27.60	-0.31	27.60	27.61	247173	2482	0.14	          2.89	27.68	28.14	27.42	27.91	    56.32	686107456	  0.60	影视音像	浙江	2.58	27.76	128567	118605	  1.08	184	169	--  	      85552.46	
="000338"	潍柴动力	-1.31	25.55	-0.34	25.55	25.56	313534	2093	0.43	          3.00	25.97	26.20	25.11	25.89	     8.62	805091136	  0.66	汽车配件	山东	4.21	25.68	183748	129786	  1.42	370	149	--  	     104608.49	
="002221"	东华能源	-1.33	15.59	-0.21	15.59	15.60	96095	530	0.90	          2.15	15.83	16.19	15.00	15.80	   177.41	149248576	  1.00	石油贸易	江苏	7.53	15.53	53614	42481	  1.26	1	625	--  	      44718.82	
="000729"	燕京啤酒	-1.41	7.70	-0.11	7.69	7.70	189249	464	0.26	          0.76	7.82	7.85	7.56	7.81	    17.71	145608496	  1.05	啤酒	北京	3.71	7.69	115001	74248	  1.55	302	547	--  	     249943.92	
="000157"	中联重科	-1.43	6.22	-0.09	6.22	6.23	2036536	9983	-0.16	          3.25	6.48	6.49	6.13	6.31	    35.94	1277622400	  0.45	工程机械	湖南	5.71	6.27	1128840	907695	  1.24	14131	2696	--  	     626117.19	
="600309"	万华化学	-1.81	21.64	-0.40	21.61	21.64	310132	54	0.23	          1.43	22.00	22.37	21.11	22.04	    16.73	669900928	  0.71	化工原料	山东	5.72	21.60	169055	141076	  1.20	23	20	--  	     216233.45	
="000877"	天山股份	-1.84	9.07	-0.17	9.07	9.08	316798	1089	-0.32	          3.60	9.20	9.21	8.91	9.24	    19.49	287065312	  0.61	水泥	新疆	3.25	9.06	191883	124915	  1.54	1291	459	--  	      88001.99	
="600823"	世茂股份	-1.92	12.27	-0.24	12.27	12.28	146545	6	0.08	          1.25	12.56	12.61	12.12	12.51	    13.98	180558496	  0.74	全国地产	上海	3.92	12.32	88790	57755	  1.54	4	1775	--  	     117059.53	
="600018"	上港集团	-1.92	6.12	-0.12	6.12	6.13	1339059	62	0.49	          0.59	6.24	6.38	6.03	6.24	    22.32	823599552	  0.53	港口	上海	5.61	6.15	704783	634275	  1.11	440	1372	--  	    2275518.00	
="000800"	一汽轿车	-1.99	14.81	-0.30	14.80	14.81	265453	2191	0.40	          1.88	15.12	15.44	14.49	15.11	    73.40	395130016	  0.43	汽车整车	吉林	6.29	14.89	160702	104750	  1.53	1225	469	--  	     141175.41	
="000926"	福星股份	-2.16	9.50	-0.21	9.50	9.51	245894	2182	0.00	          4.65	9.74	9.82	9.39	9.71	     8.75	235397872	  0.76	区域地产	湖北	4.43	9.57	148891	97002	  1.53	260	545	--  	      52853.94	
="000063"	中兴通讯	-2.21	17.68	-0.40	17.68	17.69	811312	6121	0.16	          2.90	18.16	18.30	17.48	18.08	    24.89	1440189056	  0.50	通信设备	深圳	4.54	17.75	480448	330863	  1.45	1830	1228	--  	     280129.03	
="300251"	光线传媒	-2.27	25.00	-0.58	25.00	25.01	321159	4632	0.04	          6.05	25.58	25.60	24.70	25.58	    96.58	808341568	  0.66	影视音像	北京	3.52	25.17	174932	146226	  1.20	2754	212	--  	      53120.28	
="600009"	上海机场	-2.27	18.53	-0.43	18.53	18.54	204175	36	0.10	          1.87	18.98	19.05	18.46	18.96	    16.96	380111136	  0.72	机场	上海	3.11	18.62	127597	76578	  1.67	88	7	--  	     109347.64	
="600489"	中金黄金	-2.31	10.14	-0.24	10.14	10.15	604735	20	0.39	          2.05	10.35	10.38	10.02	10.38	    56.94	616539584	  0.63	黄金	北京	3.47	10.20	383506	221229	  1.73	184	400	--  	     294322.88	
="000778"	新兴铸管	-2.53	5.40	-0.14	5.40	5.41	1115524	7178	0.18	          3.06	5.56	5.61	5.26	5.54	    22.00	606991808	  0.77	钢加工	河北	6.32	5.44	625518	490006	  1.28	5792	2431	--  	     364209.41	
="600089"	特变电工	-2.68	11.97	-0.33	11.97	11.98	1292263	1	0.16	          4.08	12.35	12.43	11.80	12.30	    21.09	1550119936	  0.81	电气设备	新疆	5.12	12.00	712055	580207	  1.23	1416	1232	--  	     316591.31	
="600028"	中国石化	-2.82	5.86	-0.17	5.86	5.87	4470069	281	0.17	          0.49	6.06	6.10	5.80	6.03	    10.03	2646207232	  0.66	石油加工	北京	4.98	5.92	2305749	2164319	  1.07	2141	7660	--  	    9128216.00	
="600801"	华新水泥	-2.86	9.51	-0.28	9.51	9.52	250655	41	0.00	          2.58	9.85	9.95	9.43	9.79	    13.10	240501088	  0.60	水泥	湖北	5.31	9.59	137849	112806	  1.22	278	24	--  	      97167.99	
="600449"	宁夏建材	-2.94	11.54	-0.35	11.53	11.54	143518	9	0.00	          3.00	11.76	11.86	11.41	11.89	    14.88	166737424	  0.75	水泥	宁夏	3.78	11.62	88526	54991	  1.61	21	100	--  	      47818.10	
="600377"	宁沪高速	-2.96	6.88	-0.21	6.89	6.90	168249	20	0.00	          0.44	7.11	7.12	6.84	7.09	    12.57	116763552	  0.99	路桥	江苏	3.95	6.94	108962	59286	  1.84	129	30	--  	     379275.53	
="600050"	中国联通	-3.02	4.49	-0.14	4.49	4.50	4096472	1128	0.22	          1.93	4.61	4.67	4.38	4.63	    20.39	1843038464	  0.75	电信运营	上海	6.26	4.50	2151199	1945273	  1.11	4735	7038	--  	    2119659.75	
="000069"	华侨城Ａ	-3.04	6.70	-0.21	6.70	6.71	1230947	5635	0.00	          3.95	6.96	7.02	6.62	6.91	    12.99	838815872	  0.82	旅游景点	深圳	5.79	6.81	698393	532554	  1.31	2457	1035	--  	     311246.41	
="601857"	中国石油	-3.07	9.48	-0.30	9.49	9.50	1564876	590	0.63	          0.10	9.80	9.86	9.36	9.78	    13.55	1496802176	  0.60	石油开采	北京	5.11	9.56	836853	728022	  1.15	1307	1522	--  	   16192208.00	
="000937"	冀中能源	-3.24	8.07	-0.27	8.07	8.08	372440	1125	0.12	          1.69	8.32	8.39	7.93	8.34	   403.35	303066528	  0.74	煤炭开采	河北	5.52	8.14	211756	160683	  1.32	2129	906	--  	     220706.56	
="601699"	潞安环能	-3.28	11.19	-0.38	11.19	11.20	432014	34	0.17	          1.88	11.40	11.69	10.92	11.57	    30.41	488294368	  0.63	煤炭开采	山西	6.66	11.30	247654	184359	  1.34	75	1678	--  	     230108.41	
="000725"	京东方Ａ	-3.29	3.23	-0.11	3.23	3.24	4392180	32063	0.31	          3.82	3.32	3.35	3.21	3.34	    46.09	1434051840	  0.86	元器件	北京	4.19	3.27	2362440	2029739	  1.16	11333	32607	--  	    1150574.38	
="601398"	工商银行	-3.35	4.33	-0.15	4.33	4.34	6245798	165	0.23	          0.24	4.51	4.53	4.26	4.48	     5.18	2720391936	  0.67	银行	北京	6.03	4.36	3166098	3079699	  1.03	9908	21920	--  	   26471778.00	
="600362"	江西铜业	-3.39	17.09	-0.60	17.10	17.11	442694	9	0.11	          2.13	17.69	17.69	16.80	17.69	    19.09	764391872	  0.65	铜	江西	5.03	17.27	257496	185197	  1.39	74	112	--  	     207524.73	
="600690"	青岛海尔	-3.51	18.41	-0.67	18.40	18.41	369381	25	0.05	          1.35	19.06	19.07	18.23	19.08	     9.98	685057536	  0.77	家用电器	山东	4.40	18.55	229899	139481	  1.65	486	265	--  	     273684.13	
="000983"	西山煤电	-3.55	7.89	-0.29	7.88	7.89	879289	4062	0.00	          2.79	8.16	8.27	7.71	8.18	    54.43	703409664	  0.69	煤炭开采	山西	6.85	8.00	502371	376917	  1.33	8082	9	--  	     315117.00	
="600642"	申能股份	-3.80	6.08	-0.24	6.05	6.11	917060	20	-0.97	          2.01	6.32	6.53	6.04	6.32	    14.59	573617216	  0.86	火力发电	上海	7.75	6.25	486952	430108	  1.13	4624	73	--  	     455203.84	
="601899"	紫金矿业	-3.86	3.24	-0.13	3.24	3.25	4055935	231	0.62	          2.57	3.36	3.37	3.20	3.37	    26.71	1320841472	  0.66	黄金	福建	5.04	3.26	2259648	1796287	  1.26	1541	23460	--  	    1580380.38	
="601988"	中国银行	-4.03	3.57	-0.15	3.56	3.57	14962181	3286	0.28	          0.76	3.72	3.75	3.51	3.72	     6.52	5392665088	  0.72	银行	北京	6.45	3.60	7482082	7480099	  1.00	25745	70594	--  	   19591296.00	
="000401"	冀东水泥	-4.07	11.77	-0.50	11.77	11.78	234017	923	-0.08	          1.93	12.23	12.23	11.17	12.27	   573.52	271826848	  0.90	水泥	河北	8.64	11.62	134735	99281	  1.36	543	116	--  	     121233.36	
="600015"	华夏银行	-4.10	11.22	-0.48	11.22	11.23	1435990	35	0.26	          2.21	11.76	11.82	11.01	11.70	     5.69	1635488000	  0.56	银行	北京	6.92	11.39	818430	617560	  1.33	1	266	--  	     648768.69	
="601633"	长城汽车	-4.26	37.32	-1.66	37.31	37.34	95705	6	0.89	          0.48	38.97	39.45	36.90	38.98	    15.24	361616608	  1.17	汽车整车	河北	6.54	37.78	55380	40324	  1.37	8	39	--  	     200924.30	
="600739"	辽宁成大	-4.33	20.35	-0.92	20.36	20.37	621193	106	0.24	          4.55	21.40	21.60	20.09	21.27	    31.77	1278699136	  0.71	商贸代理	辽宁	7.10	20.58	342665	278527	  1.23	98	908	--  	     136470.98	
="601088"	中国神华	-4.34	18.29	-0.83	18.30	18.31	841567	11	0.00	          0.51	19.20	19.32	18.01	19.12	     9.21	1565628544	  0.71	煤炭开采	北京	6.85	18.60	484023	357544	  1.35	7	94	--  	    1649103.75	
="600581"	八一钢铁	-4.37	5.47	-0.25	5.47	5.48	285604	2	0.36	          3.73	5.72	5.73	5.34	5.72	--  	155836224	  0.66	普钢	新疆	6.82	5.46	169043	116561	  1.45	114	188	--  	      76644.89	
="601288"	农业银行	-4.46	3.21	-0.15	3.21	3.22	9221133	547	0.31	          0.32	3.36	3.39	3.16	3.36	     5.13	2994357504	  0.64	银行	北京	6.85	3.25	4677318	4543814	  1.03	9092	24606	--  	   28416352.00	
="600036"	招商银行	-4.86	14.30	-0.73	14.29	14.30	3990705	150	0.56	          1.93	15.00	15.01	14.00	15.03	     5.91	5760088576	  0.76	银行	深圳	6.72	14.43	2075991	1914713	  1.08	1153	330	--  	    2062894.50	
="601888"	中国国旅	-6.36	42.58	-2.89	42.65	42.90	82529	1	0.30	          0.85	45.88	45.88	42.38	45.47	    26.15	359625600	  1.04	旅游服务	北京	7.70	43.58	45439	37090	  1.23	5	14	--  	      97623.77	
数据来源:通达信
