代码	名称	涨幅%%	现价	涨跌	买价	卖价	总量	现量	涨速%%	换手%%	今开	最高	最低	昨收	市盈(动)	总金额	量比	细分行业	地区	振幅%%	均价	内盘	外盘	内外比	买量	卖量	未匹配量	流通股本	
="600436"	片仔癀	5.32	90.85	4.59	90.83	90.85	57309	3	         -0.04	          3.56	86.40	93.10	86.40	86.26	    36.69	517116448	  2.25	中成药	福建	 7.77	90.23	24307	33002	  0.74	2	4	--  	      16088.45	
="000993"	闽东电力	5.19	10.14	0.50	10.13	10.14	81755	2137	          0.19	          2.19	9.64	10.15	9.61	9.64	    32.17	81701800	  1.63	水力发电	福建	 5.60	9.99	33621	48134	  0.70	102	47	--  	      37300.00	
="600535"	天士力	3.53	41.59	1.42	41.58	41.59	108309	32	         -0.14	          1.05	40.10	41.71	40.00	40.17	    28.26	445904800	  1.23	中成药	天津	 4.26	41.17	45569	62740	  0.73	42	620	--  	     103284.27	
="600315"	上海家化	3.51	37.15	1.26	37.15	37.16	181613	85	          0.10	          2.75	35.78	37.16	35.47	35.89	    25.73	666426304	  1.60	日用化工	上海	 4.71	36.69	82554	99059	  0.83	26	650	--  	      66086.46	
="600617"	国新能源	3.27	26.86	0.85	26.82	26.85	33912	38	          0.11	          3.30	26.00	26.87	25.40	26.01	    38.20	89198168	  0.90	供气供热	山西	 5.65	26.30	14326	19586	  0.73	108	12	--  	      10263.63	
="002511"	中顺洁柔	2.98	10.72	0.31	10.70	10.72	54984	389	          0.18	          1.36	10.40	10.99	10.31	10.41	    64.00	58957196	  0.86	造纸	广东	 6.53	10.72	27475	27509	  1.00	211	321	--  	      40451.92	
="600400"	红豆股份	2.93	6.33	0.18	6.33	6.34	245332	36	          0.31	          4.38	6.13	6.40	6.10	6.15	   114.82	153503792	  1.23	服饰	江苏	 4.88	6.26	113940	131392	  0.87	107	3085	--  	      56039.96	
="002220"	天宝股份	2.89	8.18	0.23	8.18	8.19	94089	1906	          0.00	          2.42	7.95	8.20	7.77	7.95	    22.08	75523680	  1.10	食品	辽宁	 5.41	8.03	41907	52182	  0.80	1250	1013	--  	      38948.12	
="000652"	泰达股份	2.73	6.02	0.16	6.01	6.02	537816	7057	          0.33	          3.67	5.85	6.15	5.78	5.86	--  	323040608	  1.72	综合类	天津	 6.31	6.01	230129	307687	  0.75	1092	2044	--  	     146567.00	
="600012"	皖通高速	2.70	5.32	0.14	5.32	5.33	80278	116	          0.56	          0.69	5.17	5.32	5.12	5.18	     9.87	41991516	  1.24	路桥	安徽	 3.86	5.23	23578	56700	  0.42	113	479	--  	     116560.00	
="300203"	聚光科技	2.63	20.71	0.53	20.71	20.72	55139	414	         -0.19	          1.24	20.18	21.14	20.01	20.18	    62.85	114036120	  0.95	电器仪表	浙江	 5.60	20.68	24763	30376	  0.82	67	67	--  	      44500.00	
="002007"	华兰生物	2.57	34.36	0.86	34.36	34.37	91763	846	         -0.02	          1.59	33.27	34.40	32.97	33.50	    35.44	312364736	  0.75	生物制药	河南	 4.27	34.04	38653	53110	  0.73	532	142	--  	      57686.69	
="000100"	TCL 集团	2.52	3.25	0.08	3.24	3.25	2851932	49235	          0.00	          3.51	3.18	3.27	3.17	3.17	    10.38	921432192	  1.14	家用电器	广东	 3.15	3.23	1316462	1535470	  0.86	28600	61793	--  	     813618.25	
="002465"	海格通信	2.32	17.66	0.40	17.66	17.67	268691	3081	          0.05	          2.97	17.35	17.95	17.35	17.26	    74.28	475476480	  0.92	通信设备	广东	 3.48	17.70	132412	136279	  0.97	512	2008	--  	      90429.34	
="600336"	澳柯玛	2.13	6.23	0.13	6.22	6.23	384449	60	          0.32	          5.65	6.08	6.34	6.01	6.10	    34.69	238936736	  2.11	家用电器	山东	 5.41	6.22	118518	265931	  0.45	1338	1139	--  	      68007.20	
="601058"	赛轮股份	2.00	16.82	0.33	16.82	16.83	31437	56	          0.05	          0.83	16.61	16.95	16.44	16.49	    18.95	52789060	  0.69	汽车配件	山东	 3.09	16.79	13829	17608	  0.79	13	189	--  	      37800.00	
="000601"	韶能股份	1.87	6.54	0.12	6.54	6.55	350300	2622	         -0.15	          3.52	6.40	6.55	6.35	6.42	    19.95	226244976	  0.77	火力发电	广东	 3.12	6.46	121115	229185	  0.53	258	7685	--  	      99398.67	
="002687"	乔治白	1.85	11.55	0.21	11.52	11.55	20078	310	         -0.08	          2.88	11.30	11.59	11.23	11.34	    41.10	22901442	  0.64	服饰	浙江	 3.17	11.41	7586	12492	  0.61	21	803	--  	       6961.27	
="002269"	美邦服饰	1.81	11.24	0.20	11.23	11.24	284077	2236	         -0.08	          2.83	11.63	11.87	11.12	11.04	    37.72	326180384	  1.25	服饰	上海	 6.79	11.48	139507	144570	  0.96	476	697	--  	     100500.00	
="601137"	博威合金	1.77	20.73	0.36	20.72	20.74	66046	25	          0.04	          3.07	20.50	20.98	19.95	20.37	    65.88	136330592	  1.72	铜	浙江	 5.06	20.64	25234	40812	  0.62	25	237	--  	      21500.00	
="601007"	金陵饭店	1.60	12.08	0.19	12.08	12.09	75239	70	         -0.08	          2.51	11.83	12.48	11.83	11.89	   138.20	92316896	  1.64	酒店餐饮	江苏	 5.47	12.27	40174	35065	  1.15	37	50	--  	      30000.00	
="300094"	国联水产	1.47	9.67	0.14	9.67	9.68	45299	1163	          0.10	          1.29	9.50	9.75	9.41	9.53	    86.04	43684720	  0.94	渔业	广东	 3.57	9.64	21602	23697	  0.91	1102	1168	--  	      35072.21	
="002547"	春兴精工	1.28	17.43	0.22	17.43	17.44	46618	150	         -0.28	          3.24	17.08	17.75	16.90	17.21	    48.50	81688496	  0.71	通信设备	江苏	 4.94	17.52	19215	27403	  0.70	9	2	--  	      14378.58	
="600021"	上海电力	1.23	6.58	0.08	6.58	6.59	556355	111	         -0.30	          2.60	6.57	6.73	6.27	6.50	    17.32	361786272	  0.55	火力发电	上海	 7.08	6.50	269084	287271	  0.94	775	761	--  	     213973.92	
="002093"	国脉科技	1.18	7.72	0.09	7.71	7.72	496257	5738	          0.12	          5.82	7.69	8.00	7.62	7.63	   137.37	388546880	  1.13	电信运营	福建	 4.98	7.83	238881	257376	  0.93	624	488	--  	      85291.22	
="000729"	燕京啤酒	0.99	7.14	0.07	7.14	7.15	281732	5925	          0.42	          1.13	7.02	7.17	6.99	7.07	    16.42	200038944	  0.97	啤酒	北京	 2.55	7.10	122190	159542	  0.77	364	3159	--  	     249943.92	
="000545"	金浦钛业	0.95	13.82	0.13	13.82	13.83	49047	737	         -0.28	          3.14	13.69	13.93	13.56	13.69	    92.84	67157408	  0.78	化工原料	吉林	 2.70	13.69	25783	23264	  1.11	17	79	--  	      15637.36	
="000752"	西藏发展	0.87	13.96	0.12	13.95	13.96	51902	1008	         -0.21	          1.97	13.83	14.09	13.75	13.84	   203.54	72399256	  0.62	啤酒	西藏	 2.46	13.95	24856	27046	  0.92	27	340	--  	      26375.01	
="000776"	广发证券	0.82	13.47	0.11	13.47	13.48	887693	7836	          0.00	          1.50	13.23	13.64	13.00	13.36	    19.67	1183355776	  0.62	证券	广东	 4.79	13.33	447536	440157	  1.02	3798	3599	--  	     591929.13	
="600502"	安徽水利	0.80	10.06	0.08	10.06	10.07	302211	24	         -0.19	          6.02	9.95	10.18	9.80	9.98	    20.53	302876192	  1.36	建筑施工	安徽	 3.81	10.02	138620	163591	  0.85	210	980	--  	      50193.00	
="000725"	京东方Ａ	0.76	2.66	0.02	2.65	2.66	2966701	56297	          0.00	          2.58	2.62	2.69	2.61	2.64	    37.96	787967744	  1.06	元器件	北京	 3.03	2.66	1306996	1659705	  0.79	34145	63492	--  	    1150574.38	
="000981"	银亿股份	0.66	12.25	0.08	12.25	12.26	40035	682	          0.16	          0.47	12.23	12.29	12.00	12.17	    22.44	48678392	  1.13	区域地产	甘肃	 2.38	12.16	19563	20472	  0.96	22	221	--  	      85810.52	
="002075"	沙钢股份	0.64	4.70	0.03	4.70	4.71	215778	4260	          0.21	          1.37	4.63	4.76	4.58	4.67	   106.18	100871000	  1.05	特钢	江苏	 3.85	4.67	103191	112587	  0.92	800	7995	--  	     157626.48	
="601666"	平煤股份	0.59	5.13	0.03	5.13	5.14	345536	124	         -0.58	          1.46	5.10	5.16	5.02	5.10	   105.10	175888320	  0.76	煤炭开采	河南	 2.75	5.09	172660	172876	  1.00	178	2486	--  	     236116.50	
="002082"	栋梁新材	0.50	10.14	0.05	10.14	10.15	32340	399	          0.00	          1.74	10.08	10.18	9.99	10.09	    23.53	32668670	  0.53	铝	浙江	 1.88	10.10	16475	15865	  1.04	409	908	--  	      18605.09	
="600682"	南京新百	0.48	16.80	0.08	16.81	16.82	22458	20	          0.47	          0.63	16.61	16.89	16.61	16.72	    45.89	37619596	  0.45	百货	江苏	 1.67	16.75	9136	13322	  0.69	25	35	--  	      35796.01	
="600068"	葛洲坝	0.40	5.07	0.02	5.07	5.08	416344	52	          0.00	          1.19	5.04	5.12	5.02	5.05	    10.05	210901360	  0.49	建筑施工	湖北	 1.98	5.07	176190	240154	  0.73	1932	2493	--  	     348745.91	
="600845"	宝信软件	0.36	33.87	0.12	33.89	33.90	4715	2	          0.00	          0.21	33.36	33.96	33.36	33.75	    44.95	15898423	  0.34	软件服务	上海	 1.78	33.72	2189	2526	  0.87	5	21	--  	      22651.73	
="000016"	深康佳Ａ	0.32	6.24	0.02	6.23	6.24	119827	1459	          0.16	          2.00	6.22	6.27	6.09	6.22	   118.43	74158800	  0.53	家用电器	深圳	 2.89	6.19	67033	52794	  1.27	1203	449	--  	      59991.50	
="600528"	中铁二局	0.28	7.18	0.02	7.17	7.18	265061	33	          0.00	          1.82	7.11	7.29	7.01	7.16	    26.36	189778544	  0.55	建筑施工	四川	 3.91	7.16	126080	138981	  0.91	1280	428	--  	     145920.00	
="600153"	建发股份	0.27	7.47	0.02	7.46	7.47	392690	17	          0.00	          1.39	7.37	7.56	7.32	7.45	    10.09	291987712	  0.63	商贸代理	福建	 3.22	7.44	180736	211954	  0.85	754	348	--  	     283520.06	
="002333"	罗普斯金	0.22	13.74	0.03	13.72	13.74	11534	68	          0.21	          0.48	13.72	13.82	13.60	13.71	    56.47	15838354	  0.37	铝	江苏	 1.60	13.73	6511	5023	  1.30	79	64	--  	      24248.49	
="002294"	信立泰	0.17	35.42	0.06	35.42	35.44	32986	75	         -0.14	          1.15	35.36	36.00	35.21	35.36	    23.11	117470192	  0.57	化学制药	深圳	 2.23	35.61	16597	16389	  1.01	255	3	--  	      28698.46	
="600867"	通化东宝	0.05	18.40	0.01	18.41	18.42	132085	4	         -0.27	          1.29	18.38	18.51	18.18	18.39	    64.81	242298144	  0.78	生物制药	吉林	 1.79	18.34	65798	66287	  0.99	49	138	--  	     102460.04	
="601928"	凤凰传媒	0.00	10.61	0.00	--  	--  	0	0	          0.00	          0.00	--  	--  	--  	10.61	    27.58	0	  0.00	出版业	江苏	 0.00	10.61	0	0	--  	0	0	--  	      65788.35	
="601700"	风范股份	0.00	17.58	0.00	--  	--  	0	0	          0.00	          0.00	--  	--  	--  	17.58	    35.59	0	  0.00	电气设备	江苏	 0.00	17.58	0	0	--  	0	0	--  	      23576.84	
="600986"	科达股份	0.00	7.05	0.00	--  	--  	0	0	          0.00	          0.00	--  	--  	--  	7.05	    36.88	0	  0.00	建筑施工	山东	 0.00	7.05	0	0	--  	0	0	--  	      33526.96	
="600981"	汇鸿股份	0.00	4.21	0.00	--  	--  	0	0	          0.00	          0.00	--  	--  	--  	4.21	    92.48	0	  0.00	商贸代理	江苏	 0.00	4.21	0	0	--  	0	0	--  	      51610.64	
="600876"	洛阳玻璃	0.00	7.24	0.00	--  	--  	0	0	          0.00	          0.00	--  	--  	--  	7.24	   374.48	0	  0.00	玻璃	河南	 0.00	7.24	0	0	--  	0	0	--  	      25001.82	
="600792"	云煤能源	0.00	6.26	0.00	--  	--  	0	0	          0.00	          0.00	--  	--  	--  	6.26	   868.05	0	  0.00	焦炭加工	云南	 0.00	6.26	0	0	--  	0	0	--  	      80045.00	
="600749"	西藏旅游	0.00	12.18	0.00	--  	--  	0	0	          0.00	          0.00	--  	--  	--  	12.18	  1161.76	0	  0.00	旅游景点	西藏	 0.00	12.18	0	0	--  	0	0	--  	      18913.78	
="600575"	皖江物流	0.00	4.11	0.00	--  	--  	0	0	          0.00	          0.00	--  	--  	--  	4.11	--  	0	  0.00	港口	安徽	 0.00	4.11	0	0	--  	0	0	--  	     142320.00	
="600569"	安阳钢铁	0.00	2.32	0.00	--  	--  	0	0	          0.00	          0.00	--  	--  	--  	2.32	    78.40	0	  0.00	普钢	河南	 0.00	2.32	0	0	--  	0	0	--  	     239368.45	
="600517"	置信电气	0.00	12.45	0.00	--  	--  	0	0	          0.00	          0.00	--  	--  	--  	12.45	    84.39	0	  0.00	电气设备	上海	 0.00	12.45	0	0	--  	0	0	--  	     111366.89	
="600497"	驰宏锌锗	0.00	10.39	0.00	--  	--  	0	0	          0.00	          0.00	--  	--  	--  	10.39	    84.98	0	  0.00	铅锌	云南	 0.00	10.39	0	0	--  	0	0	--  	     166756.09	
="600369"	西南证券	0.00	10.54	0.00	--  	--  	0	0	          0.00	          0.00	--  	--  	--  	10.54	    25.05	0	  0.00	证券	重庆	 0.00	10.54	0	0	--  	0	0	--  	     232255.45	
="600365"	通葡股份	0.00	11.38	0.00	--  	--  	0	0	          0.00	          0.00	--  	--  	--  	11.38	  5686.21	0	  0.00	红黄药酒	吉林	 0.00	11.38	0	0	--  	0	0	--  	      14000.00	
="600318"	巢东股份	0.00	11.20	0.00	--  	--  	0	0	          0.00	          0.00	--  	--  	--  	11.20	    17.93	0	  0.00	水泥	安徽	 0.00	11.20	0	0	--  	0	0	--  	      24200.00	
="600300"	维维股份	0.00	5.65	0.00	--  	--  	0	0	          0.00	          0.00	--  	--  	--  	5.65	    83.78	0	  0.00	软饮料	江苏	 0.00	5.65	0	0	--  	0	0	--  	     167200.00	
="600241"	时代万恒	0.00	8.28	0.00	--  	--  	0	0	          0.00	          0.00	--  	--  	--  	8.28	--  	0	  0.00	商贸代理	辽宁	 0.00	8.28	0	0	--  	0	0	--  	      18020.00	
="600105"	永鼎股份	0.00	9.86	0.00	--  	--  	0	0	          0.00	          0.00	--  	--  	--  	9.86	    22.23	0	  0.00	通信设备	江苏	 0.00	9.86	0	0	--  	0	0	--  	      38095.46	
="600103"	青山纸业	0.00	3.66	0.00	--  	--  	0	0	          0.00	          0.00	--  	--  	--  	3.66	   601.14	0	  0.00	造纸	福建	 0.00	3.66	0	0	--  	0	0	--  	     106184.15	
="600091"	ST明科	0.00	7.02	0.00	--  	--  	0	0	          0.00	          0.00	--  	--  	--  	7.02	--  	0	  0.00	化工原料	内蒙	 0.00	7.02	0	0	--  	0	0	--  	      33652.60	
="600090"	啤酒花	0.00	8.13	0.00	--  	--  	0	0	          0.00	          0.00	--  	--  	--  	8.13	    36.46	0	  0.00	啤酒	新疆	 0.00	8.13	0	0	--  	0	0	--  	      36791.66	
="300332"	天壕节能	--  	0.00	--  	--  	--  	0	0	--  	          0.00	--  	--  	--  	14.06	    40.57	0	  0.00	环境保护	北京	 0.00	14.06	0	0	--  	0	0	--  	      22666.75	
="300313"	天山生物	--  	0.00	--  	--  	--  	0	0	--  	          0.00	--  	--  	--  	23.69	   258.62	0	  0.00	农业综合	新疆	 0.00	23.69	0	0	--  	0	0	--  	       4177.81	
="300189"	神农大丰	--  	0.00	--  	--  	--  	0	0	--  	          0.00	--  	--  	--  	7.86	--  	0	  0.00	种植业	海南	 0.00	7.86	0	0	--  	0	0	--  	      33498.87	
="300072"	三聚环保	--  	0.00	--  	--  	--  	0	0	--  	          0.00	--  	--  	--  	27.13	    36.92	0	  0.00	化工原料	北京	 0.00	27.13	0	0	--  	0	0	--  	      45855.16	
="300013"	新宁物流	--  	0.00	--  	--  	--  	0	0	--  	          0.00	--  	--  	--  	9.26	   131.57	0	  0.00	仓储物流	江苏	 0.00	9.26	0	0	--  	0	0	--  	      18000.00	
="002608"	舜天船舶	--  	0.00	--  	--  	--  	0	0	--  	          0.00	--  	--  	--  	12.79	    86.27	0	  0.00	船舶	江苏	 0.00	12.79	0	0	--  	0	0	--  	      32855.16	
="002558"	世纪游轮	--  	0.00	--  	--  	--  	0	0	--  	          0.00	--  	--  	--  	31.65	   271.60	0	  0.00	旅游服务	重庆	 0.00	31.65	0	0	--  	0	0	--  	       3244.39	
="002557"	洽洽食品	0.00	20.80	0.00	20.79	20.80	19915	2172	          0.72	          0.59	20.63	20.88	20.40	20.80	    25.53	41176884	  0.38	食品	安徽	 2.31	20.68	10421	9494	  1.10	83	30	--  	      33800.00	
="002534"	杭锅股份	--  	0.00	--  	--  	--  	0	0	--  	          0.00	--  	--  	--  	19.00	    58.39	0	  0.00	专用机械	浙江	 0.00	19.00	0	0	--  	0	0	--  	      39168.26	
="002529"	海源机械	--  	0.00	--  	--  	--  	0	0	--  	          0.00	--  	--  	--  	15.03	--  	0	  0.00	专用机械	福建	 0.00	15.03	0	0	--  	0	0	--  	      15608.25	
="002509"	天广消防	--  	0.00	--  	--  	--  	0	0	--  	          0.00	--  	--  	--  	12.27	    51.77	0	  0.00	专用机械	福建	 0.00	12.27	0	0	--  	0	0	--  	      23109.89	
="002485"	希努尔	--  	0.00	--  	--  	--  	0	0	--  	          0.00	--  	--  	--  	10.13	--  	0	  0.00	服饰	山东	 0.00	10.13	0	0	--  	0	0	--  	      32000.00	
="002426"	胜利精密	--  	0.00	--  	--  	--  	0	0	--  	          0.00	--  	--  	--  	11.26	    68.41	0	  0.00	元器件	江苏	 0.00	11.26	0	0	--  	0	0	--  	      35306.58	
="002324"	普利特	--  	0.00	--  	--  	--  	0	0	--  	          0.00	--  	--  	--  	19.90	    26.33	0	  0.00	塑料	上海	 0.00	19.90	0	0	--  	0	0	--  	      15582.66	
="002323"	中联电气	--  	0.00	--  	--  	--  	0	0	--  	          0.00	--  	--  	--  	21.95	   130.92	0	  0.00	电气设备	江苏	 0.00	21.95	0	0	--  	0	0	--  	       8350.16	
="002103"	广博股份	--  	0.00	--  	--  	--  	0	0	--  	          0.00	--  	--  	--  	10.18	   172.72	0	  0.00	文教休闲	浙江	 0.00	10.18	0	0	--  	0	0	--  	      17095.44	
="002044"	江苏三友	--  	0.00	--  	--  	--  	0	0	--  	          0.00	--  	--  	--  	10.04	    43.13	0	  0.00	服饰	江苏	 0.00	10.04	0	0	--  	0	0	--  	      22410.00	
="002013"	中航机电	--  	0.00	--  	--  	--  	0	0	--  	          0.00	--  	--  	--  	22.15	    51.08	0	  0.00	汽车配件	湖北	 0.00	22.15	0	0	--  	0	0	--  	      29285.81	
="002009"	天奇股份	--  	0.00	--  	--  	--  	0	0	--  	          0.00	--  	--  	--  	16.30	    47.89	0	  0.00	工程机械	江苏	 0.00	16.30	0	0	--  	0	0	--  	      25991.22	
="002006"	*ST精功	--  	0.00	--  	--  	--  	0	0	--  	          0.00	--  	--  	--  	8.75	--  	0	  0.00	工程机械	浙江	 0.00	8.75	0	0	--  	0	0	--  	      43677.89	
="000920"	南方汇通	--  	0.00	--  	--  	--  	0	0	--  	          0.00	--  	--  	--  	13.23	    31.50	0	  0.00	运输设备	贵州	 0.00	13.23	0	0	--  	0	0	--  	      42200.00	
="000796"	易食股份	--  	0.00	--  	--  	--  	0	0	--  	          0.00	--  	--  	--  	7.23	    95.94	0	  0.00	食品	陕西	 0.00	7.23	0	0	--  	0	0	--  	      24652.30	
="000795"	太原刚玉	--  	0.00	--  	--  	--  	0	0	--  	          0.00	--  	--  	--  	10.92	--  	0	  0.00	矿物制品	山西	 0.00	10.92	0	0	--  	0	0	--  	      27679.44	
="000710"	天兴仪表	--  	0.00	--  	--  	--  	0	0	--  	          0.00	--  	--  	--  	13.60	--  	0	  0.00	汽车配件	四川	 0.00	13.60	0	0	--  	0	0	--  	      15120.00	
="000627"	天茂集团	--  	0.00	--  	--  	--  	0	0	--  	          0.00	--  	--  	--  	4.10	    28.37	0	  0.00	化工原料	湖北	 0.00	4.10	0	0	--  	0	0	--  	     135358.98	
="000533"	万 家 乐	--  	0.00	--  	--  	--  	0	0	--  	          0.00	--  	--  	--  	5.97	    35.25	0	  0.00	家用电器	广东	 0.00	5.97	0	0	--  	0	0	--  	      68487.71	
="000525"	红 太 阳	--  	0.00	--  	--  	--  	0	0	--  	          0.00	--  	--  	--  	15.92	    15.22	0	  0.00	农药化肥	江苏	 0.00	15.92	0	0	--  	0	0	--  	      50698.30	
="000498"	山东路桥	--  	0.00	--  	--  	--  	0	0	--  	          0.00	--  	--  	--  	4.64	    27.67	0	  0.00	建筑施工	山东	 0.00	4.64	0	0	--  	0	0	--  	      35417.01	
="000415"	渤海租赁	--  	0.00	--  	--  	--  	0	0	--  	          0.00	--  	--  	--  	10.28	    19.57	0	  0.00	多元金融	新疆	 0.00	10.28	0	0	--  	0	0	--  	     126917.42	
="600083"	博信股份	-0.09	10.57	-0.01	10.53	10.59	23186	5	          0.09	          1.03	10.55	10.63	10.43	10.58	   575.16	24385512	  0.59	元器件	广东	 1.89	10.52	12681	10505	  1.21	55	254	--  	      22598.08	
="600731"	湖南海利	-0.11	9.25	-0.01	9.20	9.22	70589	2	          0.87	          2.76	9.27	9.37	9.12	9.26	   576.73	64981448	  1.33	农药化肥	湖南	 2.70	9.21	40904	29685	  1.38	677	185	--  	      25557.66	
="600086"	东方金钰	-0.12	24.08	-0.03	24.07	24.08	15084	53	          0.04	          0.43	24.19	24.19	23.85	24.11	    74.47	36212736	  0.37	服饰	湖北	 1.41	24.01	8822	6262	  1.41	7	87	--  	      35228.17	
="000089"	深圳机场	-0.19	5.20	-0.01	5.19	5.20	94834	924	         -0.38	          0.56	5.18	5.30	5.14	5.21	    34.39	49352404	  0.59	机场	深圳	 3.07	5.20	52733	42101	  1.25	193	578	--  	     169169.27	
="600378"	天科股份	-0.27	14.91	-0.04	14.75	14.97	17768	29	          1.49	          0.60	14.75	15.00	14.54	14.95	    65.83	26139556	  0.43	化工原料	四川	 3.08	14.71	10133	7635	  1.33	4	50	--  	      29719.33	
="300019"	硅宝科技	-0.28	17.81	-0.05	17.81	17.94	12324	1130	         -0.72	          1.15	18.27	18.27	17.67	17.86	    36.93	22010234	  0.55	化工原料	四川	 3.36	17.86	7541	4783	  1.58	494	270	--  	      10745.41	
="600165"	新日恒力	-0.30	10.07	-0.03	10.06	10.07	36584	12	         -0.09	          1.89	10.10	10.16	9.91	10.10	--  	36658920	  0.57	钢加工	宁夏	 2.48	10.02	21582	15002	  1.44	118	140	--  	      19395.34	
="600238"	海南椰岛	-0.32	9.49	-0.03	9.47	9.48	67800	12	          0.21	          1.53	9.53	9.64	9.45	9.52	    76.06	64605732	  0.51	红黄药酒	海南	 2.00	9.53	37768	30032	  1.26	439	19	--  	      44203.16	
="600082"	海泰发展	-0.32	6.32	-0.02	6.31	6.33	126940	62	          0.15	          2.01	6.25	6.42	6.20	6.34	    55.90	80186488	  0.53	园区开发	天津	 3.47	6.32	70988	55952	  1.27	139	15	--  	      62998.89	
="000966"	长源电力	-0.32	9.35	-0.03	9.34	9.35	48266	371	          0.10	          0.87	9.30	9.41	9.27	9.38	     6.25	45085588	  0.47	火力发电	湖北	 1.49	9.34	25527	22739	  1.12	133	356	--  	      55414.19	
="300138"	晨光生物	-0.34	11.63	-0.04	11.62	11.63	19837	192	          0.00	          1.57	11.65	11.89	11.39	11.67	   122.34	23111628	  0.52	食品	河北	 4.28	11.65	9779	10058	  0.97	40	103	--  	      12608.41	
="000897"	津滨发展	-0.46	6.52	-0.03	6.52	6.53	434962	4220	         -0.30	          2.69	6.44	6.66	6.41	6.55	   348.34	285366080	  0.52	区域地产	天津	 3.82	6.56	227250	207712	  1.09	556	4152	--  	     161708.06	
="600676"	交运股份	-0.46	8.68	-0.04	8.67	8.68	235069	5	          0.23	          3.01	8.64	8.94	8.50	8.72	    23.53	204451520	  0.57	汽车配件	上海	 5.05	8.70	128174	106895	  1.20	27	168	--  	      78214.10	
="000750"	国海证券	-0.63	11.08	-0.07	11.07	11.08	711607	8259	         -0.09	          3.53	10.97	11.19	10.77	11.15	    41.25	780872192	  0.48	证券	广西	 3.77	10.97	375312	336295	  1.12	722	1820	--  	     201821.09	
="600795"	国电电力	-0.69	2.89	-0.02	2.88	2.89	1208603	75	          0.34	          0.79	2.89	2.91	2.85	2.91	     7.30	348872800	  0.39	火力发电	辽宁	 2.06	2.89	620270	588333	  1.05	11574	48628	--  	    1539514.88	
="000672"	上峰水泥	-0.78	7.61	-0.06	7.61	7.62	53635	968	          0.00	          2.55	7.59	7.70	7.46	7.67	    15.40	40752712	  0.62	水泥	甘肃	 3.13	7.60	30785	22850	  1.35	68	812	--  	      21069.01	
="601313"	江南嘉捷	-0.91	10.90	-0.10	10.88	10.94	35563	200	          0.09	          1.32	11.04	11.05	10.53	11.00	    20.07	38600792	  0.81	运输设备	江苏	 4.73	10.85	23329	12234	  1.91	51	77	--  	      26852.53	
="600223"	鲁商置业	-0.99	5.02	-0.05	5.01	5.02	71173	123	          0.39	          0.71	5.08	5.08	4.95	5.07	    30.43	35672256	  0.56	区域地产	山东	 2.56	5.01	46767	24406	  1.92	2768	515	--  	     100096.79	
="601111"	中国国航	-0.99	4.98	-0.05	4.98	4.99	895895	25	         -0.20	          1.08	5.18	5.22	4.94	5.03	    15.48	451716832	  0.87	空运	北京	 5.57	5.04	486911	408984	  1.19	191	2331	--  	     832927.13	
="601369"	陕鼓动力	-0.99	6.97	-0.07	6.94	6.95	129525	10	         -0.28	          0.79	7.00	7.13	6.93	7.04	    29.10	90916192	  0.51	机械基件	陕西	 2.84	7.02	87160	42365	  2.06	1120	134	--  	     163877.02	
="000024"	招商地产	-1.03	13.47	-0.14	13.47	13.48	334606	7627	          0.29	          3.26	13.56	13.65	13.30	13.61	    11.61	450609472	  0.55	全国地产	深圳	 2.57	13.47	168577	166029	  1.02	517	104	--  	     102629.85	
="601107"	四川成渝	-1.09	3.64	-0.04	3.63	3.64	97732	90	          0.00	          0.45	3.65	3.67	3.59	3.68	     9.80	35459188	  0.50	路桥	四川	 2.17	3.63	45671	52061	  0.88	879	620	--  	     216274.00	
="600162"	香江控股	-1.10	6.31	-0.07	6.29	6.30	327724	20	          0.47	          4.27	6.30	6.40	6.16	6.38	    14.78	206427424	  0.65	全国地产	深圳	 3.76	6.30	177995	149729	  1.19	588	573	--  	      76781.27	
="600120"	浙江东方	-1.14	16.55	-0.19	16.53	16.55	160865	102	          0.30	          3.18	16.66	16.90	16.40	16.74	    15.46	267158752	  0.65	商贸代理	浙江	 2.99	16.61	91592	69273	  1.32	141	20	--  	      50547.33	
="600875"	东方电气	-1.19	15.75	-0.19	15.75	15.76	231140	16	         -0.25	          1.39	15.75	16.12	15.55	15.94	    21.73	365677312	  0.44	电气设备	四川	 3.58	15.82	123503	107637	  1.15	182	1456	--  	     166386.00	
="600673"	东阳光科	-1.25	15.86	-0.20	15.84	15.85	100307	6	         -0.12	          1.22	16.05	16.12	15.73	16.06	   100.80	159257760	  0.46	铝	广东	 2.43	15.88	57375	42932	  1.34	39	112	--  	      82261.22	
="600020"	中原高速	-1.25	3.16	-0.04	3.15	3.16	110094	783	          0.31	          0.49	3.18	3.19	3.12	3.20	    10.01	34661752	  0.44	路桥	河南	 2.19	3.15	53266	56828	  0.94	315	1500	--  	     224737.19	
="600269"	赣粤高速	-1.25	3.94	-0.05	3.93	3.94	248913	10	          0.25	          1.07	3.97	3.97	3.90	3.99	    11.29	97793832	  0.49	路桥	江西	 1.75	3.93	129072	119841	  1.08	1355	171	--  	     233540.70	
="600999"	招商证券	-1.31	13.59	-0.18	13.58	13.59	754006	37	          0.00	          1.62	13.58	13.79	13.37	13.77	    23.37	1022557184	  0.71	证券	深圳	 3.05	13.56	351291	402715	  0.87	2531	490	--  	     466109.97	
="002508"	老板电器	-1.32	33.55	-0.45	33.55	33.59	19558	123	         -0.14	          0.63	33.62	34.29	32.97	34.00	    23.28	65461812	  0.90	家用电器	浙江	 3.88	33.47	11201	8357	  1.34	76	12	--  	      31175.00	
="002302"	西部建设	-1.33	14.06	-0.19	14.05	14.06	48018	421	          0.35	          1.77	14.23	14.23	13.80	14.25	    31.91	67038840	  0.32	水泥	新疆	 3.02	13.96	25973	22045	  1.18	210	110	--  	      27091.33	
="600985"	雷鸣科化	-1.35	16.12	-0.22	16.11	16.12	9006	10	          0.06	          0.69	16.25	16.39	16.06	16.34	    23.26	14566279	  0.47	化工原料	安徽	 2.02	16.17	5354	3652	  1.47	36	8	--  	      12960.00	
="600483"	福能股份	-1.36	10.12	-0.14	10.12	10.13	59390	20	         -0.19	          2.06	10.30	10.30	9.91	10.26	    17.75	59733804	  0.35	火力发电	福建	 3.80	10.06	27831	31559	  0.88	3	222	--  	      28848.36	
="002563"	森马服饰	-1.39	36.98	-0.52	36.97	36.98	8846	250	          0.13	          1.26	37.11	37.43	36.74	37.50	    27.68	32613978	  0.61	服饰	浙江	 1.84	36.87	4850	3996	  1.21	5	40	--  	       7000.00	
="601901"	方正证券	-1.39	7.11	-0.10	7.10	7.11	2089206	94	          0.00	          3.42	7.10	7.21	6.96	7.21	    29.62	1480132352	  0.51	证券	湖南	 3.47	7.08	1038442	1050764	  0.99	4646	221	--  	     610000.00	
="601669"	中国电建	-1.46	4.04	-0.06	4.04	4.05	1065575	101	          0.00	          3.23	4.06	4.08	4.00	4.10	     8.75	429267328	  0.40	建筑施工	北京	 1.95	4.03	531232	534343	  0.99	5407	20768	--  	     330000.00	
="002142"	宁波银行	-1.49	11.27	-0.17	11.26	11.27	295483	3845	          0.17	          1.03	11.42	11.42	11.06	11.44	     5.99	331418976	  0.45	银行	浙江	 3.15	11.22	172617	122866	  1.40	249	1354	--  	     287241.59	
="600125"	铁龙物流	-1.49	7.27	-0.11	7.25	7.26	260263	50	          0.27	          1.99	7.30	7.38	7.15	7.38	    26.81	188718912	  0.70	铁路	辽宁	 3.12	7.25	139347	120916	  1.15	1028	99	--  	     130552.18	
="600221"	海南航空	-1.52	2.60	-0.04	2.60	2.61	3564847	345	          0.38	          3.02	2.69	2.72	2.57	2.64	    12.58	939163904	  0.76	空运	海南	 5.68	2.63	1729904	1834943	  0.94	3088	36689	--  	    1181206.38	
="000543"	皖能电力	-1.54	8.33	-0.13	8.32	8.33	200484	700	         -0.11	          1.96	8.45	8.48	8.17	8.46	     9.27	165847088	  0.86	火力发电	安徽	 3.66	8.27	125355	75129	  1.67	75	136	--  	     102515.75	
="601998"	中信银行	-1.55	5.07	-0.08	5.06	5.07	794127	133	         -0.19	          0.25	5.15	5.15	4.98	5.15	     5.51	401027424	  0.42	银行	北京	 3.30	5.05	418237	375890	  1.11	894	378	--  	    3190516.50	
="000605"	渤海股份	-1.66	17.80	-0.30	17.71	17.80	29585	889	          0.00	          3.35	18.09	18.09	17.19	18.10	    88.50	52240336	  0.93	水务	北京	 4.97	17.66	16600	12985	  1.28	2	1026	--  	       8842.98	
="300083"	劲胜精密	-1.66	23.10	-0.39	23.09	23.10	27552	67	         -0.04	          3.14	23.46	23.47	22.86	23.49	   112.47	63504640	  0.88	元器件	广东	 2.60	23.05	15115	12437	  1.22	63	135	--  	       8787.37	
="000623"	吉林敖东	-1.75	22.50	-0.40	22.48	22.50	233847	3499	          0.04	          2.96	22.70	22.95	22.20	22.90	    16.51	527293952	  0.68	中成药	吉林	 3.28	22.55	122117	111730	  1.09	39	281	--  	      78904.07	
="600532"	宏达矿业	-1.86	10.55	-0.20	10.55	10.56	76524	9	          0.00	          4.63	10.63	10.90	10.36	10.75	    26.80	81435800	  1.16	普钢	山东	 5.02	10.64	51218	25306	  2.02	101	5	--  	      16510.25	
="600481"	双良节能	-1.87	11.05	-0.21	11.05	11.06	145817	5	          0.00	          1.80	11.11	11.26	10.98	11.26	    28.13	161590816	  0.76	化工原料	江苏	 2.49	11.08	82238	63579	  1.29	346	145	--  	      81010.45	
="600033"	福建高速	-1.88	3.13	-0.06	3.12	3.13	381534	10	          0.00	          1.39	3.15	3.15	3.08	3.19	    12.90	118698640	  0.62	路桥	福建	 2.19	3.11	248417	133117	  1.87	3485	3590	--  	     274440.00	
="002162"	斯米克	-1.91	8.74	-0.17	8.74	8.75	113491	1407	         -0.34	          2.72	8.91	9.13	8.61	8.91	   376.85	100130520	  0.53	陶瓷	上海	 5.84	8.82	65389	48102	  1.36	151	17	--  	      41800.00	
="000926"	福星股份	-2.04	8.16	-0.17	8.15	8.16	223503	1071	          0.12	          4.23	8.26	8.28	8.07	8.33	     7.52	182259488	  0.97	区域地产	湖北	 2.52	8.15	134470	89033	  1.51	368	1379	--  	      52853.94	
="600897"	厦门空港	-2.05	20.59	-0.43	20.59	20.60	31387	60	          0.19	          1.05	20.71	20.85	20.27	21.02	    12.72	64598120	  0.55	机场	福建	 2.76	20.58	18968	12419	  1.53	442	229	--  	      29781.00	
="600635"	大众公用	-2.07	6.15	-0.13	6.15	6.16	343159	43	          0.00	          2.09	6.23	6.36	6.09	6.28	    37.61	212896976	  0.77	供气供热	上海	 4.30	6.20	202567	140592	  1.44	47	655	--  	     164486.98	
="000816"	江淮动力	-2.16	6.81	-0.15	6.80	6.81	217995	1720	          0.00	          2.00	6.88	7.00	6.72	6.96	   172.01	149618224	  0.65	机械基件	江苏	 4.02	6.86	136251	81744	  1.67	779	262	--  	     108877.75	
="002676"	顺威股份	-2.16	17.20	-0.38	17.18	17.20	16566	69	          0.11	          3.87	17.42	17.66	16.99	17.58	    52.40	28564594	  0.63	塑料	广东	 3.81	17.24	9499	7067	  1.34	120	228	--  	       4275.22	
="600005"	武钢股份	-2.17	2.71	-0.06	2.70	2.71	1009440	89	          0.00	          1.00	2.74	2.77	2.68	2.77	    26.63	274097024	  0.82	普钢	湖北	 3.25	2.72	510662	498778	  1.02	15605	13513	--  	    1009378.00	
="600098"	广州发展	-2.19	6.24	-0.14	6.24	6.25	196791	176	         -0.16	          0.81	6.30	6.38	6.14	6.38	    12.65	122407712	  0.57	火力发电	广东	 3.76	6.22	103768	93023	  1.12	64	297	--  	     243737.45	
="300289"	利德曼	-2.23	31.63	-0.72	31.63	31.66	19892	135	          0.28	          3.57	32.38	32.63	31.20	32.35	    56.69	63034284	  1.05	生物制药	北京	 4.42	31.69	13444	6448	  2.08	16	4	--  	       5572.68	
="000528"	柳    工	-2.31	8.03	-0.19	8.03	8.04	254639	4762	         -0.12	          2.26	8.20	8.21	7.94	8.22	    37.77	204847328	  0.45	工程机械	广西	 3.28	8.04	150367	104272	  1.44	1011	1549	--  	     112508.84	
="002470"	金正大	-2.38	25.84	-0.63	25.84	25.88	50545	352	         -0.15	          0.85	26.40	26.94	25.60	26.47	    16.65	132601928	  0.94	农药化肥	山东	 5.06	26.23	29712	20833	  1.43	15	25	--  	      59254.00	
="600881"	亚泰集团	-2.39	5.72	-0.14	5.72	5.73	335991	5	         -0.34	          1.77	5.77	5.87	5.68	5.86	    50.65	192875936	  0.62	水泥	吉林	 3.24	5.74	194098	141893	  1.37	217	146	--  	     189473.20	
="600291"	西水股份	-2.45	13.53	-0.34	13.53	13.54	64852	43	          0.00	          1.69	13.70	13.84	13.32	13.87	    16.97	87326168	  0.61	水泥	内蒙	 3.75	13.47	36830	28022	  1.31	116	7	--  	      38400.00	
="600078"	澄星股份	-2.48	9.05	-0.23	9.05	9.06	69073	294	         -0.44	          1.04	9.30	9.36	9.05	9.28	   167.01	63091872	  0.44	化工原料	江苏	 3.34	9.13	44630	24443	  1.83	391	115	--  	      66257.28	
="600720"	祁连山	-2.70	8.29	-0.23	8.29	8.30	286685	160	          0.00	          3.69	8.51	8.51	8.21	8.52	     7.60	238477664	  0.55	水泥	甘肃	 3.52	8.32	165736	120949	  1.37	76	2714	--  	      77616.27	
="601009"	南京银行	-2.71	10.76	-0.30	10.74	10.75	800819	60	          0.18	          2.70	11.02	11.02	10.58	11.06	     5.76	859679744	  0.70	银行	江苏	 3.98	10.73	438878	361941	  1.21	879	903	--  	     296893.31	
="000898"	鞍钢股份	-2.76	4.22	-0.12	4.21	4.22	582533	6792	          0.00	          0.95	4.29	4.31	4.18	4.34	    24.81	246866752	  0.61	普钢	辽宁	 3.00	4.24	337775	244758	  1.38	6320	4517	--  	     614893.63	
="601919"	中国远洋	-2.85	4.78	-0.14	4.77	4.78	513538	63	          0.00	          0.67	4.92	4.98	4.70	4.92	--  	247243040	  0.51	水运	天津	 5.69	4.81	248608	264930	  0.94	7525	4642	--  	     763567.44	
="601788"	光大证券	-2.86	12.90	-0.38	12.90	12.93	614659	854	          0.00	          1.80	13.06	13.19	12.66	13.28	    36.80	795028992	  0.54	证券	上海	 3.99	12.93	369723	244936	  1.51	3	334	--  	     341800.00	
="000563"	陕国投Ａ	-2.87	8.80	-0.26	8.79	8.80	285351	2139	         -0.22	          3.79	8.85	8.93	8.68	9.06	    32.83	250763760	  0.63	多元金融	陕西	 2.76	8.79	157235	128116	  1.23	1959	642	--  	      75266.72	
="600029"	南方航空	-2.93	3.64	-0.11	3.64	3.65	1262033	571	         -0.27	          1.80	3.88	3.94	3.62	3.75	    21.34	472495744	  0.99	空运	广东	 8.53	3.74	629276	632757	  0.99	978	2290	--  	     702265.00	
="600160"	巨化股份	-3.05	6.68	-0.21	6.66	6.68	365824	17	         -0.14	          2.02	6.88	6.88	6.65	6.89	    77.95	245411808	  0.49	化工原料	浙江	 3.34	6.71	203062	162762	  1.25	7110	984	--  	     181091.59	
="002700"	新疆浩源	-3.18	24.03	-0.79	24.03	24.05	50636	495	          0.08	          5.29	24.67	24.67	23.90	24.82	    54.04	122991792	  0.56	供气供热	新疆	 3.10	24.29	30416	20220	  1.50	212	33	--  	       9564.16	
="600655"	豫园商城	-3.19	10.91	-0.36	10.92	10.93	313358	258	          0.18	          2.18	11.21	11.49	10.84	11.27	    20.15	348657824	  0.77	百货	上海	 5.77	11.13	175600	137758	  1.27	251	406	--  	     143732.20	
="000877"	天山股份	-3.25	7.75	-0.26	7.75	7.76	298225	2693	          0.00	          3.39	8.01	8.01	7.62	8.01	    16.65	231510032	  0.51	水泥	新疆	 4.87	7.76	162725	135500	  1.20	1942	3335	--  	      88001.99	
="600811"	东方集团	-3.39	7.41	-0.26	7.41	7.42	563140	50	         -0.13	          3.38	7.60	7.71	7.33	7.67	     8.21	420609120	  0.74	综合类	黑龙江	 4.95	7.47	334628	228512	  1.46	595	2410	--  	     166680.53	
="002051"	中工国际	-3.40	24.46	-0.86	24.46	24.47	131995	1420	          0.24	          1.73	25.00	25.00	23.70	25.32	    20.09	319821920	  0.52	建筑施工	北京	 5.13	24.23	68068	63927	  1.06	61	114	--  	      76414.59	
="002673"	西部证券	-3.56	16.82	-0.62	16.81	16.82	220392	2527	         -0.29	          3.21	17.12	17.33	16.65	17.44	    35.97	372917504	  0.52	证券	陕西	 3.90	16.92	117042	103350	  1.13	237	535	--  	      68761.11	
="000088"	盐 田 港	-3.58	7.80	-0.29	7.80	7.81	274063	3344	         -0.76	          1.41	8.02	8.07	7.70	8.09	    32.93	215697120	  0.47	港口	深圳	 4.57	7.87	160475	113588	  1.41	1924	246	--  	     194212.78	
="000902"	新洋丰	-3.61	13.63	-0.51	13.62	13.63	63616	455	          0.07	          2.47	14.06	14.06	13.60	14.14	    14.30	87336200	  1.14	农药化肥	湖北	 3.25	13.73	39274	24342	  1.61	662	461	--  	      25800.00	
="000717"	韶钢松山	-3.83	2.76	-0.11	2.76	2.77	337435	6361	         -0.71	          2.99	2.83	2.85	2.75	2.87	--  	94052920	  0.40	钢加工	广东	 3.48	2.79	158143	179292	  0.88	11148	6104	--  	     112803.64	
="600970"	中材国际	-4.12	10.25	-0.44	10.24	10.25	473474	1	          0.00	          4.33	10.67	10.67	10.07	10.69	    17.02	484090816	  0.52	建筑施工	江苏	 5.61	10.22	277380	196094	  1.41	83	675	--  	     109329.72	
="600058"	五矿发展	-4.29	14.27	-0.64	14.26	14.27	301530	10	         -0.07	          2.81	14.72	14.84	14.10	14.91	    64.93	435122336	  0.73	商贸代理	北京	 4.96	14.43	181264	120266	  1.51	513	221	--  	     107191.07	
="000507"	珠海港	-4.37	6.78	-0.31	6.78	6.79	593995	11844	          0.00	          7.69	7.00	7.03	6.73	7.09	--  	406612160	  0.75	港口	广东	 4.23	6.85	339663	254332	  1.34	8455	1859	--  	      77214.38	
="600295"	鄂尔多斯	-4.56	8.80	-0.42	8.79	8.80	112863	92	         -0.22	          1.84	9.11	9.11	8.72	9.22	    25.72	99737472	  0.82	服饰	内蒙	 4.23	8.84	61671	51192	  1.20	1185	56	--  	      61200.00	
="002027"	七喜控股	-4.66	9.61	-0.47	9.61	9.62	98783	2406	          0.20	          4.85	10.00	10.06	9.51	10.08	  2123.03	96244680	  0.70	电脑设备	广东	 5.46	9.74	60665	38118	  1.59	362	180	--  	      20348.88	
="600354"	敦煌种业	-4.71	8.10	-0.40	8.10	8.11	278232	24	         -0.36	          6.21	8.36	8.45	8.07	8.50	--  	228672352	  0.96	种植业	甘肃	 4.47	8.22	171610	106622	  1.61	153	316	--  	      44780.21	
="000900"	现代投资	-4.84	6.29	-0.32	6.29	6.30	290291	2383	          0.00	          2.87	6.60	6.60	6.25	6.61	    16.36	184343520	  0.77	路桥	湖南	 5.30	6.35	185374	104917	  1.77	2903	636	--  	     101128.75	
数据来源:通达信
