代码	名称	涨幅%%	现价	涨跌	买价	卖价	总量	现量	涨速%%	换手%%	今开	最高	最低	昨收	市盈(动)	总金额	量比	细分行业	地区	振幅%%	均价	内盘	外盘	内外比	买量	卖量	未匹配量	流通股本	
="600853"	龙建股份	10.12	4.57	0.42	4.57	--  	506019	10	          0.00	          9.43	4.15	4.57	4.09	4.15	   136.25	223105344	  4.59	建筑施工	黑龙江	11.57	4.41	202685	303334	  0.67	50350	0	--  	      53680.76	
="000717"	韶钢松山	10.11	2.94	0.27	2.94	--  	503618	590	          0.00	          4.46	2.89	2.94	2.80	2.67	--  	145799216	  0.91	钢加工	广东	 5.24	2.90	313538	190080	  1.65	271823	0	--  	     112803.64	
="601800"	中国交建	10.05	6.13	0.56	6.13	--  	2814600	4	          0.00	         20.85	5.82	6.13	5.62	5.57	     7.62	1671919104	  1.89	建筑施工	北京	 9.16	5.94	1503711	1310889	  1.15	300640	0	--  	     134973.55	
="000680"	山推股份	10.02	4.61	0.42	4.61	--  	1068116	2915	          0.00	         11.19	4.33	4.61	4.32	4.19	   112.66	484903840	  3.73	工程机械	山东	 6.92	4.54	629103	439013	  1.43	141084	0	--  	      95481.35	
="000928"	中钢国际	10.02	12.30	1.12	12.30	--  	140064	99	          0.00	          4.95	11.27	12.30	11.26	11.18	    65.56	167645872	  2.75	建筑施工	吉林	 9.30	11.97	61156	78908	  0.78	19124	0	--  	      28289.90	
="600710"	常林股份	10.00	4.95	0.45	4.95	--  	696315	37	          0.00	         10.88	4.66	4.95	4.55	4.50	--  	339303456	  5.69	工程机械	江苏	 8.89	4.87	395117	301198	  1.31	32090	0	--  	      64028.39	
="002483"	润邦股份	9.98	13.44	1.22	13.44	--  	45610	113	          0.00	          1.27	13.44	13.44	13.44	12.22	    40.53	61300740	  0.79	工程机械	江苏	 0.00	13.44	44202	1408	 31.39	89295	0	--  	      36000.00	
="601028"	玉龙股份	9.97	17.21	1.56	17.21	17.22	93631	517	         -0.05	          9.63	15.41	17.22	15.36	15.65	    47.87	152855136	  2.13	钢加工	江苏	11.88	16.33	46106	47525	  0.97	396	208	--  	       9722.50	
="000528"	柳    工	9.96	8.17	0.74	8.17	--  	523858	1175	          0.00	          4.66	7.60	8.17	7.60	7.43	    38.43	418952736	  1.81	工程机械	广西	 7.67	8.00	336553	187305	  1.80	162099	0	--  	     112508.84	
="600896"	中海海盛	9.92	5.65	0.51	5.65	--  	496155	13	          0.00	          8.54	5.30	5.65	5.21	5.14	--  	271458176	  2.42	水运	海南	 8.56	5.47	247651	248504	  1.00	87068	0	--  	      58131.57	
="600320"	振华重工	9.92	5.43	0.49	5.43	--  	379508	100	          0.00	          1.37	5.43	5.43	5.43	4.94	   221.98	206073040	  0.95	工程机械	上海	 0.00	5.43	335182	44326	  7.56	540336	0	--  	     276833.13	
="600068"	葛洲坝	9.63	5.35	0.47	5.35	5.36	2970010	71	         -0.18	          8.52	4.93	5.37	4.88	4.88	    10.60	1555569280	  4.66	建筑施工	湖北	10.04	5.24	1419487	1550523	  0.92	2882	19827	--  	     348745.91	
="601919"	中国远洋	8.63	4.91	0.39	4.91	4.92	2384571	811	         -0.60	          3.12	4.49	4.96	4.44	4.52	--  	1118852992	  2.23	水运	天津	11.50	4.69	1055146	1329425	  0.79	889	1555	--  	     763567.44	
="600359"	新农开发	7.39	10.75	0.74	10.75	10.76	175945	80	          0.18	          5.48	10.00	10.85	9.81	10.01	--  	181787616	  2.08	农业综合	新疆	10.39	10.33	71273	104672	  0.68	615	178	--  	      32100.00	
="601179"	中国西电	6.57	5.35	0.33	5.36	5.37	1151680	8	          0.56	          2.64	5.03	5.37	4.96	5.02	    31.89	599074496	  1.72	电气设备	陕西	 8.17	5.20	533352	618328	  0.86	1126	3859	--  	     435700.00	
="002109"	兴化股份	6.19	6.86	0.40	6.86	6.87	368425	4627	          0.00	         10.28	6.42	6.95	6.37	6.46	--  	246932816	  4.16	化工原料	陕西	 8.98	6.70	165339	203086	  0.81	48810	2990	--  	      35840.00	
="000981"	银亿股份	5.68	11.91	0.64	11.91	11.92	56637	764	          0.16	          0.66	11.27	12.19	11.24	11.27	    21.82	66749936	  1.56	区域地产	甘肃	 8.43	11.79	26877	29760	  0.90	10	3	--  	      85810.52	
="600841"	上柴股份	5.46	11.78	0.61	11.78	11.79	115111	4	         -0.25	          2.34	11.26	11.93	11.21	11.17	    62.70	134502352	  3.09	机械基件	上海	 6.45	11.68	48297	66814	  0.72	21	463	--  	      49217.48	
="002637"	赞宇科技	4.88	20.40	0.95	20.39	20.40	96897	647	         -0.09	         10.04	19.40	21.15	19.31	19.45	    63.97	197117664	  2.75	日用化工	浙江	 9.46	20.34	44161	52736	  0.84	30	232	--  	       9650.91	
="000570"	苏常柴Ａ	4.86	9.49	0.44	9.48	9.49	173402	1426	          0.21	          4.22	9.10	9.57	9.10	9.05	    78.28	163174784	  2.87	农用机械	江苏	 5.19	9.41	79467	93935	  0.85	1063	496	--  	      41137.42	
="600160"	巨化股份	4.81	6.76	0.31	6.75	6.76	794392	35	          0.00	          4.39	6.46	6.84	6.43	6.45	    78.88	529684000	  2.23	化工原料	浙江	 6.36	6.67	348332	446060	  0.78	119	3633	--  	     181091.59	
="000668"	荣丰控股	4.65	14.19	0.63	14.18	14.19	35598	682	          0.49	          2.43	13.58	14.19	13.42	13.56	--  	49640480	  0.66	区域地产	上海	 5.68	13.94	16489	19109	  0.86	297	236	--  	      14668.41	
="600302"	标准股份	4.31	6.77	0.28	6.75	6.78	90226	200	          0.00	          2.61	6.55	6.84	6.49	6.49	--  	60169388	  1.78	纺织机械	陕西	 5.39	6.67	38523	51703	  0.75	40	27	--  	      34600.98	
="600867"	通化东宝	4.22	17.29	0.70	17.28	17.30	227526	10	          0.29	          2.22	16.51	17.35	16.36	16.59	    60.90	386214528	  1.10	生物制药	吉林	 5.97	16.97	101657	125869	  0.81	126	2610	--  	     102460.04	
="600098"	广州发展	4.15	6.02	0.24	6.01	6.02	368022	1	          0.33	          1.51	5.78	6.18	5.75	5.78	    12.20	219570480	  1.81	火力发电	广东	 7.44	5.97	170176	197846	  0.86	550	281	--  	     243737.45	
="001896"	豫能控股	3.85	9.17	0.34	9.16	9.17	62848	1312	         -0.10	          1.46	8.83	9.19	8.71	8.83	    14.10	56364736	  1.15	火力发电	河南	 5.44	8.97	27024	35824	  0.75	385	155	--  	      42999.25	
="601996"	丰林集团	3.59	9.23	0.32	9.24	9.26	188133	265	          0.76	          4.01	8.93	9.32	8.80	8.91	    46.20	171277872	  1.84	林业	广西	 5.84	9.10	82638	105495	  0.78	4217	797	--  	      46891.19	
="000752"	西藏发展	3.57	14.50	0.50	14.49	14.50	192435	2086	         -0.06	          7.30	13.95	14.58	13.91	14.00	   211.42	273401088	  1.34	啤酒	西藏	 4.79	14.21	80967	111468	  0.73	1528	1510	--  	      26375.01	
="601113"	华鼎股份	3.48	5.95	0.20	5.94	5.95	120845	110	          0.67	          1.89	5.72	5.95	5.71	5.75	  1525.64	70486808	  1.43	化纤	浙江	 4.17	5.83	51428	69417	  0.74	1440	824	--  	      64000.00	
="300099"	尤洛卡	3.46	15.26	0.51	15.25	15.26	68210	772	          0.39	          6.29	14.69	15.42	14.48	14.75	   192.25	102941392	  1.47	电器仪表	山东	 6.37	15.09	31300	36910	  0.85	11	45	--  	      10838.75	
="002673"	西部证券	3.27	16.13	0.51	16.13	16.14	432185	4151	          0.00	          6.29	15.51	16.35	15.46	15.62	    34.50	692860800	  1.06	证券	陕西	 5.70	16.03	184672	247513	  0.75	600	1680	--  	      68761.11	
="002478"	常宝股份	3.25	13.03	0.41	13.02	13.03	95082	1145	          0.61	          3.64	12.76	13.17	12.59	12.62	    20.84	122375152	  2.83	普钢	江苏	 4.60	12.87	40801	54281	  0.75	118	11	--  	      26154.86	
="600506"	香梨股份	3.05	13.50	0.40	13.49	13.50	64499	35	          0.74	          4.37	13.09	13.54	12.94	13.10	--  	85331488	  1.61	种植业	新疆	 4.58	13.23	25651	38848	  0.66	100	11	--  	      14770.69	
="601369"	陕鼓动力	3.05	7.10	0.21	7.09	7.10	299755	20	          0.28	          1.83	6.91	7.10	6.87	6.89	    29.64	210846992	  2.25	机械基件	陕西	 3.34	7.03	124593	175162	  0.71	435	2012	--  	     163877.02	
="002703"	浙江世宝	2.99	26.49	0.77	26.48	26.49	17713	356	         -0.03	         11.81	25.72	26.75	25.57	25.72	   149.62	46461704	  1.94	汽车配件	浙江	 4.59	26.23	8388	9325	  0.90	7	101	--  	       1500.00	
="002243"	通产丽星	2.99	8.96	0.26	8.96	8.97	67951	405	          0.00	          2.19	8.70	9.15	8.70	8.70	--  	60825448	  1.35	塑料	深圳	 5.17	8.95	29399	38552	  0.76	1058	108	--  	      30990.90	
="600221"	海南航空	2.78	2.59	0.07	2.59	2.60	10009488	474	          0.77	          8.47	2.53	2.66	2.50	2.52	    12.53	2578827520	  1.65	空运	海南	 6.35	2.58	4122408	5887080	  0.70	5386	58627	--  	    1181206.38	
="600095"	哈高科	2.73	7.14	0.19	7.13	7.14	115017	4	          0.00	          3.18	6.94	7.21	6.91	6.95	   244.72	81588128	  1.77	食品	黑龙江	 4.32	7.09	48439	66578	  0.73	208	327	--  	      36126.35	
="601908"	京运通	2.70	11.80	0.31	11.80	11.81	114546	20	          0.34	          4.03	11.44	11.85	11.22	11.49	    60.21	132361784	  0.67	半导体	北京	 5.48	11.56	52659	61887	  0.85	94	68	--  	      28451.52	
="600029"	南方航空	2.67	3.46	0.09	3.46	3.47	2144019	392	          0.00	          3.05	3.38	3.61	3.31	3.37	    20.28	746481216	  1.49	空运	广东	 8.90	3.48	1023899	1120120	  0.91	2658	8629	--  	     702265.00	
="002208"	合肥城建	2.66	9.27	0.24	9.27	9.29	77386	203	         -0.21	          2.44	9.04	9.43	8.95	9.03	    39.90	71488296	  2.07	区域地产	安徽	 5.32	9.24	27045	50341	  0.54	195	154	--  	      31671.60	
="600609"	金杯汽车	2.66	4.25	0.11	4.26	4.27	286403	10	          0.71	          2.62	4.14	4.28	4.12	4.14	--  	120232664	  1.36	汽车整车	辽宁	 3.86	4.20	122857	163546	  0.75	1	3087	--  	     109266.71	
="000553"	沙隆达Ａ	2.62	14.12	0.36	14.11	14.12	129476	2038	          0.00	          3.56	13.71	14.17	13.65	13.76	    14.67	180154096	  1.27	农药化肥	湖北	 3.78	13.91	58786	70690	  0.83	321	715	--  	      36389.37	
="600127"	金健米业	2.57	5.98	0.15	5.97	5.98	209958	30	          0.00	          3.86	5.83	6.11	5.75	5.83	--  	124658248	  1.72	农业综合	湖南	 6.17	5.94	101921	108037	  0.94	458	13	--  	      54445.96	
="600321"	国栋建设	2.50	3.28	0.08	3.28	3.29	803266	302	          0.30	          6.80	3.19	3.30	3.15	3.20	   331.20	259792000	  1.72	其他建材	四川	 4.69	3.23	372559	430707	  0.86	220	7927	--  	     118088.00	
="600012"	皖通高速	2.45	5.43	0.13	5.43	5.44	201473	106	          0.00	          1.73	5.30	5.47	5.27	5.30	    10.08	108955904	  1.52	路桥	安徽	 3.77	5.41	72837	128636	  0.57	251	222	--  	     116560.00	
="000301"	东方市场	2.42	4.23	0.10	4.23	4.24	350764	2036	          0.23	          2.88	4.14	4.26	4.11	4.13	    24.77	147017792	  1.61	综合类	江苏	 3.63	4.19	141145	209619	  0.67	4345	5875	--  	     121823.64	
="002688"	金河生物	2.41	18.24	0.43	18.23	18.24	230911	2189	          0.00	         21.28	19.48	19.48	17.95	17.81	    47.98	432283168	  3.51	化学制药	内蒙	 8.59	18.72	123884	107027	  1.16	568	18	--  	      10849.66	
="600125"	铁龙物流	2.36	7.82	0.18	7.82	7.83	431629	8	          0.38	          3.31	7.74	7.83	7.52	7.64	    28.84	331571904	  0.90	铁路	辽宁	 4.06	7.68	197218	234411	  0.84	559	301	--  	     130552.18	
="002086"	东方海洋	2.33	11.44	0.26	11.43	11.44	129878	1206	          0.26	          5.46	11.05	11.47	11.05	11.18	    55.90	147027984	  1.49	渔业	山东	 3.76	11.32	63150	66728	  0.95	1002	950	--  	      23780.85	
="600798"	宁波海运	2.29	5.35	0.12	5.35	5.36	545413	25	          0.37	          6.26	5.16	5.60	5.12	5.23	--  	293567104	  1.78	水运	浙江	 9.18	5.38	270077	275336	  0.98	586	89	--  	      87117.45	
="002547"	春兴精工	2.22	16.58	0.36	16.57	16.58	102571	1241	          0.06	          7.13	16.30	16.60	16.00	16.22	    46.13	167954864	  1.36	通信设备	江苏	 3.70	16.37	41811	60760	  0.69	355	886	--  	      14378.58	
="600806"	昆明机床	2.17	6.11	0.13	6.11	6.12	155679	53	          0.00	          3.99	5.91	6.24	5.91	5.98	--  	95059040	  1.74	机床制造	云南	 5.52	6.11	70885	84794	  0.84	174	623	--  	      39018.62	
="000816"	江淮动力	2.15	6.64	0.14	6.63	6.64	346104	5338	          0.00	          3.18	6.52	6.68	6.46	6.50	   167.72	228588272	  1.01	机械基件	江苏	 3.38	6.60	168090	178014	  0.94	2286	199	--  	     108877.75	
="600483"	福建南纺	2.07	9.87	0.20	9.87	9.88	350003	1063	          0.10	         12.13	10.00	10.50	9.68	9.67	    17.31	351483968	  3.98	火力发电	福建	 8.48	10.04	159955	190048	  0.84	8	782	--  	      28848.36	
="300195"	长荣股份	2.07	33.59	0.68	33.59	33.60	27937	249	          0.11	          4.33	33.20	33.69	33.02	32.91	    36.52	93395720	  1.40	轻工机械	天津	 2.04	33.43	13113	14824	  0.88	17	90	--  	       6444.72	
="600502"	安徽水利	1.97	9.83	0.19	9.83	9.84	239856	30	          0.10	          4.78	9.58	9.92	9.57	9.64	    20.07	235618640	  1.04	建筑施工	安徽	 3.63	9.82	111502	128354	  0.87	352	575	--  	      50193.00	
="300094"	国联水产	1.94	9.45	0.18	9.44	9.45	68060	292	          0.10	          1.94	9.27	9.55	9.23	9.27	    84.08	64010760	  1.75	渔业	广东	 3.45	9.40	34489	33571	  1.03	118	387	--  	      35072.21	
="000725"	京东方Ａ	1.89	2.70	0.05	2.69	2.70	4957879	42988	          0.37	          4.31	2.66	2.76	2.61	2.65	    38.53	1331052160	  1.48	元器件	北京	 5.66	2.68	2181789	2776090	  0.79	60266	75297	--  	    1150574.38	
="000016"	深康佳Ａ	1.88	5.96	0.11	5.96	5.97	221333	1227	          0.16	          3.69	5.86	6.04	5.80	5.85	   113.11	131107912	  1.00	家用电器	深圳	 4.10	5.92	110728	110605	  1.00	694	2852	--  	      59991.50	
="600774"	汉商集团	1.84	12.20	0.22	12.20	12.22	23032	10	          0.00	          1.33	11.97	12.28	11.96	11.98	   816.06	27930316	  1.50	百货	湖北	 2.67	12.13	8557	14475	  0.59	84	10	--  	      17289.15	
="300203"	聚光科技	1.81	22.49	0.40	22.49	22.50	68781	630	         -0.48	          1.55	21.95	23.09	21.90	22.09	    68.25	156174400	  0.98	电器仪表	浙江	 5.39	22.71	30117	38664	  0.78	279	349	--  	      44500.00	
="601100"	恒立油缸	1.69	12.61	0.21	12.60	12.61	69194	32	         -0.07	          2.80	12.60	13.26	12.42	12.40	    79.30	88734416	  1.60	工程机械	江苏	 6.77	12.82	37061	32133	  1.15	302	239	--  	      24727.50	
="601107"	四川成渝	1.61	3.78	0.06	3.77	3.78	298225	3	          0.53	          1.38	3.71	3.78	3.64	3.72	    10.18	111130728	  1.35	路桥	四川	 3.76	3.73	122945	175280	  0.70	369	479	--  	     216274.00	
="300022"	吉峰农机	1.61	8.20	0.13	8.20	8.21	102152	1067	          0.12	          3.24	8.08	8.23	8.00	8.07	--  	82856032	  0.91	其他连锁	四川	 2.85	8.11	47453	54699	  0.87	247	1665	--  	      31565.72	
="002511"	中顺洁柔	1.60	11.44	0.18	11.44	11.45	109572	335	          0.08	          2.71	11.25	11.61	11.19	11.26	    68.29	125234496	  1.13	造纸	广东	 3.73	11.43	47581	61991	  0.77	254	87	--  	      40451.92	
="002615"	哈尔斯	1.46	30.68	0.44	30.68	30.70	27312	428	         -0.06	          5.35	30.21	31.18	30.06	30.24	    37.03	83849080	  1.21	家居用品	浙江	 3.70	30.70	15024	12288	  1.22	77	9	--  	       5106.25	
="000543"	皖能电力	1.45	8.39	0.12	8.38	8.39	195560	1911	          0.11	          1.91	8.27	8.45	8.23	8.27	     9.34	163318368	  0.77	火力发电	安徽	 2.66	8.35	86995	108565	  0.80	1134	1339	--  	     102515.75	
="002393"	力生制药	1.42	34.93	0.49	34.93	34.94	22439	315	          0.22	          1.24	34.40	34.99	34.30	34.44	    44.30	77628608	  1.09	化学制药	天津	 2.00	34.59	10731	11708	  0.92	300	65	--  	      18165.82	
="000667"	美好集团	1.40	2.90	0.04	2.89	2.90	1134303	8398	          0.00	          4.43	2.85	2.92	2.82	2.86	   197.99	327448544	  1.18	全国地产	云南	 3.50	2.89	527359	606944	  0.87	28132	56652	--  	     255959.23	
="002046"	轴研科技	1.33	10.69	0.14	10.69	10.70	111923	1190	          0.18	          3.29	10.55	10.75	10.46	10.55	   245.51	119006216	  0.56	机械基件	河南	 2.75	10.63	54384	57539	  0.95	155	2524	--  	      34056.60	
="002169"	智光电气	1.28	11.09	0.14	11.08	11.09	203672	947	          0.36	          8.28	10.95	11.29	10.73	10.95	    99.93	223166304	  1.00	电气设备	广东	 5.11	10.96	76946	126726	  0.61	769	1923	--  	      24588.78	
="300117"	嘉寓股份	1.23	7.43	0.09	7.43	7.44	46646	623	         -0.13	          1.43	7.34	7.47	7.30	7.34	    41.42	34424792	  1.09	装修装饰	北京	 2.32	7.38	21280	25366	  0.84	734	987	--  	      32580.00	
="002678"	珠江钢琴	1.15	11.46	0.13	11.46	11.47	217921	1180	         -0.08	         14.30	11.24	11.80	11.22	11.33	    67.60	250810304	  2.49	文教休闲	广东	 5.12	11.51	88500	129421	  0.68	233	825	--  	      15237.55	
="002244"	滨江集团	1.14	7.08	0.08	7.07	7.08	127510	3253	          0.00	          1.11	7.00	7.10	6.92	7.00	    12.61	89293800	  0.99	区域地产	浙江	 2.57	7.00	57332	70178	  0.82	206	2048	--  	     114773.00	
="601555"	东吴证券	1.13	12.52	0.14	12.52	12.53	609653	5	          0.40	          4.99	12.26	12.80	12.20	12.38	    32.81	764388224	  0.64	证券	江苏	 4.85	12.54	313694	295959	  1.06	96	75	--  	     122138.00	
="601989"	中国重工	1.11	6.36	0.07	6.36	6.37	2733974	574	          0.00	          1.75	6.22	6.40	6.21	6.29	    38.26	1734763392	  1.13	船舶	北京	 3.02	6.35	1191280	1542694	  0.77	2416	13308	--  	    1561259.25	
="600567"	山鹰纸业	1.11	2.73	0.03	2.72	2.73	1104451	1934	          0.36	          6.96	2.68	2.77	2.63	2.70	    44.59	298650432	  1.70	造纸	安徽	 5.19	2.70	558949	545502	  1.02	2121	10453	--  	     158601.70	
="002457"	青龙管业	0.98	10.30	0.10	10.30	10.31	132973	1659	          0.00	          5.24	10.22	10.38	10.21	10.20	    41.33	137025632	  1.57	塑料	宁夏	 1.67	10.30	68841	64132	  1.07	1371	793	--  	      25365.41	
="002278"	神开股份	0.98	13.40	0.13	13.40	13.41	68804	621	         -0.07	          3.46	13.28	13.60	13.21	13.27	    57.92	92288368	  1.06	化工机械	上海	 2.94	13.41	34068	34736	  0.98	150	436	--  	      19879.42	
="600020"	中原高速	0.94	3.23	0.03	3.22	3.23	370605	1	          0.00	          1.65	3.18	3.28	3.13	3.20	    10.23	118670584	  1.12	路桥	河南	 4.69	3.20	166409	204196	  0.81	1729	2068	--  	     224737.19	
="600650"	锦江投资	0.85	12.99	0.11	12.98	12.99	113977	6	         -0.07	          2.92	12.84	13.09	12.46	12.88	    31.91	145915312	  0.66	公共交通	上海	 4.89	12.80	65044	48933	  1.33	19	169	--  	      39056.01	
="600336"	澳柯玛	0.82	6.16	0.05	6.15	6.16	172435	100	          0.16	          2.54	6.11	6.19	6.07	6.11	    34.30	105745344	  0.94	家用电器	山东	 1.96	6.13	90702	81733	  1.11	499	2914	--  	      68007.20	
="600269"	赣粤高速	0.80	3.79	0.03	3.78	3.79	469409	30	          0.26	          2.01	3.76	3.84	3.71	3.76	    10.86	177089104	  0.79	路桥	江西	 3.46	3.77	189459	279950	  0.68	3768	29	--  	     233540.70	
="600512"	腾达建设	0.79	3.84	0.03	3.84	3.85	413106	10	          0.00	          5.61	3.79	3.85	3.74	3.81	    76.48	157057952	  2.16	建筑施工	浙江	 2.89	3.80	205510	207596	  0.99	3794	2902	--  	      73694.06	
="002083"	孚日股份	0.77	5.23	0.04	5.22	5.23	146247	1435	          0.19	          1.78	5.19	5.25	5.15	5.19	    22.75	76190048	  0.90	纺织	山东	 1.93	5.21	62335	83912	  0.74	1083	3598	--  	      82370.27	
="002041"	登海种业	0.77	34.11	0.26	34.10	34.11	27541	208	          0.05	          0.84	33.72	34.33	33.41	33.85	    56.09	93791512	  1.03	种植业	山东	 2.72	34.05	13203	14338	  0.92	158	59	--  	      32943.82	
="600533"	栖霞建设	0.74	4.11	0.03	4.11	4.12	164922	88	          0.00	          1.57	4.07	4.12	4.05	4.08	    41.81	67605200	  0.93	区域地产	江苏	 1.72	4.10	70224	94698	  0.74	98	3116	--  	     105000.00	
="600415"	小商品城	0.70	7.15	0.05	7.16	7.17	225532	1243	          0.00	          0.83	7.10	7.22	7.01	7.10	    45.47	160422288	  1.12	商品城	浙江	 2.96	7.11	117598	107934	  1.09	2757	551	--  	     272160.72	
="000606"	青海明胶	0.68	7.36	0.05	7.35	7.36	145280	1257	          0.13	          3.58	7.31	7.50	7.25	7.31	--  	107340800	  1.20	化学制药	青海	 3.42	7.39	72135	73145	  0.99	503	49	--  	      40596.35	
="300302"	同有科技	0.67	25.47	0.17	25.46	25.47	14750	243	          0.15	          3.59	25.33	25.82	25.03	25.30	   232.49	37529416	  1.10	软件服务	北京	 3.12	25.44	7207	7543	  0.96	10	90	--  	       4113.33	
="600354"	敦煌种业	0.65	7.73	0.05	7.72	7.73	131980	50	          0.00	          2.95	7.70	7.74	7.60	7.68	--  	101243232	  1.08	种植业	甘肃	 1.82	7.67	60089	71891	  0.84	405	494	--  	      44780.21	
="601111"	中国国航	0.65	4.66	0.03	4.65	4.66	1076059	210	          0.21	          1.29	4.64	4.86	4.56	4.63	    14.49	505076704	  0.99	空运	北京	 6.48	4.69	574766	501293	  1.15	2085	1302	--  	     832927.13	
="600573"	惠泉啤酒	0.61	9.88	0.06	9.86	9.87	43811	3	          0.00	          1.75	9.76	9.90	9.56	9.82	    45.02	42554968	  1.19	啤酒	福建	 3.46	9.71	19589	24222	  0.81	45	40	--  	      25000.00	
="600851"	海欣股份	0.61	8.29	0.05	8.29	8.30	186647	10	          0.24	          2.53	8.25	8.40	8.20	8.24	    61.09	155081968	  1.25	纺织	上海	 2.43	8.31	100531	86116	  1.17	324	1963	--  	      73820.60	
="002399"	海普瑞	0.60	27.01	0.16	27.00	27.01	39760	125	          0.11	          0.50	27.03	27.30	26.81	26.85	    72.34	107728952	  0.81	化学制药	深圳	 1.82	27.09	22225	17535	  1.27	129	275	--  	      80020.00	
="600035"	楚天高速	0.57	3.51	0.02	3.51	3.52	280111	63	         -0.28	          2.31	3.49	3.61	3.40	3.49	    11.88	98711192	  0.78	路桥	湖北	 6.02	3.52	140779	139332	  1.01	1889	1039	--  	     121114.82	
="002259"	升达林业	0.56	7.13	0.04	7.12	7.13	189534	1058	          0.14	          3.12	7.12	7.27	7.09	7.09	   360.05	135803392	  0.61	家居用品	四川	 2.54	7.17	96283	93251	  1.03	131	780	--  	      60716.10	
="002690"	美亚光电	0.56	46.48	0.26	46.31	46.48	10360	64	         -0.08	          0.93	45.88	46.55	45.01	46.22	    60.90	47205004	  0.74	专用机械	安徽	 3.33	45.56	5190	5170	  1.00	17	3	--  	      11095.95	
="600593"	大连圣亚	0.53	20.70	0.11	20.70	20.71	19816	11	          0.38	          2.15	20.43	20.88	20.43	20.59	    23.90	41051688	  0.81	旅游景点	辽宁	 2.19	20.72	8050	11766	  0.68	197	106	--  	       9200.00	
="002318"	久立特材	0.52	27.00	0.14	27.00	27.05	72793	401	         -0.69	          2.44	26.80	27.80	26.75	26.86	    38.58	198542000	  1.18	特钢	浙江	 3.91	27.27	30921	41872	  0.74	419	27	--  	      29783.93	
="600138"	中青旅	0.48	16.67	0.08	16.66	16.67	104703	56	         -0.11	          1.68	16.59	16.76	16.27	16.59	    30.06	172219104	  0.56	旅游服务	北京	 2.95	16.45	52694	52009	  1.01	13	39	--  	      62302.50	
="600665"	天地源	0.48	4.18	0.02	4.17	4.18	114570	145	          0.23	          1.33	4.16	4.19	4.11	4.16	    24.25	47634456	  0.94	全国地产	上海	 1.92	4.16	58674	55896	  1.05	1330	3619	--  	      86412.25	
="002253"	川大智胜	0.47	33.91	0.16	33.91	34.09	37443	371	         -0.55	          2.98	34.41	34.75	33.75	33.75	   192.43	128348096	  0.71	软件服务	四川	 2.96	34.28	19335	18108	  1.07	342	8	--  	      12585.73	
="300275"	梅安森	0.47	21.40	0.10	21.40	21.41	24901	279	          0.00	          2.37	21.30	21.95	21.18	21.30	    76.41	53626424	  0.73	软件服务	重庆	 3.62	21.54	12932	11969	  1.08	282	41	--  	      10505.59	
="300185"	通裕重工	0.47	6.46	0.03	6.46	6.47	234525	1339	         -0.15	          3.34	6.43	6.57	6.41	6.43	    57.67	152329728	  1.01	工程机械	山东	 2.49	6.50	114479	120046	  0.95	3488	1958	--  	      70145.13	
="600491"	龙元建设	0.46	4.36	0.02	4.36	4.37	293834	220	          0.00	          3.10	4.35	4.40	4.29	4.34	    19.82	128183080	  1.96	建筑施工	浙江	 2.53	4.36	143768	150066	  0.96	1226	3572	--  	      94760.00	
="002622"	永大集团	0.45	17.95	0.08	17.94	17.95	17661	86	          0.11	          1.83	17.87	18.24	17.73	17.87	    77.30	31754710	  0.92	电气设备	吉林	 2.85	17.98	9687	7974	  1.21	114	34	--  	       9653.75	
="002075"	沙钢股份	0.44	4.59	0.02	4.59	4.60	227678	1096	          0.00	          1.44	4.58	4.64	4.48	4.57	   103.69	103748832	  1.30	特钢	江苏	 3.50	4.56	110829	116849	  0.95	91	3318	--  	     157626.48	
="600439"	瑞贝卡	0.43	4.67	0.02	4.67	4.68	175663	1	          0.00	          1.86	4.64	4.68	4.58	4.65	    25.42	81419496	  1.10	服饰	河南	 2.15	4.63	98253	77410	  1.27	311	5016	--  	      94332.11	
="000863"	三湘股份	0.43	7.07	0.03	7.06	7.07	47420	617	          0.14	          2.72	7.02	7.07	6.97	7.04	   119.79	33357250	  0.77	区域地产	上海	 1.42	7.03	24763	22657	  1.09	327	405	--  	      17462.02	
="002420"	毅昌股份	0.41	7.30	0.03	7.30	7.31	72095	758	          0.13	          1.91	7.27	7.34	7.20	7.27	   207.40	52475312	  0.99	塑料	广东	 1.93	7.28	31995	40100	  0.80	350	381	--  	      37782.35	
="601009"	南京银行	0.37	10.72	0.04	10.72	10.75	1181144	45	         -0.27	          3.98	10.60	10.93	10.44	10.68	     5.74	1265084288	  1.11	银行	江苏	 4.59	10.71	576105	605039	  0.95	509	724	--  	     296893.31	
="002333"	罗普斯金	0.35	14.18	0.05	14.17	14.18	31437	362	          0.07	          1.30	14.12	14.18	13.90	14.13	    58.28	44276516	  0.79	铝	江苏	 1.98	14.08	8982	22455	  0.40	514	530	--  	      24248.49	
="600674"	川投能源	0.35	17.28	0.06	17.26	17.28	141133	314	          0.17	          0.64	17.21	17.40	17.10	17.22	     9.91	243616368	  0.92	火力发电	四川	 1.74	17.26	68175	72958	  0.93	42	4	--  	     220107.03	
="600781"	辅仁药业	0.34	20.73	0.07	20.74	20.75	19716	5	          0.24	          1.11	20.66	20.80	20.50	20.66	   167.98	40760144	  0.50	中成药	河南	 1.45	20.67	10975	8741	  1.26	70	368	--  	      17759.28	
="300259"	新天科技	0.33	15.00	0.05	14.98	15.00	18735	342	          0.33	          1.32	14.95	15.09	14.81	14.95	    44.33	28061672	  0.64	电器仪表	河南	 1.87	14.98	9537	9198	  1.04	27	3044	--  	      14223.29	
="000159"	国际实业	0.32	9.42	0.03	9.41	9.42	208242	3353	          0.21	          4.33	9.43	9.51	9.24	9.39	    52.40	195346944	  1.14	石油贸易	新疆	 2.88	9.38	110752	97490	  1.14	726	691	--  	      48113.92	
="601137"	博威合金	0.32	18.90	0.06	18.90	18.91	9490	147	          0.10	          0.44	18.84	19.05	18.80	18.84	    60.06	17940560	  0.67	铜	浙江	 1.33	18.90	4317	5173	  0.83	54	28	--  	      21500.00	
="600463"	空港股份	0.28	10.69	0.03	10.66	10.68	40500	2	          0.37	          1.61	10.60	10.74	10.39	10.66	    57.11	42693960	  0.83	园区开发	北京	 3.28	10.54	24218	16282	  1.49	175	8	--  	      25200.00	
="002537"	海立美达	0.28	18.23	0.05	18.22	18.23	13000	261	          0.27	          0.87	18.22	18.27	18.00	18.18	    84.57	23544180	  0.62	机械基件	山东	 1.49	18.11	8589	4411	  1.95	77	21	--  	      15000.00	
="600115"	东方航空	0.25	3.96	0.01	3.95	3.96	1165198	199	          1.27	          1.50	3.90	4.09	3.84	3.95	    18.29	462611008	  0.88	空运	上海	 6.33	3.97	661314	503884	  1.31	2242	1716	--  	     778221.38	
="000875"	吉电股份	0.23	4.27	0.01	4.27	4.28	302153	3363	          0.00	          4.58	4.26	4.30	4.16	4.26	   460.78	127981208	  0.75	火力发电	吉林	 3.29	4.24	165051	137102	  1.20	5451	1307	--  	      66003.21	
="600865"	百大集团	0.23	8.74	0.02	8.74	8.75	56081	30	          0.11	          1.49	8.72	8.86	8.56	8.72	    19.38	49089460	  0.95	百货	浙江	 3.44	8.75	29182	26899	  1.08	804	199	--  	      37624.03	
="002224"	三 力 士	0.22	9.29	0.02	9.28	9.29	216421	1634	          0.10	          4.91	9.29	9.37	9.14	9.27	    33.96	200156144	  0.88	橡胶	浙江	 2.48	9.25	94119	122302	  0.77	1054	211	--  	      44120.33	
="002042"	华孚色纺	0.20	5.10	0.01	5.09	5.10	113995	2983	          0.39	          1.37	5.12	5.12	5.02	5.09	    16.03	57661532	  1.15	纺织	安徽	 1.96	5.06	56868	57127	  1.00	1523	5571	--  	      82998.72	
="000601"	韶能股份	0.17	6.07	0.01	6.07	6.08	310051	2211	         -0.16	          3.12	6.07	6.17	5.97	6.06	    18.52	188289888	  0.52	火力发电	广东	 3.30	6.07	161376	148675	  1.09	686	1252	--  	      99398.67	
="600589"	广东榕泰	0.16	6.44	0.01	6.43	6.44	63734	128	          0.15	          1.06	6.43	6.46	6.39	6.43	    64.61	40943748	  0.45	塑料	广东	 1.09	6.42	38210	25524	  1.50	68	141	--  	      60173.00	
="600078"	澄星股份	0.11	9.17	0.01	9.18	9.19	177043	405	          0.00	          2.67	9.16	9.32	8.91	9.16	   169.23	161892224	  0.83	化工原料	江苏	 4.48	9.14	89104	87939	  1.01	145	222	--  	      66257.28	
="002598"	山东章鼓	0.10	10.39	0.01	10.39	10.40	131527	1164	          0.19	          5.00	10.37	10.50	10.10	10.38	    41.06	135831056	  0.75	机械基件	山东	 3.85	10.33	68624	62903	  1.09	129	268	--  	      26322.46	
="601566"	九牧王	0.08	12.89	0.01	12.89	12.90	34148	57	          0.23	          0.59	12.89	13.01	12.77	12.88	    18.12	44021484	  0.84	服饰	福建	 1.86	12.89	20237	13911	  1.45	33	1555	--  	      57463.71	
="002650"	加加食品	0.07	13.92	0.01	13.92	13.93	124956	1961	          0.50	          5.57	13.82	14.15	13.68	13.91	    42.35	174129584	  1.06	食品	湖南	 3.38	13.94	64511	60445	  1.07	1543	361	--  	      22439.23	
="300204"	舒泰神	0.03	29.89	0.01	29.88	29.89	18234	97	         -0.10	          0.77	29.73	30.38	29.73	29.88	    43.56	54759576	  0.96	生物制药	北京	 2.18	30.03	9018	9216	  0.98	108	59	--  	      23575.42	
="601928"	凤凰传媒	0.00	10.71	0.00	--  	--  	0	0	          0.00	          0.00	--  	--  	--  	10.71	    27.84	0	  0.00	出版业	江苏	 0.00	10.71	0	0	--  	0	0	--  	      65788.35	
="601199"	江南水务	0.00	17.73	0.00	17.73	17.74	15689	4	          0.16	          0.67	17.68	17.82	17.55	17.73	    26.46	27783168	  0.80	水务	江苏	 1.52	17.71	6681	9008	  0.74	46	46	--  	      23380.00	
="601116"	三江购物	0.00	8.82	0.00	8.81	8.82	39327	100	          0.00	          0.98	8.78	8.85	8.73	8.82	    28.74	34597156	  0.85	超市连锁	浙江	 1.36	8.80	20490	18837	  1.09	48	123	--  	      40189.30	
="600986"	科达股份	0.00	7.05	0.00	--  	--  	0	0	          0.00	          0.00	--  	--  	--  	7.05	    36.88	0	  0.00	建筑施工	山东	 0.00	7.05	0	0	--  	0	0	--  	      33526.96	
="600981"	汇鸿股份	0.00	4.21	0.00	--  	--  	0	0	          0.00	          0.00	--  	--  	--  	4.21	    92.48	0	  0.00	商贸代理	江苏	 0.00	4.21	0	0	--  	0	0	--  	      51610.64	
="600876"	洛阳玻璃	0.00	7.24	0.00	--  	--  	0	0	          0.00	          0.00	--  	--  	--  	7.24	   374.48	0	  0.00	玻璃	河南	 0.00	7.24	0	0	--  	0	0	--  	      25001.82	
="600792"	云煤能源	0.00	6.26	0.00	--  	--  	0	0	          0.00	          0.00	--  	--  	--  	6.26	   868.05	0	  0.00	焦炭加工	云南	 0.00	6.26	0	0	--  	0	0	--  	      80045.00	
="600749"	西藏旅游	0.00	12.18	0.00	--  	--  	0	0	          0.00	          0.00	--  	--  	--  	12.18	  1161.76	0	  0.00	旅游景点	西藏	 0.00	12.18	0	0	--  	0	0	--  	      18913.78	
="600657"	信达地产	0.00	4.29	0.00	4.28	4.29	122644	19	          0.23	          0.80	4.30	4.33	4.25	4.29	    19.55	52567240	  0.68	全国地产	北京	 1.86	4.29	53708	68936	  0.78	2030	1460	--  	     152426.05	
="600575"	皖江物流	0.00	4.11	0.00	--  	--  	0	0	          0.00	          0.00	--  	--  	--  	4.11	--  	0	  0.00	港口	安徽	 0.00	4.11	0	0	--  	0	0	--  	     142320.00	
="600569"	安阳钢铁	0.00	2.32	0.00	--  	--  	0	0	          0.00	          0.00	--  	--  	--  	2.32	    78.40	0	  0.00	普钢	河南	 0.00	2.32	0	0	--  	0	0	--  	     239368.45	
="600517"	置信电气	0.00	12.45	0.00	--  	--  	0	0	          0.00	          0.00	--  	--  	--  	12.45	    84.39	0	  0.00	电气设备	上海	 0.00	12.45	0	0	--  	0	0	--  	     111366.89	
="600497"	驰宏锌锗	0.00	10.39	0.00	--  	--  	0	0	          0.00	          0.00	--  	--  	--  	10.39	    84.98	0	  0.00	铅锌	云南	 0.00	10.39	0	0	--  	0	0	--  	     166756.09	
="600400"	红豆股份	0.00	5.69	0.00	--  	--  	0	0	          0.00	          0.00	--  	--  	--  	5.69	   103.21	0	  0.00	服饰	江苏	 0.00	5.69	0	0	--  	0	0	--  	      56039.96	
="600369"	西南证券	0.00	10.54	0.00	--  	--  	0	0	          0.00	          0.00	--  	--  	--  	10.54	    25.05	0	  0.00	证券	重庆	 0.00	10.54	0	0	--  	0	0	--  	     232255.45	
="600365"	通葡股份	0.00	11.38	0.00	--  	--  	0	0	          0.00	          0.00	--  	--  	--  	11.38	  5686.21	0	  0.00	红黄药酒	吉林	 0.00	11.38	0	0	--  	0	0	--  	      14000.00	
="600318"	巢东股份	0.00	11.20	0.00	--  	--  	0	0	          0.00	          0.00	--  	--  	--  	11.20	    17.93	0	  0.00	水泥	安徽	 0.00	11.20	0	0	--  	0	0	--  	      24200.00	
="600306"	*ST商城	0.00	11.20	0.00	11.17	11.20	14194	22	          0.00	          0.80	11.28	11.32	11.07	11.20	--  	15878518	  0.86	百货	辽宁	 2.23	11.19	8396	5798	  1.45	99	47	--  	      17727.78	
="600241"	时代万恒	0.00	8.28	0.00	--  	--  	0	0	          0.00	          0.00	--  	--  	--  	8.28	--  	0	  0.00	商贸代理	辽宁	 0.00	8.28	0	0	--  	0	0	--  	      18020.00	
="600162"	香江控股	0.00	6.07	0.00	--  	--  	0	0	          0.00	          0.00	--  	--  	--  	6.07	    14.22	0	  0.00	全国地产	深圳	 0.00	6.07	0	0	--  	0	0	--  	      76781.27	
="600105"	永鼎股份	0.00	9.86	0.00	--  	--  	0	0	          0.00	          0.00	--  	--  	--  	9.86	    22.23	0	  0.00	通信设备	江苏	 0.00	9.86	0	0	--  	0	0	--  	      38095.46	
="600103"	青山纸业	0.00	3.66	0.00	--  	--  	0	0	          0.00	          0.00	--  	--  	--  	3.66	   601.14	0	  0.00	造纸	福建	 0.00	3.66	0	0	--  	0	0	--  	     106184.15	
="600091"	ST明科	0.00	7.02	0.00	--  	--  	0	0	          0.00	          0.00	--  	--  	--  	7.02	--  	0	  0.00	化工原料	内蒙	 0.00	7.02	0	0	--  	0	0	--  	      33652.60	
="600090"	啤酒花	0.00	8.13	0.00	--  	--  	0	0	          0.00	          0.00	--  	--  	--  	8.13	    36.46	0	  0.00	啤酒	新疆	 0.00	8.13	0	0	--  	0	0	--  	      36791.66	
="300332"	天壕节能	--  	0.00	--  	--  	--  	0	0	--  	          0.00	--  	--  	--  	14.06	    40.57	0	  0.00	环境保护	北京	 0.00	14.06	0	0	--  	0	0	--  	      22666.75	
="300313"	天山生物	--  	0.00	--  	--  	--  	0	0	--  	          0.00	--  	--  	--  	23.69	   258.62	0	  0.00	农业综合	新疆	 0.00	23.69	0	0	--  	0	0	--  	       4177.81	
="300230"	永利带业	--  	0.00	--  	--  	--  	0	0	--  	          0.00	--  	--  	--  	9.63	    29.42	0	  0.00	塑料	上海	 0.00	9.63	0	0	--  	0	0	--  	      10127.07	
="300194"	福安药业	--  	0.00	--  	--  	--  	0	0	--  	          0.00	--  	--  	--  	21.58	   106.56	0	  0.00	化学制药	重庆	 0.00	21.58	0	0	--  	0	0	--  	      12880.26	
="300189"	神农大丰	--  	0.00	--  	--  	--  	0	0	--  	          0.00	--  	--  	--  	7.86	--  	0	  0.00	种植业	海南	 0.00	7.86	0	0	--  	0	0	--  	      33498.87	
="300072"	三聚环保	--  	0.00	--  	--  	--  	0	0	--  	          0.00	--  	--  	--  	27.13	    36.92	0	  0.00	化工原料	北京	 0.00	27.13	0	0	--  	0	0	--  	      45855.16	
="300013"	新宁物流	--  	0.00	--  	--  	--  	0	0	--  	          0.00	--  	--  	--  	9.26	   131.57	0	  0.00	仓储物流	江苏	 0.00	9.26	0	0	--  	0	0	--  	      18000.00	
="002632"	道明光学	--  	0.00	--  	--  	--  	0	0	--  	          0.00	--  	--  	--  	20.42	    94.89	0	  0.00	化工原料	浙江	 0.00	20.42	0	0	--  	0	0	--  	       5040.75	
="002608"	舜天船舶	--  	0.00	--  	--  	--  	0	0	--  	          0.00	--  	--  	--  	12.79	    86.27	0	  0.00	船舶	江苏	 0.00	12.79	0	0	--  	0	0	--  	      32855.16	
="002558"	世纪游轮	--  	0.00	--  	--  	--  	0	0	--  	          0.00	--  	--  	--  	31.65	   271.60	0	  0.00	旅游服务	重庆	 0.00	31.65	0	0	--  	0	0	--  	       3244.39	
="002529"	海源机械	--  	0.00	--  	--  	--  	0	0	--  	          0.00	--  	--  	--  	15.03	--  	0	  0.00	专用机械	福建	 0.00	15.03	0	0	--  	0	0	--  	      15608.25	
="002509"	天广消防	--  	0.00	--  	--  	--  	0	0	--  	          0.00	--  	--  	--  	12.27	    51.77	0	  0.00	专用机械	福建	 0.00	12.27	0	0	--  	0	0	--  	      23109.89	
="002485"	希努尔	--  	0.00	--  	--  	--  	0	0	--  	          0.00	--  	--  	--  	10.13	--  	0	  0.00	服饰	山东	 0.00	10.13	0	0	--  	0	0	--  	      32000.00	
="002450"	康得新	--  	0.00	--  	--  	--  	0	0	--  	          0.00	--  	--  	--  	32.67	    33.05	0	  0.00	化工原料	江苏	 0.00	32.67	0	0	--  	0	0	--  	      94531.45	
="002426"	胜利精密	--  	0.00	--  	--  	--  	0	0	--  	          0.00	--  	--  	--  	11.26	    68.41	0	  0.00	元器件	江苏	 0.00	11.26	0	0	--  	0	0	--  	      35306.58	
="002324"	普利特	--  	0.00	--  	--  	--  	0	0	--  	          0.00	--  	--  	--  	19.90	    26.33	0	  0.00	塑料	上海	 0.00	19.90	0	0	--  	0	0	--  	      15582.66	
="002323"	中联电气	--  	0.00	--  	--  	--  	0	0	--  	          0.00	--  	--  	--  	21.95	   130.92	0	  0.00	电气设备	江苏	 0.00	21.95	0	0	--  	0	0	--  	       8350.16	
="002103"	广博股份	--  	0.00	--  	--  	--  	0	0	--  	          0.00	--  	--  	--  	10.18	   172.72	0	  0.00	文教休闲	浙江	 0.00	10.18	0	0	--  	0	0	--  	      17095.44	
="002084"	海鸥卫浴	--  	0.00	--  	--  	--  	0	0	--  	          0.00	--  	--  	--  	7.60	    89.04	0	  0.00	家居用品	广东	 0.00	7.60	0	0	--  	0	0	--  	      40605.57	
="002044"	江苏三友	--  	0.00	--  	--  	--  	0	0	--  	          0.00	--  	--  	--  	10.04	    43.13	0	  0.00	服饰	江苏	 0.00	10.04	0	0	--  	0	0	--  	      22410.00	
="002013"	中航机电	--  	0.00	--  	--  	--  	0	0	--  	          0.00	--  	--  	--  	22.15	    51.08	0	  0.00	汽车配件	湖北	 0.00	22.15	0	0	--  	0	0	--  	      29285.81	
="002009"	天奇股份	--  	0.00	--  	--  	--  	0	0	--  	          0.00	--  	--  	--  	16.30	    47.89	0	  0.00	工程机械	江苏	 0.00	16.30	0	0	--  	0	0	--  	      25991.22	
="002006"	*ST精功	--  	0.00	--  	--  	--  	0	0	--  	          0.00	--  	--  	--  	8.75	--  	0	  0.00	工程机械	浙江	 0.00	8.75	0	0	--  	0	0	--  	      43677.89	
="000929"	兰州黄河	0.00	10.50	0.00	10.48	10.50	31293	433	          0.09	          1.69	10.50	10.56	10.37	10.50	    32.44	32781692	  1.10	啤酒	甘肃	 1.81	10.48	14370	16923	  0.85	94	204	--  	      18558.80	
="000920"	南方汇通	--  	0.00	--  	--  	--  	0	0	--  	          0.00	--  	--  	--  	13.23	    31.50	0	  0.00	运输设备	贵州	 0.00	13.23	0	0	--  	0	0	--  	      42200.00	
="000796"	易食股份	--  	0.00	--  	--  	--  	0	0	--  	          0.00	--  	--  	--  	7.23	    95.94	0	  0.00	食品	陕西	 0.00	7.23	0	0	--  	0	0	--  	      24652.30	
="000795"	太原刚玉	--  	0.00	--  	--  	--  	0	0	--  	          0.00	--  	--  	--  	10.92	--  	0	  0.00	矿物制品	山西	 0.00	10.92	0	0	--  	0	0	--  	      27679.44	
="000710"	天兴仪表	--  	0.00	--  	--  	--  	0	0	--  	          0.00	--  	--  	--  	13.60	--  	0	  0.00	汽车配件	四川	 0.00	13.60	0	0	--  	0	0	--  	      15120.00	
="000627"	天茂集团	--  	0.00	--  	--  	--  	0	0	--  	          0.00	--  	--  	--  	4.10	    28.37	0	  0.00	化工原料	湖北	 0.00	4.10	0	0	--  	0	0	--  	     135358.98	
="000533"	万 家 乐	--  	0.00	--  	--  	--  	0	0	--  	          0.00	--  	--  	--  	5.97	    35.25	0	  0.00	家用电器	广东	 0.00	5.97	0	0	--  	0	0	--  	      68487.71	
="000498"	山东路桥	--  	0.00	--  	--  	--  	0	0	--  	          0.00	--  	--  	--  	4.64	    27.67	0	  0.00	建筑施工	山东	 0.00	4.64	0	0	--  	0	0	--  	      35417.01	
="000415"	渤海租赁	--  	0.00	--  	--  	--  	0	0	--  	          0.00	--  	--  	--  	10.28	    19.57	0	  0.00	多元金融	新疆	 0.00	10.28	0	0	--  	0	0	--  	     126917.42	
="000090"	天健集团	--  	0.00	--  	--  	--  	0	0	--  	          0.00	--  	--  	--  	8.44	    25.79	0	  0.00	建筑施工	深圳	 0.00	8.44	0	0	--  	0	0	--  	      55253.07	
="000025"	特  力Ａ	0.00	12.17	0.00	12.17	12.18	7943	317	          0.99	          0.44	12.12	12.27	12.05	12.17	   483.61	9636524	  0.53	汽车服务	深圳	 1.81	12.13	5384	2559	  2.10	343	446	--  	      17929.46	
="600375"	华菱星马	-0.08	13.32	-0.01	13.31	13.33	163639	70	         -0.07	          3.29	13.26	13.59	13.13	13.33	    52.75	218499584	  0.62	汽车整车	安徽	 3.45	13.35	88360	75279	  1.17	50	478	--  	      49788.89	
="600505"	西昌电力	-0.09	11.16	-0.01	11.05	11.20	24173	513	          0.81	          0.66	11.17	11.25	11.00	11.17	    60.96	26819552	  0.77	水力发电	四川	 2.24	11.09	16670	7503	  2.22	60	1188	--  	      36456.75	
="002479"	富春环保	-0.10	9.89	-0.01	9.89	9.90	115106	885	         -0.10	          1.57	9.81	10.14	9.81	9.90	    40.00	114753584	  0.74	火力发电	浙江	 3.33	9.97	57249	57857	  0.99	7	190	--  	      73141.99	
="002616"	长青集团	-0.12	25.85	-0.03	25.85	25.86	35907	317	         -0.07	          4.41	26.00	26.50	25.38	25.88	    51.20	93316864	  1.41	环境保护	广东	 4.33	25.99	17315	18592	  0.93	53	19	--  	       8140.00	
="002291"	星期六	-0.12	8.21	-0.01	8.21	8.22	52744	219	         -0.24	          1.45	8.22	8.42	8.19	8.22	    77.63	43833888	  1.16	服饰	广东	 2.80	8.31	25014	27730	  0.90	130	189	--  	      36335.00	
="600215"	长春经开	-0.17	5.93	-0.01	5.92	5.93	227373	63	         -0.67	          4.89	5.87	6.04	5.74	5.94	--  	133566416	  1.96	园区开发	吉林	 5.05	5.87	111841	115532	  0.97	51	112	--  	      46503.28	
="600083"	博信股份	-0.17	11.44	-0.02	11.44	11.46	33175	2	          0.00	          1.47	11.38	11.72	11.29	11.46	   622.50	38256712	  0.71	元器件	广东	 3.75	11.53	18181	14994	  1.21	10	500	--  	      22598.08	
="002606"	大连电瓷	-0.19	16.11	-0.03	16.11	16.12	72325	917	          0.24	          6.00	16.05	16.22	15.86	16.14	   146.13	116179424	  0.90	电气设备	辽宁	 2.23	16.06	35581	36744	  0.97	650	211	--  	      12050.00	
="600532"	宏达矿业	-0.19	10.59	-0.02	10.57	10.58	68758	80	          0.09	          4.16	10.48	10.74	10.43	10.61	    26.90	72674912	  0.60	普钢	山东	 2.92	10.57	37927	30831	  1.23	301	40	--  	      16510.25	
="000089"	深圳机场	-0.20	5.07	-0.01	5.06	5.07	251039	1747	          0.19	          1.48	5.08	5.21	5.00	5.08	    33.53	128116152	  0.95	机场	深圳	 4.13	5.10	141748	109291	  1.30	7872	290	--  	     169169.27	
="000035"	中国天楹	-0.22	13.35	-0.03	13.30	13.35	38218	1027	          0.75	          2.02	13.38	13.38	13.05	13.38	    62.44	50450244	  0.80	通信设备	深圳	 2.47	13.20	24413	13805	  1.77	24	315	--  	      18895.36	
="600540"	新赛股份	-0.24	8.40	-0.02	8.40	8.41	65733	11	          0.00	          2.17	8.37	8.45	8.25	8.42	   632.08	54811188	  0.95	种植业	新疆	 2.38	8.34	34472	31261	  1.10	112	391	--  	      30270.84	
="600179"	黑化股份	-0.26	7.65	-0.02	7.65	7.66	99946	39	         -0.13	          2.56	7.67	7.74	7.56	7.67	--  	76442576	  0.75	焦炭加工	黑龙江	 2.35	7.65	52511	47435	  1.11	23	2116	--  	      39000.00	
="300103"	达刚路机	-0.26	19.09	-0.05	19.03	19.09	71289	580	         -0.26	          4.60	19.28	20.05	19.08	19.14	    69.71	139654960	  1.66	工程机械	陕西	 5.07	19.59	33904	37385	  0.91	31	508	--  	      15510.50	
="601313"	江南嘉捷	-0.27	11.24	-0.03	11.23	11.24	95034	5	          0.35	          3.54	11.30	11.57	11.03	11.27	    20.70	107084464	  1.20	运输设备	江苏	 4.79	11.27	46085	48949	  0.94	765	67	--  	      26852.53	
="600469"	风神股份	-0.30	13.51	-0.04	13.47	13.48	63966	12	          0.29	          1.71	13.45	13.78	13.21	13.55	    12.40	85964160	  0.85	汽车配件	河南	 4.21	13.44	32439	31527	  1.03	36	118	--  	      37494.21	
="002676"	顺威股份	-0.34	17.56	-0.06	17.55	17.56	19610	101	          0.17	          4.59	17.63	17.85	17.35	17.62	    53.49	34449824	  0.96	塑料	广东	 2.84	17.57	11202	8408	  1.33	82	41	--  	       4275.22	
="000605"	渤海股份	-0.34	17.36	-0.06	17.35	17.36	20242	122	         -0.11	          2.29	17.48	18.17	17.34	17.42	    86.32	35927208	  1.17	水务	北京	 4.76	17.75	10214	10028	  1.02	67	124	--  	       8842.98	
="300193"	佳士科技	-0.35	17.24	-0.06	17.24	17.25	65968	369	          0.11	          4.34	17.35	17.76	17.18	17.30	    48.13	115339704	  1.68	专用机械	深圳	 3.35	17.48	32423	33545	  0.97	93	5	--  	      15209.28	
="002470"	金正大	-0.37	26.60	-0.10	26.60	26.64	56112	348	          0.22	          0.95	26.53	26.83	26.02	26.70	    17.14	148970336	  0.96	农药化肥	山东	 3.03	26.55	27558	28554	  0.97	8	50	--  	      59254.00	
="601616"	广电电气	-0.39	5.11	-0.02	5.10	5.11	139428	15	          0.19	          1.50	5.13	5.15	5.07	5.13	    89.12	71198536	  1.06	电气设备	上海	 1.56	5.11	77051	62377	  1.24	488	913	--  	      93258.00	
="002481"	双塔食品	-0.45	15.59	-0.07	15.58	15.59	25510	219	          0.12	          0.68	15.65	15.82	15.51	15.66	    45.19	39960972	  0.66	食品	山东	 1.98	15.66	11802	13708	  0.86	4	20	--  	      37455.17	
="002680"	黄海机械	-0.46	34.25	-0.16	34.20	34.25	4177	25	         -0.14	          1.74	34.56	34.79	34.05	34.41	   148.51	14383376	  0.44	工程机械	江苏	 2.15	34.43	2274	1903	  1.19	24	14	--  	       2399.22	
="600663"	陆家嘴	-0.51	21.44	-0.11	21.44	21.45	145095	105	          0.18	          1.07	21.30	21.77	20.93	21.55	    30.44	308491808	  0.59	园区开发	上海	 3.90	21.26	81005	64090	  1.26	114	181	--  	     135808.41	
="300240"	飞力达	-0.54	14.86	-0.08	14.83	14.86	23444	76	         -0.13	          1.44	14.96	15.00	14.70	14.94	    56.11	34786736	  0.90	仓储物流	江苏	 2.01	14.84	12874	10570	  1.22	26	7	--  	      16245.00	
="600293"	三峡新材	-0.54	7.37	-0.04	7.38	7.39	121826	27	          0.82	          3.54	7.41	7.55	7.23	7.41	   225.70	89835224	  1.41	玻璃	湖北	 4.32	7.37	58070	63756	  0.91	516	390	--  	      34450.26	
="000902"	新洋丰	-0.57	13.97	-0.08	13.97	13.98	62139	200	          0.14	          2.41	14.08	14.13	13.83	14.05	    14.65	86527136	  0.81	农药化肥	湖北	 2.14	13.92	40848	21291	  1.92	500	93	--  	      25800.00	
="002350"	北京科锐	-0.57	13.88	-0.08	13.87	13.88	23467	120	         -0.14	          1.08	13.82	14.14	13.82	13.96	    54.75	32735354	  0.56	电气设备	北京	 2.29	13.95	12503	10964	  1.14	44	12	--  	      21821.63	
="002087"	新野纺织	-0.61	4.92	-0.03	4.91	4.92	88428	535	          0.00	          1.70	4.94	4.95	4.87	4.95	    36.36	43353164	  0.94	纺织	河南	 1.62	4.90	52659	35769	  1.47	340	1064	--  	      51961.51	
="300305"	裕兴股份	-0.63	23.58	-0.15	23.58	23.61	7235	17	          0.12	          2.01	23.73	24.07	23.30	23.73	    48.23	17137502	  0.72	塑料	江苏	 3.24	23.68	3633	3602	  1.01	67	2	--  	       3600.00	
="600038"	哈飞股份	-0.64	38.69	-0.25	38.69	38.70	44666	2	         -0.23	          1.32	39.25	39.59	38.31	38.94	    70.69	174178944	  0.54	航空航天	黑龙江	 3.29	39.00	25461	19205	  1.33	22	41	--  	      33735.00	
="600728"	佳都科技	-0.65	15.37	-0.10	15.36	15.37	75664	81	          0.19	          2.09	15.43	15.71	15.30	15.47	   494.47	117336968	  0.50	软件服务	广东	 2.65	15.51	40696	34968	  1.16	296	94	--  	      36280.03	
="002444"	巨星科技	-0.65	13.82	-0.09	13.82	13.83	111654	1605	          0.00	          1.28	13.93	14.09	13.78	13.91	    25.24	155127792	  1.21	轻工机械	浙江	 2.23	13.89	52704	58950	  0.89	9	322	--  	      87460.32	
="002205"	国统股份	-0.66	18.01	-0.12	18.01	18.02	37901	385	          0.00	          3.26	18.04	18.15	17.76	18.13	    40.82	68100240	  1.03	其他建材	新疆	 2.15	17.97	21797	16104	  1.35	163	123	--  	      11615.20	
="002035"	华帝股份	-0.67	13.43	-0.09	13.42	13.43	56278	292	         -0.14	          1.90	13.52	13.77	13.40	13.52	    17.90	76451312	  0.78	家用电器	广东	 2.74	13.58	30273	26005	  1.16	254	26	--  	      29677.21	
="300346"	南大光电	-0.68	38.09	-0.26	38.09	38.10	15138	783	          0.68	          4.22	38.09	38.78	37.60	38.35	    80.53	57778060	  0.78	半导体	江苏	 3.08	38.17	8477	6661	  1.27	219	41	--  	       3584.05	
="600655"	豫园商城	-0.70	9.96	-0.07	9.96	9.97	154545	12	          0.00	          1.08	9.98	10.06	9.85	10.03	    18.39	154074848	  0.58	百货	上海	 2.09	9.97	79093	75452	  1.05	250	340	--  	     143732.20	
="600086"	东方金钰	-0.70	24.18	-0.17	24.18	24.19	21332	13	         -0.08	          0.61	24.45	24.60	24.13	24.35	    74.78	51881684	  0.61	服饰	湖北	 1.93	24.32	12770	8562	  1.49	68	15	--  	      35228.17	
="000429"	粤高速Ａ	-0.71	4.20	-0.03	4.20	4.21	98586	1326	         -0.47	          2.11	4.25	4.27	4.16	4.23	    13.16	41565124	  0.76	路桥	广东	 2.60	4.22	48535	50051	  0.97	1814	2	--  	      46788.23	
="002293"	罗莱家纺	-0.77	25.64	-0.20	25.64	25.65	28263	345	         -0.03	          1.01	25.58	25.97	25.30	25.84	    19.51	72399704	  0.72	服饰	江苏	 2.59	25.62	15149	13114	  1.16	24	16	--  	      28072.61	
="000900"	现代投资	-0.79	6.27	-0.05	6.26	6.27	205123	2244	          0.31	          2.03	6.32	6.32	6.20	6.32	    16.31	128196768	  0.42	路桥	湖南	 1.90	6.25	115306	89817	  1.28	1197	2098	--  	     101128.75	
="600276"	恒瑞医药	-0.80	38.39	-0.31	38.32	38.38	78430	2	          0.15	          0.52	38.72	38.72	37.80	38.70	    38.77	298632576	  1.33	化学制药	江苏	 2.38	38.08	46360	32070	  1.45	43	6	--  	     149624.31	
="601258"	庞大集团	-0.83	5.95	-0.05	5.94	5.95	175500	1554	          0.33	          0.67	6.00	6.00	5.88	6.00	   124.77	104147056	  0.73	汽车服务	河北	 2.00	5.93	107979	67521	  1.60	937	126	--  	     262150.00	
="000501"	鄂武商Ａ	-0.86	13.90	-0.12	13.90	13.91	68658	382	         -0.71	          1.35	14.02	14.10	13.79	14.02	    10.91	95384600	  0.78	百货	湖北	 2.21	13.89	41476	27182	  1.53	1686	10	--  	      50718.42	
="600300"	维维股份	-0.86	5.79	-0.05	5.78	5.79	283195	5	         -0.17	          1.69	5.84	5.96	5.74	5.84	    85.86	165574960	  0.72	软饮料	江苏	 3.77	5.85	160468	122727	  1.31	1599	701	--  	     167200.00	
="600565"	迪马股份	-0.88	4.53	-0.04	4.53	4.54	99284	2	          0.00	          1.38	4.57	4.58	4.50	4.57	    50.78	45049152	  0.73	全国地产	重庆	 1.75	4.54	64023	35261	  1.82	220	1075	--  	      72000.00	
="002370"	亚太药业	-0.89	17.86	-0.16	17.86	17.87	27238	15	          0.22	          1.89	18.02	18.08	17.56	18.02	    97.66	48420228	  0.75	化学制药	浙江	 2.89	17.78	16187	11051	  1.46	46	22	--  	      14417.91	
="002144"	宏达高科	-0.95	20.83	-0.20	20.83	20.84	56103	118	          0.24	          4.10	20.90	21.35	20.78	21.03	    29.04	117969912	  0.79	纺织	浙江	 2.71	21.03	32732	23371	  1.40	47	99	--  	      13679.36	
="300211"	亿通科技	-0.95	22.88	-0.22	22.87	22.88	8090	89	          0.00	          1.71	23.03	23.22	22.82	23.10	    96.04	18588654	  0.50	通信设备	江苏	 1.73	22.98	5790	2300	  2.52	52	59	--  	       4739.52	
="600004"	白云机场	-0.96	9.24	-0.09	9.24	9.25	117293	20	          0.10	          1.02	9.35	9.43	9.16	9.33	    10.70	108732744	  0.69	机场	广东	 2.89	9.27	63565	53728	  1.18	16	652	--  	     115000.00	
="000860"	顺鑫农业	-0.97	17.38	-0.17	17.37	17.38	52739	732	         -0.17	          1.20	17.47	17.72	17.11	17.55	    26.33	91565136	  0.80	农业综合	北京	 3.48	17.36	32697	20042	  1.63	108	281	--  	      43852.50	
="002494"	华斯股份	-0.98	16.20	-0.16	16.19	16.20	24932	243	          0.00	          2.56	16.30	16.47	16.18	16.36	    31.14	40652212	  0.79	服饰	河北	 1.77	16.31	15962	8970	  1.78	254	213	--  	       9726.16	
="600738"	兰州民百	-0.99	7.03	-0.07	7.03	7.04	61965	32	         -0.14	          2.36	7.10	7.16	7.00	7.10	    22.29	43824572	  0.97	百货	甘肃	 2.25	7.07	39301	22664	  1.73	469	164	--  	      26210.72	
="300091"	金通灵	-0.99	22.97	-0.23	22.90	22.97	5998	160	          0.34	          0.47	23.20	23.34	22.83	23.20	   399.84	13816756	  0.52	机械基件	江苏	 2.20	23.03	4186	1812	  2.31	18	2	--  	      12639.70	
="600828"	成商集团	-0.99	5.99	-0.06	5.99	6.00	80240	1	         -0.16	          1.41	6.04	6.10	5.97	6.05	    14.52	48255756	  1.00	百货	四川	 2.15	6.01	44874	35366	  1.27	51	410	--  	      56981.73	
="000837"	秦川机床	-1.00	10.91	-0.11	10.90	10.91	164882	2069	          0.00	          6.45	11.19	11.56	10.90	11.02	  2323.21	185384688	  1.34	机床制造	陕西	 5.99	11.24	90740	74142	  1.22	762	307	--  	      25558.96	
="000785"	武汉中商	-1.00	8.90	-0.09	8.89	8.90	41769	508	          0.00	          1.66	8.97	9.07	8.83	8.99	    66.94	37389516	  0.74	百货	湖北	 2.67	8.95	24432	17337	  1.41	8	471	--  	      25109.36	
="000877"	天山股份	-1.02	7.78	-0.08	7.77	7.78	658777	9526	          0.00	          7.49	7.78	7.92	7.62	7.86	    16.72	511994240	  1.24	水泥	新疆	 3.82	7.77	343117	315660	  1.09	1481	1449	--  	      88001.99	
="000598"	兴蓉投资	-1.05	5.67	-0.06	5.67	5.68	566114	5053	          0.00	          3.27	5.75	5.78	5.65	5.73	    18.87	322748544	  0.90	环境保护	四川	 2.27	5.70	339229	226885	  1.50	398	4445	--  	     173051.20	
="002251"	步 步 高	-1.05	17.00	-0.18	16.99	17.00	50235	492	          0.00	          0.92	17.20	17.20	16.84	17.18	    22.68	85435240	  0.30	超市连锁	湖南	 2.10	17.01	34038	16197	  2.10	24	81	--  	      54401.89	
="600062"	华润双鹤	-1.07	22.21	-0.24	22.23	22.24	124685	3	          0.00	          2.18	22.44	22.44	21.80	22.45	    22.17	274823360	  0.72	化学制药	北京	 2.85	22.04	77982	46703	  1.67	190	320	--  	      57169.58	
="000589"	黔轮胎Ａ	-1.09	6.38	-0.07	6.38	6.39	78967	504	         -0.31	          1.62	6.44	6.49	6.36	6.45	    28.59	50668832	  0.87	汽车配件	贵州	 2.02	6.42	48141	30826	  1.56	589	869	--  	      48884.73	
="000936"	华西股份	-1.12	5.29	-0.06	5.28	5.29	177084	2269	          0.18	          2.37	5.28	5.37	5.23	5.35	   100.76	94105824	  0.73	化纤	江苏	 2.62	5.31	83784	93300	  0.90	564	755	--  	      74768.59	
="600811"	东方集团	-1.13	7.02	-0.08	7.01	7.02	311986	35	          0.14	          1.87	7.10	7.10	6.96	7.10	     7.78	218812112	  0.91	综合类	黑龙江	 1.97	7.01	185240	126746	  1.46	640	2583	--  	     166680.53	
="600810"	神马股份	-1.17	7.62	-0.09	7.61	7.62	66446	185	          0.00	          1.50	7.70	7.79	7.56	7.71	    38.71	50925132	  0.76	化纤	河南	 2.98	7.66	41760	24686	  1.69	97	113	--  	      44228.00	
="002003"	伟星股份	-1.20	9.84	-0.12	9.83	9.84	58115	547	          0.10	          1.98	9.97	10.00	9.73	9.96	    12.97	57229036	  1.04	服饰	浙江	 2.71	9.85	36678	21437	  1.71	159	632	--  	      29320.38	
="600356"	恒丰纸业	-1.23	8.02	-0.10	8.01	8.02	38670	10	          0.00	          1.53	8.10	8.13	7.98	8.12	    32.78	31069316	  1.22	造纸	黑龙江	 1.85	8.03	20007	18663	  1.07	167	37	--  	      25233.92	
="300118"	东方日升	-1.23	10.40	-0.13	10.40	10.41	148177	1621	         -0.28	          3.90	10.46	10.72	10.38	10.53	   153.50	155918096	  0.78	半导体	浙江	 3.23	10.52	81315	66862	  1.22	467	837	--  	      37982.94	
="000886"	海南高速	-1.28	4.64	-0.06	4.63	4.64	230882	1814	          0.21	          2.40	4.67	4.69	4.57	4.70	    50.69	107031816	  0.92	路桥	海南	 2.55	4.64	127704	103178	  1.24	3936	994	--  	      96284.88	
="600543"	莫高股份	-1.28	9.27	-0.12	9.26	9.27	58095	48	         -0.10	          1.81	9.40	9.48	9.23	9.39	    92.52	54250060	  0.90	红黄药酒	甘肃	 2.66	9.34	43258	14837	  2.92	203	57	--  	      32112.00	
="600496"	精工钢构	-1.28	10.00	-0.13	10.01	10.02	94700	16	          0.70	          1.61	10.03	10.16	9.91	10.13	    24.21	94709416	  1.02	钢加工	安徽	 2.47	10.00	56114	38586	  1.45	213	102	--  	      58656.60	
="600622"	嘉宝集团	-1.29	7.66	-0.10	7.66	7.67	129906	54	         -0.13	          2.53	7.75	7.76	7.57	7.76	    10.24	99692264	  0.92	综合类	上海	 2.45	7.67	81511	48395	  1.68	66	244	--  	      51430.37	
="300138"	晨光生物	-1.29	12.25	-0.16	12.24	12.25	39219	933	          0.08	          3.11	12.35	12.48	12.06	12.41	   128.86	47954548	  0.43	食品	河北	 3.38	12.23	23477	15742	  1.49	66	17	--  	      12608.41	
="600238"	海南椰岛	-1.29	9.91	-0.13	9.91	9.92	101036	60	          0.30	          2.29	10.05	10.13	9.74	10.04	    79.42	99940688	  0.55	红黄药酒	海南	 3.88	9.89	61793	39243	  1.57	356	404	--  	      44203.16	
="600895"	张江高科	-1.30	8.37	-0.11	8.36	8.37	193267	2	          0.11	          1.25	8.46	8.46	8.29	8.48	    67.09	161203584	  0.51	园区开发	上海	 2.00	8.34	119439	73828	  1.62	334	94	--  	     154868.95	
="002620"	瑞和股份	-1.30	18.16	-0.24	18.16	18.17	14030	66	          0.00	          1.54	18.39	18.40	18.10	18.40	    36.30	25587970	  0.68	装修装饰	深圳	 1.63	18.24	7644	6386	  1.20	7	159	--  	       9100.98	
="600635"	大众公用	-1.33	5.93	-0.08	5.94	5.95	246908	95	         -0.16	          1.50	6.01	6.06	5.91	6.01	    36.26	147758224	  0.65	供气供热	上海	 2.50	5.98	146167	100741	  1.45	7	3592	--  	     164486.98	
="002398"	建研集团	-1.33	17.03	-0.23	17.00	17.03	44330	759	          1.12	          2.32	17.20	17.20	16.77	17.26	    19.98	75307408	  0.62	建筑施工	福建	 2.49	16.99	26253	18077	  1.45	1054	330	--  	      19113.78	
="002534"	杭锅股份	-1.35	19.00	-0.26	19.00	19.03	15724	305	          0.00	          0.40	19.27	19.33	18.95	19.26	    58.39	29960114	  0.49	专用机械	浙江	 1.97	19.05	9409	6315	  1.49	195	23	--  	      39168.26	
="300180"	华峰超纤	-1.35	22.64	-0.31	22.62	22.64	16261	215	         -0.08	          1.41	22.82	23.16	22.42	22.95	    32.54	36971500	  0.71	化纤	上海	 3.22	22.74	10332	5929	  1.74	14	400	--  	      11531.30	
="600713"	南京医药	-1.36	8.00	-0.11	8.00	8.01	218263	323	          0.37	          3.15	8.10	8.15	7.92	8.11	    81.56	175426816	  1.03	医药连锁	江苏	 2.84	8.04	113544	104719	  1.08	277	25	--  	      69358.07	
="002220"	天宝股份	-1.36	7.95	-0.11	7.94	7.95	61456	425	          0.00	          1.58	8.04	8.08	7.87	8.06	    21.46	48972392	  0.71	食品	辽宁	 2.61	7.97	39470	21986	  1.80	195	573	--  	      38948.12	
="002361"	神剑股份	-1.37	8.66	-0.12	8.66	8.67	43216	868	         -0.34	          2.44	8.76	8.87	8.66	8.78	    32.61	37854612	  0.83	化工原料	安徽	 2.39	8.76	25851	17365	  1.49	280	130	--  	      17698.19	
="002177"	御银股份	-1.38	7.17	-0.10	7.16	7.17	307957	3063	          0.00	          5.67	7.24	7.25	7.06	7.27	    34.38	219825504	  0.55	电脑设备	广东	 2.61	7.14	170748	137209	  1.24	390	921	--  	      54339.60	
="002687"	乔治白	-1.40	11.94	-0.17	11.94	11.95	20578	233	          0.00	          2.96	12.03	12.10	11.88	12.11	    42.49	24649276	  0.50	服饰	浙江	 1.82	11.98	13890	6688	  2.08	15	72	--  	       6961.27	
="600218"	全柴动力	-1.45	13.60	-0.20	13.60	13.63	47172	100	         -0.14	          1.66	13.81	13.92	13.58	13.80	    84.87	64813820	  0.66	农用机械	安徽	 2.46	13.74	27582	19590	  1.41	26	35	--  	      28340.00	
="300231"	银信科技	-1.47	14.78	-0.22	14.77	14.78	85354	1130	          0.33	          5.48	14.90	14.96	14.60	15.00	    58.14	126048576	  0.92	软件服务	北京	 2.40	14.77	47855	37499	  1.28	5	180	--  	      15562.79	
="002294"	信立泰	-1.47	35.52	-0.53	35.52	35.53	37552	183	         -0.02	          1.31	36.04	36.05	35.24	36.05	    23.18	133498232	  0.76	化学制药	深圳	 2.25	35.55	23298	14254	  1.63	13	36	--  	      28698.46	
="300196"	长海股份	-1.48	20.60	-0.31	20.38	20.60	23064	209	          1.02	          2.11	20.92	21.33	20.31	20.91	    27.80	47834872	  0.70	玻璃	江苏	 4.88	20.74	11169	11895	  0.94	220	41	--  	      10918.94	
="000828"	东莞控股	-1.49	6.63	-0.10	6.63	6.64	130588	968	         -0.15	          1.26	6.66	6.81	6.61	6.73	    12.13	87380736	  0.77	路桥	广东	 2.97	6.69	73631	56957	  1.29	1930	542	--  	     103951.70	
="000100"	TCL 集团	-1.50	3.28	-0.05	3.28	3.29	3415985	20296	          0.00	          4.20	3.32	3.37	3.26	3.33	    10.48	1128129536	  0.82	家用电器	广东	 3.30	3.30	1861207	1554778	  1.20	1184	43796	--  	     813618.25	
="600993"	马应龙	-1.50	20.99	-0.32	20.98	20.99	79662	90	         -0.04	          2.41	21.21	21.47	20.63	21.31	    29.01	167758016	  1.05	中成药	湖北	 3.94	21.06	41089	38573	  1.07	95	34	--  	      33087.71	
="002036"	宜科科技	-1.51	9.81	-0.15	9.81	9.82	29115	412	          0.10	          1.47	9.96	9.96	9.76	9.96	   135.86	28640332	  0.31	服饰	浙江	 2.01	9.84	19143	9972	  1.92	96	223	--  	      19791.78	
="002007"	华兰生物	-1.53	34.04	-0.53	34.01	34.04	101172	1096	          0.26	          1.75	34.57	35.29	33.74	34.57	    35.11	347848352	  0.56	生物制药	河南	 4.48	34.38	59791	41381	  1.44	20	487	--  	      57686.69	
="002093"	国脉科技	-1.54	7.03	-0.11	7.03	7.04	128455	850	          0.00	          1.51	7.14	7.18	6.99	7.14	   125.09	90688224	  0.76	电信运营	福建	 2.66	7.06	75658	52797	  1.43	148	1006	--  	      85291.22	
="603123"	翠微股份	-1.55	11.46	-0.18	11.45	11.46	48521	11	         -0.08	          4.31	11.53	11.64	11.45	11.64	    37.46	55833160	  0.49	百货	北京	 1.63	11.51	30198	18323	  1.65	193	54	--  	      11246.00	
="600481"	双良节能	-1.55	10.81	-0.17	10.81	10.82	120521	54	          0.00	          1.49	11.00	11.07	10.78	10.98	    27.52	131246904	  0.87	化工原料	江苏	 2.64	10.89	79862	40659	  1.96	323	10	--  	      81010.45	
="600675"	中华企业	-1.59	5.57	-0.09	5.55	5.56	281248	14	          0.00	          1.51	5.65	5.65	5.52	5.66	    50.70	156810304	  0.53	区域地产	上海	 2.30	5.58	161364	119884	  1.35	259	57	--  	     186705.94	
="600671"	天目药业	-1.59	17.30	-0.28	17.29	17.30	19977	2	          0.05	          1.64	17.55	17.75	17.25	17.58	   719.04	34811268	  0.53	中成药	浙江	 2.84	17.42	10436	9541	  1.09	105	16	--  	      12172.04	
="002696"	百洋股份	-1.62	13.40	-0.22	13.39	13.40	29319	256	          0.37	          3.67	13.54	13.62	13.24	13.62	    48.58	39353636	  0.76	渔业	广西	 2.79	13.42	17018	12301	  1.38	52	128	--  	       7990.91	
="000623"	吉林敖东	-1.62	21.85	-0.36	21.85	21.86	184913	1073	          0.04	          2.34	22.05	22.33	21.75	22.21	    16.03	407044960	  0.64	中成药	吉林	 2.61	22.01	108797	76116	  1.43	20	49	--  	      78904.07	
="600466"	迪康药业	-1.63	6.63	-0.11	6.62	6.63	105046	378	         -0.15	          2.39	6.75	6.75	6.60	6.74	   163.71	69926184	  0.75	中成药	四川	 2.23	6.66	60984	44062	  1.38	991	577	--  	      43900.58	
="002269"	美邦服饰	-1.64	11.40	-0.19	11.39	11.40	166590	1922	          0.08	          1.66	11.56	11.67	11.32	11.59	    38.25	191363744	  0.64	服饰	上海	 3.02	11.49	93183	73407	  1.27	2762	540	--  	     100500.00	
="600795"	国电电力	-1.66	2.97	-0.05	2.97	2.98	5110080	773	          0.00	          3.32	2.98	3.04	2.95	3.02	     7.50	1524117504	  0.94	火力发电	辽宁	 2.98	2.98	2545777	2564303	  0.99	10347	37278	--  	    1539514.88	
="002700"	新疆浩源	-1.66	23.16	-0.39	23.16	23.17	44163	178	          0.04	          4.62	23.64	23.98	22.90	23.55	    52.09	103404928	  0.74	供气供热	新疆	 4.59	23.41	26034	18129	  1.44	196	63	--  	       9564.16	
="600683"	京投银泰	-1.67	6.47	-0.11	6.46	6.47	73983	21	         -0.30	          1.00	6.56	6.57	6.40	6.58	--  	47801192	  0.81	区域地产	浙江	 2.58	6.46	40844	33139	  1.23	101	22	--  	      74077.75	
="000912"	泸 天 化	-1.68	6.44	-0.11	6.44	6.45	64321	292	          0.15	          2.41	6.54	6.60	6.42	6.55	--  	41707768	  0.49	农药化肥	四川	 2.75	6.48	39963	24358	  1.64	404	407	--  	      26715.00	
="600985"	雷鸣科化	-1.71	16.11	-0.28	16.12	16.13	15686	20	         -0.12	          1.21	16.40	16.40	16.10	16.39	    23.24	25432156	  0.79	化工原料	安徽	 1.83	16.21	10739	4947	  2.17	190	50	--  	      12960.00	
="002501"	利源精制	-1.71	18.40	-0.32	18.39	18.40	143204	852	         -0.16	          4.27	18.77	19.09	18.33	18.72	    22.11	267221808	  0.86	铝	吉林	 4.06	18.66	84699	58505	  1.45	201	970	--  	      33565.53	
="600478"	科力远	-1.73	25.06	-0.44	25.07	25.08	40760	65	          0.00	          0.86	25.33	25.50	24.99	25.50	--  	102645232	  0.72	元器件	湖南	 2.00	25.18	25495	15265	  1.67	5	69	--  	      47223.51	
="002172"	澳洋科技	-1.77	7.20	-0.13	7.19	7.20	74214	1326	         -0.27	          1.38	7.31	7.35	7.17	7.33	--  	53846892	  0.93	化纤	江苏	 2.46	7.26	41954	32260	  1.30	468	908	--  	      53754.96	
="601177"	杭齿前进	-1.79	8.79	-0.16	8.79	8.80	51234	9	         -0.11	          1.28	8.94	8.95	8.77	8.95	   125.51	45329088	  0.40	机械基件	浙江	 2.01	8.85	32705	18529	  1.77	144	509	--  	      40006.00	
="002536"	西泵股份	-1.80	28.33	-0.52	28.33	28.40	35421	224	          0.07	          7.98	29.00	29.49	28.05	28.85	    59.10	101497768	  1.09	汽车配件	河南	 4.99	28.65	20244	15177	  1.33	50	22	--  	       4438.20	
="002161"	远 望 谷	-1.83	8.60	-0.16	8.60	8.61	213115	1200	          0.11	          3.07	8.77	8.77	8.54	8.76	   454.07	183843520	  0.72	通信设备	深圳	 2.63	8.63	124711	88404	  1.41	948	1280	--  	      69472.39	
="600005"	武钢股份	-1.83	2.68	-0.05	2.68	2.69	1455844	307	          0.37	          1.44	2.70	2.72	2.65	2.73	    26.34	390378944	  0.86	普钢	湖北	 2.56	2.68	796083	659761	  1.21	2703	10024	--  	    1009378.00	
="002563"	森马服饰	-1.87	35.18	-0.67	35.10	35.18	13911	169	          0.19	          1.99	35.81	35.98	35.09	35.85	    26.33	49341212	  0.67	服饰	浙江	 2.48	35.47	7644	6267	  1.22	20	89	--  	       7000.00	
="600731"	湖南海利	-1.89	8.82	-0.17	8.81	8.82	38957	10	         -0.33	          1.52	9.01	9.02	8.81	8.99	   549.92	34661048	  0.57	农药化肥	湖南	 2.34	8.90	25239	13718	  1.84	90	39	--  	      25557.66	
="000620"	新华联	-1.90	6.71	-0.13	6.71	6.72	81767	401	          0.00	          0.51	6.80	6.83	6.67	6.84	    35.66	55024112	  0.56	区域地产	北京	 2.34	6.73	48255	33512	  1.44	139	477	--  	     159797.06	
="600615"	丰华股份	-1.91	13.36	-0.26	13.36	13.37	51531	30	          0.07	          2.75	13.59	13.67	13.17	13.62	   172.30	68844104	  0.94	区域地产	上海	 3.67	13.36	30478	21053	  1.45	113	34	--  	      18762.44	
="000403"	*ST生化	-1.92	22.45	-0.44	22.44	22.45	42600	214	          0.40	          2.35	22.77	23.05	22.25	22.89	    38.26	96397288	  0.72	生物制药	江西	 3.49	22.63	25108	17492	  1.44	13	134	--  	      18151.84	
="002560"	通达股份	-1.92	19.87	-0.39	19.86	19.87	21621	107	         -0.10	          4.73	20.25	20.25	19.73	20.26	    78.53	43101092	  1.00	电气设备	河南	 2.57	19.93	13322	8299	  1.61	14	82	--  	       4567.37	
="000989"	九 芝 堂	-1.93	15.76	-0.31	15.75	15.76	69493	478	          0.12	          2.34	15.93	16.07	15.60	16.07	    30.19	109919128	  0.68	中成药	湖南	 2.92	15.82	42608	26885	  1.58	61	50	--  	      29760.52	
="600727"	鲁北化工	-1.94	6.06	-0.12	6.06	6.07	65532	10	          0.00	          1.87	6.18	6.21	6.05	6.18	   195.43	40079920	  0.55	农药化肥	山东	 2.59	6.12	41114	24418	  1.68	185	1458	--  	      35092.66	
="601007"	金陵饭店	-1.95	11.58	-0.23	11.54	11.63	43284	500	         -0.42	          1.44	11.69	11.80	11.50	11.81	   132.48	50356580	  0.54	酒店餐饮	江苏	 2.54	11.63	30326	12958	  2.34	100	26	--  	      30000.00	
="002400"	省广股份	-2.01	24.88	-0.51	24.88	24.89	85782	953	          0.44	          1.66	25.22	25.22	24.38	25.39	    42.71	213110240	  1.00	广告包装	广东	 3.31	24.84	45907	39875	  1.15	100	16	--  	      51663.73	
="002275"	桂林三金	-2.04	19.66	-0.41	19.66	19.67	24005	143	         -0.10	          0.46	20.07	20.16	19.60	20.07	    26.66	47437820	  0.64	中成药	广西	 2.79	19.76	17022	6983	  2.44	82	10	--  	      52434.82	
="002661"	克明面业	-2.05	42.15	-0.88	42.15	42.27	14766	22	          0.09	          6.91	43.03	43.10	41.90	43.03	    42.41	62588720	  0.79	食品	湖南	 2.79	42.38	9312	5454	  1.71	38	18	--  	       2135.75	
="002406"	远东传动	-2.05	11.95	-0.25	11.95	11.96	50242	176	         -0.16	          2.84	12.19	12.19	11.90	12.20	    24.79	60429460	  0.83	汽车配件	河南	 2.38	12.03	29859	20383	  1.46	33	340	--  	      17661.66	
="002073"	软控股份	-2.07	13.71	-0.29	13.71	13.72	331637	1864	         -0.07	          5.36	14.12	14.25	13.66	14.00	    63.22	460294112	  0.68	软件服务	山东	 4.21	13.88	201843	129794	  1.56	1369	883	--  	      61879.48	
="600097"	开创国际	-2.11	13.48	-0.29	13.48	13.49	23290	6	          0.00	          2.02	13.65	13.85	13.41	13.77	    26.71	31702128	  0.89	渔业	上海	 3.20	13.61	16765	6525	  2.57	92	87	--  	      11544.99	
="600033"	福建高速	-2.11	3.25	-0.07	3.24	3.25	898128	184	          0.61	          3.27	3.29	3.29	3.21	3.32	    13.40	290972448	  0.58	路桥	福建	 2.41	3.24	508113	390015	  1.30	2737	7534	--  	     274440.00	
="300270"	中威电子	-2.13	22.55	-0.49	22.50	22.55	20398	1002	          0.57	          3.22	23.04	23.50	22.42	23.04	    87.57	46732036	  0.99	通信设备	浙江	 4.69	22.91	13134	7264	  1.81	2	41	--  	       6343.12	
="002658"	雪迪龙	-2.13	27.09	-0.59	27.09	27.10	25597	287	         -0.03	          3.42	27.71	27.71	26.98	27.68	    45.67	69714216	  0.52	电器仪表	北京	 2.64	27.23	15036	10561	  1.42	60	25	--  	       7494.56	
="000545"	金浦钛业	-2.17	13.55	-0.30	13.55	13.56	55496	846	         -0.22	          3.55	13.80	13.80	13.47	13.85	    91.03	75669360	  0.65	化工原料	吉林	 2.38	13.64	33566	21930	  1.53	1038	146	--  	      15637.36	
="002110"	三钢闽光	-2.17	6.31	-0.14	6.31	6.32	92955	973	          0.15	          1.74	6.39	6.46	6.20	6.45	--  	59086828	  0.90	普钢	福建	 4.03	6.36	54390	38565	  1.41	366	140	--  	      53470.00	
="000088"	盐 田 港	-2.19	7.60	-0.17	7.59	7.60	602359	4854	          0.00	          3.10	7.75	7.95	7.51	7.77	    32.08	462620544	  0.62	港口	深圳	 5.66	7.68	332905	269454	  1.24	298	335	--  	     194212.78	
="600380"	健康元	-2.25	6.95	-0.16	6.94	6.95	113898	10	         -0.14	          0.74	7.09	7.10	6.92	7.11	    26.58	79639584	  0.69	化学制药	深圳	 2.53	6.99	73348	40550	  1.81	732	20	--  	     154583.59	
="000650"	仁和药业	-2.29	7.24	-0.17	7.23	7.24	161291	1144	         -0.13	          1.63	7.37	7.41	7.16	7.41	    26.87	117001000	  0.92	中成药	江西	 3.37	7.25	102470	58821	  1.74	864	9	--  	      99040.99	
="002202"	金风科技	-2.30	11.89	-0.28	11.88	11.89	348936	1485	          0.08	          1.63	12.17	12.18	11.82	12.17	    20.11	416258048	  0.77	电气设备	新疆	 2.96	11.93	201432	147504	  1.37	759	853	--  	     213853.45	
="600800"	天津磁卡	-2.36	7.46	-0.18	7.47	7.48	197842	188	         -0.26	          3.24	7.70	7.70	7.45	7.64	--  	149285696	  0.57	综合类	天津	 3.27	7.55	115026	82816	  1.39	139	449	--  	      61031.10	
="000078"	海王生物	-2.38	10.25	-0.25	10.25	10.26	181759	2243	          0.00	          2.49	10.42	10.49	10.24	10.50	   103.93	187648096	  0.54	生物制药	深圳	 2.38	10.32	107823	73936	  1.46	495	212	--  	      73076.79	
="000551"	创元科技	-2.39	10.60	-0.26	10.59	10.60	132287	1844	          0.00	          3.31	10.87	10.89	10.58	10.86	    90.40	141022000	  0.83	专用机械	江苏	 2.85	10.66	82457	49830	  1.65	451	2601	--  	      40008.03	
="600161"	天坛生物	-2.41	27.99	-0.69	27.99	28.00	67927	112	          0.03	          1.32	28.68	29.25	27.88	28.68	    42.15	193088208	  0.64	生物制药	北京	 4.78	28.43	39667	28260	  1.40	20	241	--  	      51546.69	
="600220"	江苏阳光	-2.41	4.05	-0.10	4.04	4.05	530676	13	         -0.49	          2.98	4.11	4.11	4.03	4.15	   110.76	216216592	  1.23	纺织	江苏	 1.93	4.07	289742	240934	  1.20	3770	144	--  	     178334.03	
="002595"	豪迈科技	-2.42	28.26	-0.70	28.26	28.27	59954	652	          0.74	          2.67	28.90	29.12	27.78	28.96	    22.21	170199376	  1.77	专用机械	山东	 4.63	28.39	33758	26196	  1.29	0	31	--  	      22461.53	
="600419"	天润乳业	-2.42	21.80	-0.54	21.80	21.81	12105	1	         -0.22	          1.51	22.34	22.40	21.80	22.34	   102.55	26752228	  0.92	乳制品	新疆	 2.69	22.10	7873	4232	  1.86	6	88	--  	       8016.00	
="002264"	新 华 都	-2.45	9.16	-0.23	9.15	9.16	164427	1724	          0.32	          3.25	9.23	9.30	9.05	9.39	    77.94	150246784	  0.53	超市连锁	福建	 2.66	9.14	105391	59036	  1.79	428	400	--  	      50638.42	
="300055"	万邦达	-2.50	36.24	-0.93	36.24	36.25	24754	119	         -0.02	          1.44	37.47	37.47	35.87	37.17	    59.82	90020872	  1.11	环境保护	北京	 4.30	36.37	14836	9918	  1.50	47	5	--  	      17184.46	
="600167"	联美控股	-2.52	13.95	-0.36	13.95	13.96	24689	91	          0.28	          1.17	14.32	14.36	13.90	14.31	    18.64	34806384	  1.00	供气供热	辽宁	 3.21	14.10	16734	7955	  2.10	2	102	--  	      21100.00	
="002026"	山东威达	-2.57	10.60	-0.28	10.60	10.62	44351	653	          0.00	          1.94	10.82	10.87	10.53	10.88	    33.85	47335320	  0.71	机械基件	山东	 3.13	10.67	26635	17716	  1.50	109	54	--  	      22815.00	
="002059"	云南旅游	-2.58	10.94	-0.29	10.94	10.95	36558	256	          0.00	          1.70	11.24	11.35	10.89	11.23	   219.67	40746948	  1.48	旅游景点	云南	 4.10	11.15	22065	14493	  1.52	511	163	--  	      21500.00	
="002168"	深圳惠程	-2.59	9.77	-0.26	9.77	9.78	397970	3178	         -0.10	          7.01	10.03	10.15	9.69	10.03	--  	391738272	  1.20	电气设备	深圳	 4.59	9.84	259260	138710	  1.87	204	1075	--  	      56803.58	
="002187"	广百股份	-2.65	11.37	-0.31	11.37	11.38	31289	358	          0.00	          0.93	11.71	11.72	11.35	11.68	    17.75	35999800	  0.57	百货	广东	 3.17	11.51	20186	11103	  1.82	265	443	--  	      33572.48	
="002496"	辉丰股份	-2.69	17.70	-0.49	17.70	17.74	31493	854	         -0.44	          1.71	18.10	18.21	17.70	18.19	    27.03	56266776	  0.50	农药化肥	江苏	 2.80	17.87	22400	9093	  2.46	45	36	--  	      18456.77	
="002524"	光正集团	-2.70	7.20	-0.20	7.19	7.20	284458	1398	         -0.13	          5.79	7.39	7.45	7.18	7.40	--  	207281824	  1.44	钢加工	新疆	 3.65	7.29	161726	122732	  1.32	2689	1262	--  	      49120.46	
="000514"	渝 开 发	-2.71	6.46	-0.18	6.46	6.47	174103	1965	         -0.15	          2.06	6.63	6.63	6.44	6.64	    33.74	113066568	  0.51	区域地产	重庆	 2.86	6.49	115403	58700	  1.97	1268	1221	--  	      84377.09	
="600812"	华北制药	-2.72	6.80	-0.19	6.80	6.81	170562	278	          0.00	          1.66	6.97	6.97	6.74	6.99	   369.50	116773072	  1.13	化学制药	河北	 3.29	6.85	107433	63129	  1.70	632	162	--  	     102857.75	
="600337"	美克家居	-2.77	8.76	-0.25	8.77	8.78	48160	9	         -0.22	          0.75	9.02	9.03	8.74	9.01	    28.52	42583872	  0.58	家居用品	新疆	 3.22	8.84	33678	14482	  2.33	23	176	--  	      63833.23	
="002691"	石中装备	-2.80	14.95	-0.43	14.95	14.96	35117	366	          0.00	          5.32	15.38	15.38	14.92	15.38	    86.45	53156560	  0.87	专用机械	河北	 2.99	15.14	22351	12766	  1.75	351	41	--  	       6596.93	
="600114"	东睦股份	-2.86	15.30	-0.45	15.30	15.31	41076	20	          0.06	          2.47	15.75	15.88	15.29	15.75	    43.72	63502520	  0.71	机械基件	浙江	 3.75	15.46	25839	15237	  1.70	22	13	--  	      16601.69	
="002232"	启明信息	-2.87	12.19	-0.36	12.18	12.19	104900	1140	         -0.16	          2.64	12.46	12.49	12.11	12.55	  1079.65	128561736	  0.49	软件服务	吉林	 3.03	12.26	60573	44327	  1.37	466	4	--  	      39797.07	
="600676"	交运股份	-2.88	8.09	-0.24	8.09	8.10	530306	20	         -0.12	          6.78	8.10	8.27	7.99	8.33	    21.93	430853920	  1.26	汽车配件	上海	 3.36	8.12	295330	234976	  1.26	144	811	--  	      78214.10	
="600287"	江苏舜天	-2.90	9.03	-0.27	9.00	9.04	87542	2	          0.44	          2.00	9.30	9.30	8.98	9.30	    50.45	79458344	  0.61	商贸代理	江苏	 3.44	9.08	57666	29876	  1.93	67	3	--  	      43679.60	
="600708"	海博股份	-2.94	8.92	-0.27	8.92	8.93	128702	2	          0.11	          2.53	9.13	9.15	8.88	9.19	    32.08	115576400	  0.64	公共交通	上海	 2.94	8.98	81520	47182	  1.73	5	62	--  	      50838.26	
="600881"	亚泰集团	-2.94	5.28	-0.16	5.27	5.28	534175	310	          0.38	          2.82	5.46	5.49	5.25	5.44	    46.76	284434336	  1.05	水泥	吉林	 4.41	5.32	349347	184828	  1.89	2197	1973	--  	     189473.20	
="000652"	泰达股份	-3.02	5.46	-0.17	5.46	5.47	231742	2892	          0.00	          1.58	5.63	5.63	5.42	5.63	--  	127837664	  0.80	综合类	天津	 3.73	5.52	142229	89513	  1.59	1904	1175	--  	     146567.00	
="002027"	七喜控股	-3.02	9.30	-0.29	9.30	9.31	52962	484	          0.00	          2.60	9.55	9.56	9.26	9.59	  2054.55	49774904	  0.74	电脑设备	广东	 3.13	9.40	31684	21278	  1.49	106	269	--  	      20348.88	
="000701"	厦门信达	-3.15	12.30	-0.40	12.30	12.31	100852	945	         -0.16	          4.20	12.68	12.68	12.27	12.70	    43.32	125162880	  0.71	综合类	福建	 3.23	12.41	61954	38898	  1.59	160	903	--  	      24024.32	
="600693"	东百集团	-3.20	8.77	-0.29	8.77	8.78	78354	39	          0.00	          2.29	8.92	9.03	8.74	9.06	    13.18	69286208	  1.16	百货	福建	 3.20	8.84	47823	30531	  1.57	57	294	--  	      34216.55	
="600120"	浙江东方	-3.21	17.21	-0.57	17.21	17.22	337172	4	         -0.63	          6.67	17.40	17.69	17.16	17.78	    16.08	585910656	  0.92	商贸代理	浙江	 2.98	17.38	181222	155950	  1.16	46	162	--  	      50547.33	
="600077"	宋都股份	-3.21	5.43	-0.18	5.41	5.46	182138	150	         -1.27	          1.67	5.62	5.74	5.40	5.61	   724.30	102129184	  0.82	全国地产	浙江	 6.06	5.61	110771	71367	  1.55	6806	86	--  	     109096.45	
="002599"	盛通股份	-3.25	17.26	-0.58	17.26	17.27	15614	220	          0.00	          1.78	17.86	17.86	17.24	17.84	   129.05	27275172	  0.99	广告包装	北京	 3.48	17.47	9775	5839	  1.67	151	6	--  	       8756.25	
="002521"	齐峰新材	-3.28	11.81	-0.40	11.81	11.82	102474	878	          0.00	          3.33	12.23	12.23	11.80	12.21	    18.75	122290736	  0.91	造纸	山东	 3.52	11.93	61346	41128	  1.49	846	339	--  	      30760.26	
="002572"	索菲亚	-3.29	22.61	-0.77	22.61	22.64	17220	144	         -0.22	          0.68	23.28	23.28	22.55	23.38	    37.75	39211736	  0.54	家居用品	广东	 3.12	22.77	11862	5358	  2.21	6	124	--  	      25138.69	
="000563"	陕国投Ａ	-3.33	8.70	-0.30	8.70	8.71	618948	5485	         -0.11	          8.22	9.38	9.38	8.68	9.00	    32.46	552012992	  3.06	多元金融	陕西	 7.78	8.92	344080	274868	  1.25	2536	1381	--  	      75266.72	
="000897"	津滨发展	-3.36	6.33	-0.22	6.32	6.33	591983	5083	          0.00	          3.66	6.47	6.51	6.30	6.55	   338.19	377996128	  0.57	区域地产	天津	 3.21	6.39	352963	239020	  1.48	5252	2142	--  	     161708.06	
="600843"	上工申贝	-3.39	13.41	-0.47	13.38	13.40	66160	1	          0.00	          3.23	13.86	13.97	13.28	13.88	    89.31	89874704	  0.50	纺织机械	上海	 4.97	13.58	42764	23396	  1.83	94	40	--  	      20494.30	
="600736"	苏州高新	-3.54	5.17	-0.19	5.16	5.17	532172	160	          0.00	          5.03	5.28	5.36	5.14	5.36	    39.92	278183744	  0.80	园区开发	江苏	 4.10	5.23	287723	244449	  1.18	452	260	--  	     105788.15	
="601588"	北辰实业	-3.61	3.74	-0.14	3.73	3.74	734819	82	          0.00	          2.76	3.83	3.87	3.69	3.88	    29.43	275816160	  0.92	区域地产	北京	 4.64	3.75	440191	294628	  1.49	3674	182	--  	     266000.00	
="000998"	隆平高科	-3.66	16.84	-0.64	16.84	16.85	312807	812	          0.11	          3.76	17.46	17.46	16.70	17.48	   108.41	530219872	  1.74	种植业	湖南	 4.35	16.95	181864	130943	  1.39	1320	185	--  	      83123.59	
="600082"	海泰发展	-3.68	6.55	-0.25	6.55	6.56	323420	43	          0.30	          5.13	6.74	6.74	6.43	6.80	    57.94	212041632	  0.62	园区开发	天津	 4.56	6.56	180992	142428	  1.27	39	57	--  	      62998.89	
="002082"	栋梁新材	-3.94	10.47	-0.43	10.47	10.48	148412	2583	         -0.38	          7.98	10.73	10.87	10.40	10.90	    24.30	156884160	  0.77	铝	浙江	 4.31	10.57	89273	59139	  1.51	577	311	--  	      18605.09	
="002302"	西部建设	-4.06	14.87	-0.63	14.87	14.88	192056	1866	         -0.13	          7.09	15.23	15.55	14.77	15.50	    33.75	290403360	  1.01	水泥	新疆	 5.03	15.12	114105	77951	  1.46	569	51	--  	      27091.33	
="002162"	斯米克	-4.20	8.45	-0.37	8.44	8.45	267239	2832	         -0.23	          6.39	8.71	8.71	8.38	8.82	   364.35	227646752	  0.93	陶瓷	上海	 3.74	8.52	157516	109723	  1.44	270	601	--  	      41800.00	
="601700"	风范股份	-4.57	15.86	-0.76	15.85	15.88	51747	40	         -0.50	          2.19	16.62	16.62	15.85	16.62	    32.11	83468112	  1.31	电气设备	江苏	 4.63	16.13	30298	21449	  1.41	75	8	--  	      23576.84	
="000507"	珠海港	-4.71	6.47	-0.32	6.46	6.47	624569	10265	          0.15	          8.09	6.70	6.85	6.42	6.79	--  	412001696	  0.69	港口	广东	 6.33	6.60	349820	274749	  1.27	3668	723	--  	      77214.38	
="600153"	建发股份	-4.98	7.44	-0.39	7.43	7.44	1144306	1	          0.13	          4.04	7.75	7.76	7.38	7.83	    10.05	856863296	  1.04	商贸代理	福建	 4.85	7.49	634778	509528	  1.25	1178	261	--  	     283520.06	
="600897"	厦门空港	-5.67	20.30	-1.22	20.28	20.30	111850	6	          0.14	          3.76	21.20	21.21	20.15	21.52	    12.54	228992688	  1.00	机场	福建	 4.93	20.47	62229	49621	  1.25	1	82	--  	      29781.00	
="002448"	中原内配	-6.22	17.18	-1.14	17.17	17.18	182545	1163	          0.00	         10.17	17.90	18.50	17.08	18.32	    20.78	322154624	  1.10	运输设备	河南	 7.75	17.65	88459	94086	  0.94	185	315	--  	      17946.90	
数据来源:通达信
