代码	名称	涨幅%%	现价	涨跌	买价	卖价	总量	现量	涨速%%	换手%%	今开	最高	最低	昨收	市盈(动)	总金额	量比	细分行业	地区	振幅%%	均价	内盘	外盘	内外比	买量	卖量	未匹配量	流通股本(万)	
="600581"	八一钢铁	10.02	5.49	0.50	5.49	--  	602220	17	0.00	          7.86	4.95	5.49	4.93	4.99	--  	315327456	  1.60	普钢	新疆	11.22	5.24	270068	332152	  0.81	76716	0	--  	      76644.89	
="600873"	梅花生物	10.02	6.81	0.62	6.81	--  	1078209	984	0.00	          3.47	6.18	6.81	6.11	6.19	    58.52	706199680	  2.51	食品	西藏	11.31	6.55	559597	518611	  1.08	144	0	--  	     310822.66	
="600783"	鲁信创投	10.00	24.65	2.24	24.65	--  	240388	2	0.00	          3.23	22.30	24.65	21.91	22.41	    43.13	565112960	  0.64	矿物制品	山东	12.23	23.51	115394	124993	  0.92	230855	0	--  	      74435.92	
="000795"	太原刚玉	9.98	12.01	1.09	12.01	--  	2991	100	0.00	          0.11	12.01	12.01	12.01	10.92	--  	3592095	  0.04	矿物制品	山西	0.00	12.01	2890	100	 28.90	74709	0	--  	      27679.44	
="600005"	武钢股份	9.94	3.43	0.31	3.41	3.42	3983210	437	0.29	          3.95	3.11	3.43	3.07	3.12	    33.70	1293370496	  1.52	普钢	湖北	11.54	3.25	1829415	2153794	  0.85	1545	1127	--  	    1009378.00	
="000532"	力合股份	9.53	19.43	1.69	19.42	19.43	205295	2083	-0.25	          5.99	18.00	19.49	18.00	17.74	   243.48	385263712	  1.21	元器件	广东	8.40	18.77	98646	106648	  0.92	62	1750	--  	      34279.58	
="002075"	沙钢股份	8.64	5.53	0.44	5.53	5.54	409410	12379	0.36	          2.60	5.05	5.55	5.00	5.09	   124.93	217655984	  1.21	特钢	江苏	10.81	5.32	175848	233562	  0.75	2843	5517	--  	     157626.48	
="600007"	中国国贸	8.62	15.63	1.24	15.61	15.64	129385	45	-0.12	          1.28	14.30	15.77	14.26	14.39	    27.52	198251984	  1.48	园区开发	北京	10.49	15.32	60585	68799	  0.88	23	68	--  	     100728.25	
="000993"	闽东电力	7.67	10.67	0.76	10.67	10.68	144410	1105	0.18	          3.87	9.86	10.84	9.78	9.91	    33.85	150134064	  1.77	水力发电	福建	10.70	10.40	65231	79179	  0.82	1300	597	--  	      37300.00	
="601928"	凤凰传媒	5.62	12.40	0.66	12.41	12.42	1412548	127	0.08	         19.93	12.57	12.91	12.20	11.74	    32.23	1775792256	  2.96	出版业	江苏	6.05	12.57	687981	724566	  0.95	1583	1008	--  	      70878.35	
="600162"	香江控股	4.87	7.10	0.33	7.09	7.10	567455	28	0.28	          7.39	6.69	7.26	6.63	6.77	    16.63	395952928	  1.77	全国地产	深圳	9.31	6.98	256114	311340	  0.82	712	563	--  	      76781.27	
="601233"	桐昆股份	4.02	8.28	0.32	8.27	8.28	186778	50	0.48	          1.95	7.93	8.28	7.85	7.96	   350.81	152427424	  0.97	化纤	浙江	5.40	8.16	90395	96383	  0.94	435	413	--  	      95927.07	
="000503"	海虹控股	4.01	28.82	1.11	28.82	28.84	197623	1358	-0.27	          2.20	27.72	29.05	27.51	27.71	  8016.52	562015744	  0.75	互联网	海南	5.56	28.44	96053	101569	  0.95	257	10	--  	      89796.70	
="000011"	深物业A	3.59	10.10	0.35	10.09	10.10	197941	1494	0.00	         11.26	9.65	10.28	9.60	9.75	    13.97	198559152	  1.05	区域地产	深圳	6.97	10.03	87277	110664	  0.79	697	924	--  	      17586.25	
="000539"	粤电力Ａ	3.50	7.39	0.25	7.38	7.39	528741	3313	0.00	          2.49	7.02	7.69	7.00	7.14	     9.61	390323008	  1.03	火力发电	广东	9.66	7.38	278375	250366	  1.11	898	279	--  	     212769.03	
="300068"	南都电源	3.47	11.63	0.39	11.62	11.63	371285	1211	0.08	          9.14	11.10	11.79	11.05	11.24	    47.19	424823712	  1.44	电气设备	浙江	6.58	11.44	174317	196967	  0.89	620	1843	--  	      40610.39	
="600578"	京能电力	3.47	5.37	0.18	5.36	5.37	1079718	35	0.56	          4.78	5.16	5.49	5.14	5.19	     8.67	575449600	  0.92	火力发电	北京	6.74	5.33	540635	539082	  1.00	47	4085	--  	     225731.70	
="600335"	国机汽车	3.32	19.61	0.63	19.57	19.58	58697	1	0.15	          1.05	18.77	19.70	18.72	18.98	    14.76	113583232	  0.66	汽车配件	天津	5.16	19.35	20656	38041	  0.54	25	21	--  	      56000.46	
="000655"	金岭矿业	3.21	9.65	0.30	9.65	9.66	179984	2972	0.41	          3.02	9.28	9.80	9.09	9.35	    29.45	168978464	  0.92	普钢	山东	7.59	9.39	89506	90477	  0.99	836	481	--  	      59534.01	
="002221"	东华能源	3.16	15.68	0.48	15.68	15.69	125814	496	-0.06	          2.81	15.20	16.44	15.01	15.20	   178.44	198037488	  1.30	石油贸易	江苏	9.41	15.74	61012	64801	  0.94	516	135	--  	      44718.82	
="600143"	金发科技	2.75	6.72	0.18	6.71	6.72	892663	65	0.00	          3.49	6.54	6.87	6.49	6.54	    28.26	599767040	  1.00	塑料	广东	5.81	6.72	440876	451787	  0.98	1865	1986	--  	     256000.00	
="600978"	宜华木业	2.43	5.91	0.14	5.90	5.91	397764	28	0.33	          2.68	5.75	5.92	5.72	5.77	    14.63	232602416	  0.62	家居用品	广东	3.47	5.85	174237	223526	  0.78	1211	325	--  	     148287.00	
="600100"	同方股份	2.38	12.93	0.30	12.91	12.92	821049	43	0.62	          3.97	12.51	12.97	12.34	12.63	   173.07	1043307648	  0.86	电脑设备	北京	4.99	12.71	398266	422782	  0.94	53	25	--  	     207020.14	
="000900"	现代投资	2.30	7.13	0.16	7.12	7.13	286627	2225	0.14	          2.83	6.99	7.27	6.89	6.97	    18.55	204267904	  0.76	路桥	湖南	5.45	7.13	148833	137793	  1.08	2256	1146	--  	     101128.75	
="000988"	华工科技	2.20	13.45	0.29	13.44	13.45	208521	5763	-0.22	          2.34	13.02	13.52	12.93	13.16	    60.89	276510656	  0.68	电器仪表	湖北	4.48	13.26	93872	114648	  0.82	85	4043	--  	      89111.65	
="600377"	宁沪高速	2.20	6.98	0.15	6.97	6.98	256713	2712	0.00	          0.68	6.79	7.09	6.73	6.83	    12.75	178668304	  1.09	路桥	江苏	5.27	6.96	125140	131572	  0.95	446	618	--  	     379275.53	
="002527"	新时达	2.16	18.96	0.40	18.96	18.97	66352	463	0.15	          3.02	18.58	19.19	18.42	18.56	    37.55	125018144	  0.65	电器仪表	上海	4.15	18.84	34783	31568	  1.10	176	70	--  	      21946.88	
="000726"	鲁  泰Ａ	2.09	11.26	0.23	11.26	11.27	164909	1703	0.17	          2.94	10.81	11.35	10.81	11.03	    11.37	183977056	  0.87	纺织	山东	4.90	11.16	77936	86973	  0.90	264	338	--  	      56110.69	
="600642"	申能股份	2.04	6.00	0.12	5.99	6.00	919359	1018	0.16	          2.02	5.85	6.14	5.79	5.88	    14.40	551195328	  0.79	火力发电	上海	5.95	6.00	490657	428702	  1.14	910	4603	--  	     455203.84	
="601777"	力帆股份	2.02	10.09	0.20	10.08	10.09	188522	78	0.29	          1.94	9.80	10.10	9.77	9.89	    23.79	188153088	  0.75	摩托车	重庆	3.34	9.98	83215	105307	  0.79	260	422	--  	      97137.89	
="600676"	交运股份	1.95	8.90	0.17	8.90	8.91	291962	32	0.33	          3.73	8.85	9.06	8.77	8.73	    24.13	259968848	  1.52	汽车配件	上海	3.32	8.90	143351	148610	  0.96	211	589	--  	      78214.10	
="600009"	上海机场	1.90	20.36	0.38	20.38	20.39	569174	182	0.39	          5.21	20.10	21.47	20.10	19.98	    18.64	1176204800	  1.40	机场	上海	6.86	20.67	274491	294683	  0.93	38	286	--  	     109347.64	
="601117"	中国化学	1.89	8.09	0.15	8.09	8.10	1859955	35	-0.12	          3.77	8.00	8.34	7.90	7.94	    11.64	1511945344	  0.90	建筑施工	北京	5.54	8.13	1034396	825559	  1.25	3088	1702	--  	     493300.00	
="600058"	五矿发展	1.87	15.28	0.28	15.27	15.28	217519	52	0.39	          2.03	14.85	15.37	14.81	15.00	    69.53	329200768	  0.58	商贸代理	北京	3.73	15.13	124381	93137	  1.34	705	37	--  	     107191.07	
="600483"	福能股份	1.86	10.40	0.19	10.41	10.42	64396	130	0.00	          2.23	10.21	10.49	10.11	10.21	    18.24	66877348	  0.86	火力发电	福建	3.72	10.39	30482	33914	  0.90	40	316	--  	      28848.36	
="600823"	世茂股份	1.79	13.08	0.23	13.08	13.09	203836	128	0.38	          1.74	12.69	13.27	12.61	12.85	    14.90	264768352	  0.63	全国地产	上海	5.14	12.99	102546	101289	  1.01	478	293	--  	     117059.53	
="300345"	红宇新材	1.78	21.71	0.38	21.70	21.71	6995	169	0.04	          1.13	21.48	21.75	21.11	21.33	   886.07	14942799	  0.21	钢加工	湖南	3.00	21.36	4183	2812	  1.49	2	44	--  	       6180.70	
="002220"	天宝股份	1.63	9.35	0.15	9.34	9.35	84596	1168	0.10	          2.17	9.20	9.45	9.11	9.20	    25.23	78849256	  0.80	食品	辽宁	3.70	9.32	41070	43526	  0.94	261	432	--  	      38948.12	
="600098"	广州发展	1.58	7.71	0.12	7.70	7.72	370064	1172	0.00	          1.52	7.71	7.90	7.58	7.59	    15.63	285398848	  0.82	火力发电	广东	4.22	7.71	158447	211616	  0.75	468	1	--  	     243737.45	
="601600"	中国铝业	1.57	5.16	0.08	5.14	5.15	1862604	5	0.00	          1.94	5.05	5.24	4.98	5.08	--  	951890048	  0.65	铝	北京	5.12	5.11	905050	957554	  0.95	625	1808	--  	     958052.19	
="600111"	包钢稀土	1.50	25.06	0.37	25.05	25.06	837633	47	0.23	          5.66	24.70	25.85	24.41	24.69	   114.71	2107661056	  0.64	小金属	内蒙	5.83	25.16	426596	411037	  1.04	12	7	--  	     147946.98	
="000069"	华侨城Ａ	1.43	7.07	0.10	7.07	7.08	1215355	12657	0.00	          3.90	6.91	7.33	6.87	6.97	    13.70	861564352	  0.51	旅游景点	深圳	6.60	7.09	646305	569049	  1.14	5294	4728	--  	     311246.41	
="600805"	悦达投资	1.32	12.27	0.16	12.27	12.28	436213	41	-0.16	          5.14	12.02	12.55	11.98	12.11	    10.43	537435392	  0.77	综合类	江苏	4.71	12.32	205225	230987	  0.89	31	1208	--  	      84920.21	
="300072"	三聚环保	1.24	25.39	0.31	25.38	25.39	115771	774	0.27	          2.52	25.00	26.40	24.65	25.08	    34.55	296496736	  0.77	化工原料	北京	6.98	25.61	54992	60778	  0.90	101	181	--  	      45855.16	
="600673"	东阳光科	1.22	17.42	0.21	17.41	17.45	149386	529	0.11	          1.82	17.02	17.47	16.95	17.21	   110.72	257397616	  0.67	铝	广东	3.02	17.23	68888	80498	  0.86	87	1757	--  	      82261.22	
="000525"	红 太 阳	1.17	16.37	0.19	16.36	16.37	76291	508	0.12	          1.50	16.18	16.66	16.08	16.18	    15.65	125252648	  0.61	农药化肥	江苏	3.58	16.42	41562	34728	  1.20	298	501	--  	      50698.30	
="600018"	上港集团	1.11	6.35	0.07	6.35	6.36	1843400	36	0.47	          0.81	6.31	6.55	6.20	6.28	    23.16	1176270592	  0.82	港口	上海	5.57	6.38	995695	847705	  1.17	177	3277	--  	    2275518.00	
="600350"	山东高速	1.09	4.62	0.05	4.61	4.62	434053	54	-0.21	          0.90	4.53	4.75	4.50	4.57	     9.67	200998144	  0.97	路桥	山东	5.47	4.63	241693	192360	  1.26	1542	127	--  	     481116.59	
="600426"	华鲁恒升	0.97	10.40	0.10	10.39	10.41	448014	5	0.19	          4.70	10.26	10.58	10.08	10.30	    11.97	463129792	  0.87	农药化肥	山东	4.85	10.34	210182	237831	  0.88	508	162	--  	      95362.50	
="600639"	浦东金桥	0.96	16.90	0.16	16.89	16.90	196595	5	0.41	          2.99	16.51	17.36	16.38	16.74	    36.89	332426304	  0.76	园区开发	上海	5.85	16.91	93042	103553	  0.90	80	1186	--  	      65664.88	
="600067"	冠城大通	0.93	7.61	0.07	7.61	7.62	296519	7	-0.13	          2.49	7.40	7.73	7.35	7.54	    19.94	223923600	  0.52	全国地产	福建	5.04	7.55	139314	157204	  0.89	407	956	--  	     119055.79	
="600970"	中材国际	0.88	11.43	0.10	11.42	11.43	525679	28	0.70	          4.81	11.40	11.75	11.09	11.33	    18.98	597417408	  0.78	建筑施工	江苏	5.83	11.36	271360	254318	  1.07	404	9	--  	     109329.72	
="600036"	招商银行	0.85	14.24	0.12	14.27	14.28	5959063	1461	0.42	          2.89	14.29	14.96	13.92	14.12	     5.88	8598092800	  0.94	银行	深圳	7.37	14.43	2808523	3150539	  0.89	1054	1463	--  	    2062894.50	
="600795"	国电电力	0.85	3.58	0.03	3.58	3.59	6475784	1227	0.28	          4.21	3.57	3.68	3.44	3.55	     9.04	2306034688	  0.84	火力发电	辽宁	6.76	3.56	3161396	3314387	  0.95	6155	35309	--  	    1539514.88	
="601333"	广深铁路	0.79	3.83	0.03	3.83	3.84	1764820	742	0.26	          3.12	3.82	3.93	3.70	3.80	    31.31	672337344	  0.92	铁路	深圳	6.05	3.81	914909	849910	  1.08	6689	5653	--  	     565223.69	
="000729"	燕京啤酒	0.77	7.84	0.06	7.83	7.84	249121	1760	0.38	          1.00	7.77	7.98	7.68	7.78	    18.03	195717232	  0.87	啤酒	北京	3.86	7.86	132459	116661	  1.14	392	408	--  	     249943.92	
="002032"	苏 泊 尔	0.70	17.30	0.12	17.30	17.32	16591	23	-0.46	          0.49	17.17	17.43	16.89	17.18	    16.18	28508050	  0.76	家用电器	浙江	3.14	17.18	6533	10057	  0.65	1	55	--  	      33906.17	
="002561"	徐家汇	0.61	13.19	0.08	13.18	13.19	76640	950	0.15	          2.02	13.10	13.37	12.94	13.11	    22.70	100765424	  0.77	百货	上海	3.28	13.15	39277	37363	  1.05	460	275	--  	      37991.03	
="000926"	福星股份	0.61	9.90	0.06	9.89	9.90	350884	2746	0.40	          6.64	9.77	10.18	9.70	9.84	     9.12	348100224	  0.76	区域地产	湖北	4.88	9.92	177214	173669	  1.02	2665	805	--  	      52853.94	
="600170"	上海建工	0.58	6.93	0.04	6.93	6.94	861447	30	0.43	          7.83	6.90	7.15	6.80	6.89	    17.77	598950784	  0.79	建筑施工	上海	5.08	6.95	467802	393644	  1.19	413	1073	--  	     109966.28	
="600284"	浦东建设	0.54	11.22	0.06	11.22	11.23	271453	41	0.17	          4.11	11.11	11.35	11.05	11.16	    24.56	304611360	  0.72	建筑施工	上海	2.69	11.22	134737	136716	  0.99	135	710	--  	      66104.00	
="600846"	同济科技	0.51	9.90	0.05	9.89	9.90	383045	695	0.20	          6.13	9.76	10.07	9.70	9.85	    58.92	379229792	  0.72	综合类	上海	3.76	9.90	191699	191346	  1.00	945	786	--  	      62476.14	
="000032"	深桑达Ａ	0.50	11.96	0.06	11.96	11.97	48035	290	-0.08	          2.06	11.80	12.02	11.70	11.90	--  	57037872	  0.63	元器件	深圳	2.69	11.87	22667	25367	  0.89	96	394	--  	      23282.71	
="002237"	恒邦股份	0.46	17.32	0.08	17.32	17.33	127613	2177	0.05	          3.19	17.05	17.40	16.91	17.24	    25.18	218783008	  0.75	黄金	山东	2.84	17.14	68764	58849	  1.17	415	1440	--  	      40015.00	
="601958"	金钼股份	0.41	9.73	0.04	9.72	9.73	205665	73	0.10	          0.64	9.58	9.91	9.51	9.69	   134.86	199643024	  0.49	小金属	陕西	4.13	9.71	112241	93423	  1.20	34	34	--  	     322660.44	
="601991"	大唐发电	0.19	5.36	0.01	5.36	5.37	664549	30	0.18	          0.66	5.30	5.55	5.24	5.35	    14.60	356570880	  0.73	火力发电	北京	5.79	5.37	379543	285006	  1.33	2119	2520	--  	     999436.00	
="600809"	山西汾酒	0.18	21.94	0.04	21.94	21.95	104054	12	0.18	          1.20	21.90	22.55	21.61	21.90	    35.75	229552720	  0.50	白酒	山西	4.29	22.06	57696	46358	  1.24	57	124	--  	      86584.82	
="300094"	国联水产	0.18	11.02	0.02	11.02	11.05	70920	1258	0.09	          2.02	11.00	11.19	10.80	11.00	    98.05	77921760	  0.56	渔业	广东	3.55	10.99	28542	42378	  0.67	122	313	--  	      35072.21	
="601898"	中煤能源	0.17	5.97	0.01	5.97	5.98	661467	42	0.67	          0.72	5.87	6.09	5.81	5.96	    90.06	393446240	  0.53	煤炭开采	北京	4.70	5.95	337939	323528	  1.04	694	1921	--  	     915200.06	
="601339"	百隆东方	0.00	10.97	0.00	10.98	10.99	51739	80	0.00	          2.69	10.90	11.10	10.74	10.97	    15.48	56518936	  0.54	纺织	浙江	3.28	10.92	29210	22529	  1.30	120	123	--  	      19200.00	
="600986"	科达股份	0.00	7.05	0.00	--  	--  	0	0	0.00	          0.00	--  	--  	--  	7.05	    36.88	0	  0.00	建筑施工	山东	0.00	7.05	0	0	--  	0	0	--  	      33526.96	
="600981"	汇鸿股份	0.00	4.21	0.00	--  	--  	0	0	0.00	          0.00	--  	--  	--  	4.21	    92.48	0	  0.00	商贸代理	江苏	0.00	4.21	0	0	--  	0	0	--  	      51610.64	
="600876"	洛阳玻璃	0.00	7.24	0.00	--  	--  	0	0	0.00	          0.00	--  	--  	--  	7.24	   374.48	0	  0.00	玻璃	河南	0.00	7.24	0	0	--  	0	0	--  	      25001.82	
="600749"	西藏旅游	0.00	12.18	0.00	--  	--  	0	0	0.00	          0.00	--  	--  	--  	12.18	  1161.76	0	  0.00	旅游景点	西藏	0.00	12.18	0	0	--  	0	0	--  	      18913.78	
="600575"	皖江物流	0.00	4.11	0.00	--  	--  	0	0	0.00	          0.00	--  	--  	--  	4.11	--  	0	  0.00	港口	安徽	0.00	4.11	0	0	--  	0	0	--  	     142320.00	
="600569"	安阳钢铁	0.00	2.32	0.00	--  	--  	0	0	0.00	          0.00	--  	--  	--  	2.32	    78.40	0	  0.00	普钢	河南	0.00	2.32	0	0	--  	0	0	--  	     239368.45	
="600549"	厦门钨业	0.00	33.26	0.00	33.26	33.27	98030	10	0.42	          1.44	33.14	33.99	32.90	33.26	    80.21	327162752	  0.49	小金属	福建	3.28	33.37	53832	44198	  1.22	152	11	--  	      68198.00	
="600517"	置信电气	0.00	12.45	0.00	--  	--  	0	0	0.00	          0.00	--  	--  	--  	12.45	    84.39	0	  0.00	电气设备	上海	0.00	12.45	0	0	--  	0	0	--  	     111366.89	
="600365"	通葡股份	0.00	11.38	0.00	--  	--  	0	0	0.00	          0.00	--  	--  	--  	11.38	  5686.21	0	  0.00	红黄药酒	吉林	0.00	11.38	0	0	--  	0	0	--  	      14000.00	
="600318"	巢东股份	0.00	11.20	0.00	--  	--  	0	0	0.00	          0.00	--  	--  	--  	11.20	    17.93	0	  0.00	水泥	安徽	0.00	11.20	0	0	--  	0	0	--  	      24200.00	
="600241"	时代万恒	0.00	8.28	0.00	--  	--  	0	0	0.00	          0.00	--  	--  	--  	8.28	--  	0	  0.00	商贸代理	辽宁	0.00	8.28	0	0	--  	0	0	--  	      18020.00	
="600105"	永鼎股份	0.00	9.86	0.00	--  	--  	0	0	0.00	          0.00	--  	--  	--  	9.86	    22.23	0	  0.00	通信设备	江苏	0.00	9.86	0	0	--  	0	0	--  	      38095.46	
="600103"	青山纸业	0.00	3.66	0.00	--  	--  	0	0	0.00	          0.00	--  	--  	--  	3.66	   601.14	0	  0.00	造纸	福建	0.00	3.66	0	0	--  	0	0	--  	     106184.15	
="600091"	ST明科	0.00	7.02	0.00	--  	--  	0	0	0.00	          0.00	--  	--  	--  	7.02	--  	0	  0.00	化工原料	内蒙	0.00	7.02	0	0	--  	0	0	--  	      33652.60	
="600090"	啤酒花	0.00	8.13	0.00	--  	--  	0	0	0.00	          0.00	--  	--  	--  	8.13	    36.46	0	  0.00	啤酒	新疆	0.00	8.13	0	0	--  	0	0	--  	      36791.66	
="300342"	天银机电	--  	17.85	--  	--  	--  	0	0	--  	          0.00	--  	--  	--  	17.85	    39.14	0	  0.00	元器件	江苏	0.00	17.85	0	0	--  	0	0	--  	       6650.00	
="300332"	天壕节能	--  	14.06	--  	--  	--  	0	0	--  	          0.00	--  	--  	--  	14.06	    40.57	0	  0.00	环境保护	北京	0.00	14.06	0	0	--  	0	0	--  	      22666.75	
="300313"	天山生物	--  	23.69	--  	--  	--  	0	0	--  	          0.00	--  	--  	--  	23.69	   258.62	0	  0.00	农业综合	新疆	0.00	23.69	0	0	--  	0	0	--  	       4177.81	
="002700"	新疆浩源	--  	25.29	--  	--  	--  	0	0	--  	          0.00	--  	--  	--  	25.29	    56.88	0	  0.00	供气供热	新疆	0.00	25.29	0	0	--  	0	0	--  	       9564.16	
="002608"	舜天船舶	--  	12.79	--  	--  	--  	0	0	--  	          0.00	--  	--  	--  	12.79	    86.27	0	  0.00	船舶	江苏	0.00	12.79	0	0	--  	0	0	--  	      32855.16	
="002558"	世纪游轮	--  	31.65	--  	--  	--  	0	0	--  	          0.00	--  	--  	--  	31.65	   271.60	0	  0.00	旅游服务	重庆	0.00	31.65	0	0	--  	0	0	--  	       3244.39	
="002529"	海源机械	--  	15.03	--  	--  	--  	0	0	--  	          0.00	--  	--  	--  	15.03	--  	0	  0.00	专用机械	福建	0.00	15.03	0	0	--  	0	0	--  	      15608.25	
="002509"	天广消防	--  	12.27	--  	--  	--  	0	0	--  	          0.00	--  	--  	--  	12.27	    51.77	0	  0.00	专用机械	福建	0.00	12.27	0	0	--  	0	0	--  	      23109.89	
="002426"	胜利精密	--  	11.26	--  	--  	--  	0	0	--  	          0.00	--  	--  	--  	11.26	    68.41	0	  0.00	元器件	江苏	0.00	11.26	0	0	--  	0	0	--  	      35306.58	
="002324"	普利特	--  	19.90	--  	--  	--  	0	0	--  	          0.00	--  	--  	--  	19.90	    26.33	0	  0.00	塑料	上海	0.00	19.90	0	0	--  	0	0	--  	      15582.66	
="002323"	中联电气	--  	21.95	--  	--  	--  	0	0	--  	          0.00	--  	--  	--  	21.95	   130.92	0	  0.00	电气设备	江苏	0.00	21.95	0	0	--  	0	0	--  	       8350.16	
="002168"	深圳惠程	--  	10.13	--  	--  	--  	0	0	--  	          0.00	--  	--  	--  	10.13	--  	0	  0.00	电气设备	深圳	0.00	10.13	0	0	--  	0	0	--  	      56803.58	
="002044"	江苏三友	--  	10.04	--  	--  	--  	0	0	--  	          0.00	--  	--  	--  	10.04	    43.13	0	  0.00	服饰	江苏	0.00	10.04	0	0	--  	0	0	--  	      22410.00	
="002009"	天奇股份	--  	16.30	--  	--  	--  	0	0	--  	          0.00	--  	--  	--  	16.30	    47.89	0	  0.00	工程机械	江苏	0.00	16.30	0	0	--  	0	0	--  	      25991.22	
="002006"	*ST精功	--  	8.75	--  	--  	--  	0	0	--  	          0.00	--  	--  	--  	8.75	--  	0	  0.00	工程机械	浙江	0.00	8.75	0	0	--  	0	0	--  	      43677.89	
="000920"	南方汇通	--  	13.23	--  	--  	--  	0	0	--  	          0.00	--  	--  	--  	13.23	    31.50	0	  0.00	运输设备	贵州	0.00	13.23	0	0	--  	0	0	--  	      42200.00	
="000796"	易食股份	--  	7.23	--  	--  	--  	0	0	--  	          0.00	--  	--  	--  	7.23	    95.94	0	  0.00	食品	陕西	0.00	7.23	0	0	--  	0	0	--  	      24652.30	
="000710"	天兴仪表	--  	13.60	--  	--  	--  	0	0	--  	          0.00	--  	--  	--  	13.60	--  	0	  0.00	汽车配件	四川	0.00	13.60	0	0	--  	0	0	--  	      15120.00	
="000627"	天茂集团	--  	4.10	--  	--  	--  	0	0	--  	          0.00	--  	--  	--  	4.10	    28.37	0	  0.00	化工原料	湖北	0.00	4.10	0	0	--  	0	0	--  	     135358.98	
="000533"	万 家 乐	--  	5.97	--  	--  	--  	0	0	--  	          0.00	--  	--  	--  	5.97	    35.25	0	  0.00	家用电器	广东	0.00	5.97	0	0	--  	0	0	--  	      68487.71	
="000514"	渝 开 发	--  	7.08	--  	--  	--  	0	0	--  	          0.00	--  	--  	--  	7.08	    36.98	0	  0.00	区域地产	重庆	0.00	7.08	0	0	--  	0	0	--  	      84377.09	
="000498"	山东路桥	--  	4.64	--  	--  	--  	0	0	--  	          0.00	--  	--  	--  	4.64	    27.67	0	  0.00	建筑施工	山东	0.00	4.64	0	0	--  	0	0	--  	      35417.01	
="000333"	美的集团	--  	24.70	--  	--  	--  	0	0	--  	          0.00	--  	--  	--  	24.70	     8.72	0	  0.00	家用电器	广东	0.00	24.70	0	0	--  	0	0	--  	     223971.95	
="002563"	森马服饰	-0.21	37.55	-0.08	37.54	37.55	14106	252	-0.02	          2.02	37.40	37.58	35.91	37.63	    28.11	51833764	  0.68	服饰	浙江	4.44	36.75	9405	4700	  2.00	19	42	--  	       7000.00	
="000338"	潍柴动力	-0.27	25.93	-0.07	25.93	25.95	461572	2429	0.19	          4.41	25.99	27.08	25.30	26.00	     8.75	1208818176	  0.68	汽车配件	山东	6.85	26.19	248873	212699	  1.17	106	114	--  	     104608.49	
="601899"	紫金矿业	-0.31	3.22	-0.01	3.21	3.22	4079268	722	0.62	          2.58	3.22	3.22	3.13	3.23	    26.55	1298850944	  0.66	黄金	福建	2.79	3.18	2094343	1984925	  1.06	5824	17502	--  	    1580380.38	
="002461"	珠江啤酒	-0.34	17.34	-0.06	17.33	17.34	50274	914	-0.05	          0.74	17.50	17.54	17.00	17.40	   147.41	86664728	  0.69	啤酒	广东	3.10	17.24	28905	21369	  1.35	117	106	--  	      68016.17	
="600016"	民生银行	-0.35	8.61	-0.03	8.60	8.62	8252881	2347	0.11	          3.04	8.41	8.90	8.35	8.64	     5.98	7159968768	  0.60	银行	北京	6.37	8.68	4082374	4170506	  0.98	9711	4156	--  	    2710607.50	
="600521"	华海药业	-0.38	15.63	-0.06	15.63	15.64	80943	10	0.38	          1.04	15.55	15.95	15.43	15.69	    45.50	126859328	  0.38	化学制药	浙江	3.31	15.67	46430	34512	  1.35	364	92	--  	      78087.79	
="000789"	万年青	-0.39	12.68	-0.05	12.67	12.68	179731	3326	0.07	          4.40	12.56	12.81	12.42	12.73	    10.37	226604352	  0.74	水泥	江西	3.06	12.61	105989	73741	  1.44	632	813	--  	      40888.75	
="600497"	驰宏锌锗	-0.41	12.20	-0.05	12.20	12.21	286487	201	0.57	          1.72	12.24	12.38	12.02	12.25	    99.79	348514240	  0.46	铅锌	云南	2.94	12.17	161606	124880	  1.29	919	38	--  	     166756.09	
="300202"	聚龙股份	-0.43	30.37	-0.13	30.37	30.40	40947	160	0.23	          0.75	30.58	30.88	29.98	30.50	   120.73	124157864	  0.96	专用机械	辽宁	2.95	30.32	22877	18070	  1.27	16	69	--  	      54950.39	
="600648"	外高桥	-0.49	32.63	-0.16	32.63	32.64	118431	13	0.36	          1.46	32.80	33.50	32.18	32.79	    50.95	388492576	  0.65	园区开发	上海	4.03	32.80	66017	52414	  1.26	86	42	--  	      81022.34	
="601166"	兴业银行	-0.53	13.25	-0.07	13.25	13.26	4552993	78	-0.07	          2.81	13.06	13.79	12.90	13.32	     4.94	6099904000	  0.62	银行	福建	6.68	13.40	2365191	2187801	  1.08	1518	833	--  	    1617961.63	
="000877"	天山股份	-0.63	9.46	-0.06	9.46	9.47	779916	5572	-0.10	          8.86	9.34	9.75	9.13	9.52	    20.33	736910976	  0.94	水泥	新疆	6.51	9.45	394898	385017	  1.03	1419	709	--  	      88001.99	
="002011"	盾安环境	-0.67	10.37	-0.07	10.36	10.37	383123	1959	0.19	          4.57	10.37	10.64	10.30	10.44	    57.33	399752160	  0.68	工程机械	浙江	3.26	10.43	201456	181667	  1.11	554	3384	--  	      83800.65	
="600449"	宁夏建材	-0.77	11.58	-0.09	11.58	11.59	228101	40	0.17	          9.10	11.63	11.93	11.43	11.67	    14.93	265811888	  0.81	水泥	宁夏	4.28	11.65	126010	102090	  1.23	82	28	--  	      25076.77	
="000568"	泸州老窖	-0.79	20.19	-0.16	20.19	20.20	312863	1445	0.00	          2.23	20.20	20.93	19.90	20.35	    17.03	638011968	  0.53	白酒	四川	5.06	20.39	171200	141663	  1.21	401	205	--  	     140022.59	
="600486"	扬农化工	-0.81	26.98	-0.22	26.98	26.99	49250	10	0.18	          1.91	27.13	27.13	26.45	27.20	    16.48	132091608	  0.74	农药化肥	江苏	2.50	26.82	28334	20915	  1.35	20	9	--  	      25824.91	
="600498"	烽火通信	-0.82	15.76	-0.13	15.76	15.77	107687	102	0.19	          1.11	15.85	15.99	15.60	15.89	    31.33	169734032	  0.49	通信设备	湖北	2.45	15.76	63746	43940	  1.45	327	444	--  	      96650.10	
="600000"	浦发银行	-0.84	13.05	-0.11	13.08	13.09	4425712	1004	-0.15	          2.97	12.96	13.55	12.85	13.16	     5.25	5847503360	  0.59	银行	上海	5.32	13.21	2282544	2143167	  1.07	697	1044	--  	    1492277.75	
="600259"	广晟有色	-0.91	51.30	-0.47	51.39	51.40	75394	17	0.41	          3.02	51.77	53.37	50.88	51.77	  1123.38	390252160	  0.50	小金属	海南	4.81	51.76	39308	36085	  1.09	17	4	--  	      24940.00	
="601877"	正泰电器	-0.95	32.26	-0.31	32.12	32.23	30807	10	0.34	          0.31	32.38	33.20	31.80	32.57	    18.51	99587648	  0.50	电气设备	浙江	4.30	32.33	18276	12530	  1.46	43	7	--  	     100825.57	
="000725"	京东方Ａ	-0.96	3.11	-0.03	3.10	3.11	6115134	44885	0.64	          5.31	3.10	3.16	2.98	3.14	    44.38	1876667520	  0.73	元器件	北京	5.73	3.07	2882712	3232421	  0.89	84813	29337	--  	    1150574.38	
="000157"	中联重科	-0.96	6.21	-0.06	6.21	6.22	2469359	6344	0.00	          3.94	6.32	6.45	6.10	6.27	    35.88	1544351360	  0.63	工程机械	湖南	5.58	6.25	1237979	1231379	  1.01	15315	4796	--  	     626117.19	
="002302"	西部建设	-0.99	15.96	-0.16	15.96	15.97	162192	811	-0.12	          5.99	16.16	16.50	15.51	16.12	    36.22	259659904	  1.12	水泥	新疆	6.14	16.01	86071	76121	  1.13	361	742	--  	      27091.33	
="000423"	东阿阿胶	-1.05	37.60	-0.40	37.60	37.61	160072	722	0.02	          2.45	38.01	38.48	37.42	38.00	    19.98	605770112	  0.71	中成药	山东	2.79	37.84	88098	71973	  1.22	704	13	--  	      65377.33	
="600196"	复星医药	-1.10	21.67	-0.24	21.65	21.66	308135	419	-0.18	          1.62	21.91	22.41	21.50	21.91	    23.86	673377664	  0.57	化学制药	上海	4.15	21.85	164882	143252	  1.15	293	180	--  	     190439.23	
="000758"	中色股份	-1.14	13.82	-0.16	13.82	13.83	335981	2965	0.29	          3.73	13.83	14.27	13.58	13.98	   144.95	466874432	  0.50	铅锌	北京	4.94	13.90	187694	148286	  1.27	620	199	--  	      90156.15	
="300090"	盛运股份	-1.15	17.20	-0.20	17.20	17.22	235527	1647	0.23	          6.27	17.38	17.90	16.72	17.40	    51.57	407040448	  1.35	专用机械	安徽	6.78	17.28	119658	115868	  1.03	509	81	--  	      37541.26	
="002155"	辰州矿业	-1.17	10.17	-0.12	10.17	10.18	291984	1212	0.19	          2.93	10.19	10.34	10.03	10.29	    73.75	297352192	  0.60	黄金	湖南	3.01	10.18	166313	125670	  1.32	2567	1040	--  	      99608.52	
="000937"	冀中能源	-1.17	8.45	-0.10	8.45	8.46	344917	3190	0.00	          1.56	8.42	8.72	8.35	8.55	   422.35	293077216	  0.46	煤炭开采	河北	4.33	8.50	189863	155053	  1.22	2775	47	--  	     220706.56	
="600830"	香溢融通	-1.26	10.97	-0.14	10.95	10.96	227887	10	0.45	          5.02	11.08	11.27	10.83	11.11	    55.26	250993568	  0.42	多元金融	浙江	3.96	11.01	134070	93817	  1.43	1081	168	--  	      45432.26	
="600720"	祁连山	-1.30	9.86	-0.13	9.86	9.87	656720	14	0.10	          8.46	9.99	10.24	9.70	9.99	     9.04	651110912	  0.85	水泥	甘肃	5.41	9.91	334876	321844	  1.04	281	352	--  	      77616.27	
="600739"	辽宁成大	-1.32	20.92	-0.28	20.88	21.00	985186	99	0.96	          7.22	20.79	21.89	20.50	21.20	    32.66	2079380608	  0.46	商贸代理	辽宁	6.56	21.11	505153	480032	  1.05	18	3069	--  	     136470.98	
="000831"	五矿稀土	-1.33	25.98	-0.35	25.91	25.98	261524	2543	1.88	          3.51	25.90	26.98	25.50	26.33	--  	683003456	  0.69	小金属	山西	5.62	26.12	144967	116556	  1.24	2	1263	--  	      74449.32	
="600801"	华新水泥	-1.34	9.55	-0.13	9.55	9.56	382156	10	0.73	          3.93	9.63	9.88	9.33	9.68	    13.15	366255552	  0.76	水泥	湖北	5.68	9.58	199679	182477	  1.09	193	1092	--  	      97167.99	
="600362"	江西铜业	-1.34	17.61	-0.24	17.62	17.63	473645	15	0.00	          2.28	17.79	18.10	17.33	17.85	    19.67	838498368	  0.42	铜	江西	4.31	17.70	240446	233198	  1.03	242	271	--  	     207524.73	
="600875"	东方电气	-1.35	17.59	-0.24	17.59	17.60	292298	3	0.39	          1.76	17.76	18.07	17.38	17.83	    24.27	517707296	  0.43	电气设备	四川	3.87	17.71	165781	126516	  1.31	563	758	--  	     166386.00	
="002378"	章源钨业	-1.36	24.71	-0.34	24.71	24.72	48345	758	-0.24	          1.13	24.71	25.38	24.10	25.05	   142.41	119794720	  0.40	小金属	江西	5.11	24.78	27799	20546	  1.35	122	4	--  	      42821.35	
="000581"	威孚高科	-1.37	28.71	-0.40	28.71	28.72	176937	1228	0.20	          2.61	28.96	29.45	28.25	29.11	    17.72	509065984	  0.81	汽车配件	江苏	4.12	28.77	97291	79646	  1.22	83	60	--  	      67848.32	
="000401"	冀东水泥	-1.47	11.41	-0.17	11.41	11.42	276439	1085	-0.17	          2.28	11.58	11.94	11.05	11.58	   555.98	317291552	  0.66	水泥	河北	7.69	11.48	141731	134707	  1.05	1876	82	--  	     121233.36	
="601988"	中国银行	-1.47	3.34	-0.05	3.34	3.35	7465163	295	0.30	          0.38	3.32	3.43	3.26	3.39	     6.10	2498272000	  0.35	银行	北京	5.01	3.35	3483263	3981899	  0.87	1104	40721	--  	   19591296.00	
="601088"	中国神华	-1.51	17.62	-0.27	17.62	17.63	800783	22	0.22	          0.49	17.62	18.17	17.43	17.89	     8.87	1416911744	  0.59	煤炭开采	北京	4.14	17.69	439661	361121	  1.22	106	339	--  	    1649103.75	
="600015"	华夏银行	-1.52	11.00	-0.17	10.99	11.00	1743343	26	-0.18	          2.69	10.99	11.39	10.91	11.17	     5.58	1943675904	  0.55	银行	北京	4.30	11.15	838977	904365	  0.93	1553	43	--  	     648768.69	
="002294"	信立泰	-1.55	36.23	-0.57	36.23	36.24	58789	455	0.00	          2.05	36.90	36.90	36.00	36.80	    23.64	214214736	  0.87	化学制药	深圳	2.45	36.44	34863	23925	  1.46	94	220	--  	      28698.46	
="601699"	潞安环能	-1.58	11.18	-0.18	11.18	11.19	511002	50	0.26	          2.22	11.18	11.39	10.91	11.36	    30.38	569812736	  0.55	煤炭开采	山西	4.23	11.15	269056	241945	  1.11	286	1487	--  	     230108.41	
="600489"	中金黄金	-1.59	10.51	-0.17	10.51	10.52	897711	63	0.28	          3.05	10.60	10.74	10.31	10.68	    59.02	944431616	  0.64	黄金	北京	4.03	10.52	483026	414684	  1.16	177	556	--  	     294322.88	
="601288"	农业银行	-1.61	3.05	-0.05	3.04	3.05	7388013	1893	0.32	          0.26	3.05	3.12	3.01	3.10	     4.87	2253379072	  0.50	银行	北京	3.55	3.05	3547529	3840483	  0.92	8815	56050	--  	   28416352.00	
="600690"	青岛海尔	-1.65	19.09	-0.32	19.11	19.12	511612	24	-0.15	          1.87	19.29	19.80	18.88	19.41	    10.34	987831936	  0.59	家用电器	山东	4.74	19.31	288146	223466	  1.29	688	44	--  	     273684.13	
="601633"	长城汽车	-1.73	40.82	-0.72	40.79	40.88	65507	32	0.49	          0.33	41.54	41.90	40.10	41.54	    16.67	267875840	  0.58	汽车整车	河北	4.33	40.89	39731	25776	  1.54	35	8	--  	     200924.30	
="600050"	中国联通	-1.99	4.44	-0.09	4.43	4.44	3505767	658	0.22	          1.65	4.47	4.59	4.36	4.53	    20.17	1566038784	  0.49	电信运营	上海	5.08	4.47	2039876	1465891	  1.39	16648	8253	--  	    2119659.75	
="600028"	中国石化	-2.04	5.76	-0.12	5.76	5.77	4619444	151	0.34	          0.51	5.79	5.82	5.68	5.88	     9.86	2658469120	  0.44	石油加工	北京	2.38	5.75	2558725	2060718	  1.24	458	19425	--  	    9128216.00	
="601857"	中国石油	-2.21	9.29	-0.21	9.29	9.30	1566190	57	0.10	          0.10	9.30	9.42	9.21	9.50	    13.28	1458153216	  0.36	石油开采	北京	2.21	9.31	830775	735414	  1.13	2418	2244	--  	   16192208.00	
="601398"	工商银行	-2.33	4.20	-0.10	4.19	4.20	3721973	209	0.00	          0.14	4.21	4.31	4.17	4.30	     5.02	1574301184	  0.43	银行	北京	3.26	4.23	1940893	1781080	  1.09	26882	832	--  	   26471778.00	
="600085"	同仁堂	-2.47	22.12	-0.56	22.11	22.13	165036	25	0.27	          1.26	22.70	22.70	21.80	22.68	    37.54	366072000	  0.58	中成药	北京	3.97	22.18	98528	66507	  1.48	12	523	--  	     131114.31	
="600864"	哈投股份	-2.51	11.25	-0.29	11.24	11.25	188244	10	-0.17	          3.45	11.30	11.56	11.03	11.54	   141.54	213351536	  0.45	火力发电	黑龙江	4.59	11.33	98523	89720	  1.10	71	85	--  	      54637.82	
="300027"	华谊兄弟	-2.52	30.16	-0.78	30.16	30.17	711961	4773	0.06	          8.32	31.33	31.33	29.90	30.94	    61.54	2168508928	  0.76	影视音像	浙江	4.62	30.46	382024	329936	  1.16	4556	158	--  	      85615.11	
="601998"	中信银行	-2.62	6.32	-0.17	6.31	6.32	1697735	39	0.47	          0.53	6.36	6.60	6.26	6.49	     6.87	1085508224	  0.49	银行	北京	5.24	6.39	960627	737107	  1.30	1133	709	--  	    3190516.50	
="601939"	建设银行	-3.19	5.46	-0.18	5.44	5.45	3768643	956	0.18	          3.93	5.45	5.68	5.40	5.64	     5.38	2083613952	  0.47	银行	北京	4.96	5.53	1793195	1975447	  0.91	18814	893	--  	     959365.75	
数据来源:通达信
