代码	名称	涨幅%%	现价	涨跌	买价	卖价	总量	现量	涨速%%	换手%%	今开	最高	最低	昨收	市盈(动)	总金额	量比	细分行业	地区	振幅%%	均价	内盘	外盘	内外比	买量	卖量	未匹配量	流通股本(万)	
="600031"	三一重工	10.07	8.31	0.76	8.31	--  	3068989	4	0.00	          4.04	7.40	8.31	7.29	7.55	    29.81	2444713984	  1.34	工程机械	湖南	13.51	7.97	1402050	1666938	  0.84	424072	0	--  	     759370.63	
="000425"	徐工机械	10.02	11.75	1.07	11.75	--  	1002630	1027	0.00	          4.88	10.50	11.75	10.30	10.68	    21.70	1138022656	  1.79	工程机械	江苏	13.58	11.35	514087	488543	  1.05	16864	0	--  	     205562.52	
="600970"	中材国际	10.01	10.99	1.00	10.99	--  	562844	14	0.00	          5.15	10.00	10.99	9.92	9.99	    18.25	594158080	  1.44	建筑施工	江苏	10.71	10.56	267469	295375	  0.91	58874	0	--  	     109329.72	
="600369"	西南证券	10.01	12.75	1.16	12.75	--  	7837	30	0.00	          0.03	12.75	12.75	12.75	11.59	    30.30	9991729	  0.04	证券	重庆	0.00	12.75	7489	347	 21.58	3812647	0	--  	     232255.45	
="600897"	厦门空港	10.00	22.44	2.04	22.44	--  	207683	3	0.00	          6.97	20.75	22.44	20.70	20.40	    13.86	455523552	  2.86	机场	福建	8.53	21.93	80689	126993	  0.64	3789	0	--  	      29781.00	
="600153"	建发股份	9.96	9.83	0.89	9.83	--  	1544218	30	0.00	          5.45	9.34	9.83	9.34	8.94	    13.28	1505088256	  1.48	商贸代理	福建	5.48	9.75	827780	716437	  1.16	93652	0	--  	     283520.06	
="600313"	农发种业	9.94	11.83	1.07	11.82	11.83	232763	56	0.42	          7.65	10.69	11.83	10.30	10.76	   255.82	255867504	  1.63	种植业	北京	14.22	10.99	102418	130344	  0.79	72	2731	--  	      30420.00	
="601991"	大唐发电	9.92	5.32	0.48	5.32	--  	949633	1	0.00	          0.95	4.81	5.32	4.77	4.84	    14.49	486110720	  1.42	火力发电	北京	11.36	5.12	436980	512652	  0.85	22226	0	--  	     999436.00	
="002146"	荣盛发展	9.77	14.38	1.28	14.38	14.39	820169	4048	-0.06	          4.92	12.90	14.41	12.65	13.10	     9.93	1120164096	  1.21	全国地产	河北	13.44	13.66	381291	438877	  0.87	1178	1379	--  	     166646.34	
="600795"	国电电力	9.75	3.49	0.31	3.49	3.50	8453289	66	0.28	          5.49	3.14	3.50	3.11	3.18	     8.81	2807927552	  1.63	火力发电	辽宁	12.26	3.32	3590852	4862437	  0.74	2009	508451	--  	    1539514.88	
="601318"	中国平安	9.64	64.83	5.70	64.83	64.85	2985426	506	0.43	          6.24	59.10	64.98	58.01	59.13	    12.15	18681899008	  1.19	保险	深圳	11.79	62.58	1389016	1596410	  0.87	7	1405	--  	     478647.75	
="600050"	中国联通	9.42	4.88	0.42	4.88	4.89	7293210	2507	-0.20	          3.44	4.45	4.91	4.37	4.46	    22.17	3501006848	  1.18	电信运营	上海	12.11	4.80	3480207	3813002	  0.91	3501	17748	--  	    2119659.75	
="000528"	柳    工	9.15	9.42	0.79	9.42	9.43	869429	9721	-0.21	          7.73	8.52	9.49	8.41	8.63	    44.31	792677696	  1.69	工程机械	广西	12.51	9.12	377268	492161	  0.77	791	3215	--  	     112508.84	
="600098"	广州发展	9.00	7.63	0.63	7.62	7.63	538512	259	-0.13	          2.21	7.00	7.70	6.96	7.00	    15.47	403690240	  1.75	火力发电	广东	10.57	7.50	233617	304895	  0.77	1033	1800	--  	     243737.45	
="000338"	潍柴动力	8.96	25.05	2.06	25.04	25.05	734810	8241	0.19	          7.02	22.87	25.23	22.58	22.99	     8.45	1778167808	  1.41	汽车配件	山东	11.53	24.20	322139	412671	  0.78	5	2053	--  	     104608.49	
="002016"	世荣兆业	8.68	10.27	0.82	10.26	10.27	369865	3284	0.19	          5.72	9.55	10.30	9.55	9.45	   169.10	368721760	  1.68	区域地产	广东	7.94	9.97	159539	210325	  0.76	358	579	--  	      64609.46	
="600019"	宝钢股份	8.61	6.18	0.49	6.17	6.18	2573748	8	0.16	          1.57	5.60	6.26	5.51	5.69	    15.24	1527400064	  1.05	普钢	上海	13.18	5.93	1175735	1398012	  0.84	905	2	--  	    1642427.88	
="600067"	冠城大通	8.27	7.99	0.61	7.98	7.99	508577	82	0.75	          4.27	7.38	8.00	7.28	7.38	    20.93	392537792	  0.96	全国地产	福建	9.76	7.72	244761	263816	  0.93	287	338	--  	     119055.79	
="000039"	中集集团	8.16	21.08	1.59	21.08	21.09	812856	5426	-0.04	          6.59	20.30	21.40	20.08	19.49	    25.98	1688634880	  1.70	轻工机械	深圳	6.77	20.77	385548	427307	  0.90	1908	83	--  	     123366.20	
="601006"	大秦铁路	7.59	10.20	0.72	10.19	10.20	2435164	12	0.59	          1.64	9.54	10.23	9.50	9.48	    10.19	2407325952	  1.77	铁路	山西	7.70	9.89	1091556	1343607	  0.81	1581	20274	--  	    1486679.13	
="600068"	葛洲坝	7.56	6.26	0.44	6.25	6.26	1982561	1037	0.32	          5.68	5.82	6.35	5.82	5.82	    12.40	1210087680	  1.63	建筑施工	湖北	9.11	6.10	872300	1110260	  0.79	573	60	--  	     348745.91	
="601939"	建设银行	7.19	6.11	0.41	6.11	6.12	10252267	844	0.49	         10.69	5.69	6.16	5.53	5.70	     6.02	5947076608	  1.85	银行	北京	11.05	5.80	4444700	5807566	  0.77	3828	8976	--  	     959365.75	
="002302"	西部建设	6.71	15.11	0.95	15.11	15.12	123873	1859	0.26	          4.57	14.16	15.18	14.04	14.16	    34.30	184601472	  1.41	水泥	新疆	8.05	14.90	51872	72000	  0.72	224	797	--  	      27091.33	
="600750"	江中药业	6.50	22.45	1.37	22.44	22.45	213304	77	-0.22	          7.11	21.50	22.98	21.31	21.08	    32.54	475153504	  2.73	中成药	江西	7.92	22.28	94049	119255	  0.79	334	58	--  	      30000.00	
="600033"	福建高速	6.17	3.44	0.20	3.43	3.44	1371697	342	0.29	          5.00	3.27	3.44	3.27	3.24	    14.18	464747200	  1.61	路桥	福建	5.25	3.39	594826	776871	  0.77	40	10163	--  	     274440.00	
="000069"	华侨城Ａ	6.10	6.96	0.40	6.96	6.97	2839864	9286	0.28	          9.12	6.48	7.01	6.35	6.56	    13.49	1908841472	  1.33	旅游景点	深圳	10.06	6.72	1515361	1324502	  1.14	1396	2978	--  	     311246.41	
="600170"	上海建工	5.82	6.73	0.37	6.74	6.75	1165277	202	1.35	         10.60	6.37	6.75	6.26	6.36	    17.25	763986880	  1.25	建筑施工	上海	7.70	6.56	525016	640260	  0.82	443	2207	--  	     109966.28	
="601333"	广深铁路	5.62	3.76	0.20	3.76	3.77	2110370	69	0.80	          3.73	3.53	3.77	3.46	3.56	    30.74	771793216	  1.26	铁路	深圳	8.71	3.66	972560	1137809	  0.85	1105	7027	--  	     565223.69	
="600005"	武钢股份	5.37	3.14	0.16	3.14	3.15	2662964	257	0.31	          2.64	2.97	3.21	2.92	2.98	    30.86	812283712	  1.09	普钢	湖北	9.73	3.05	1043079	1619884	  0.64	580	22554	--  	    1009378.00	
="600805"	悦达投资	5.30	11.92	0.60	11.92	11.93	536455	20	0.25	          6.32	11.30	11.95	11.21	11.32	    10.13	623474752	  1.16	综合类	江苏	6.54	11.62	237303	299152	  0.79	155	270	--  	      84920.21	
="000877"	天山股份	5.29	8.36	0.42	8.35	8.36	555405	2121	0.00	          6.31	7.95	8.44	7.91	7.94	    17.96	457170784	  1.24	水泥	新疆	6.68	8.23	248014	307390	  0.81	1858	660	--  	      88001.99	
="600823"	世茂股份	5.28	13.37	0.67	13.35	13.36	311381	60	0.52	          2.66	12.75	13.44	12.67	12.70	    15.23	407622016	  1.03	全国地产	上海	6.06	13.09	147981	163400	  0.91	552	14	--  	     117059.53	
="600673"	东阳光科	4.78	17.55	0.80	17.56	17.57	299125	28	0.05	          3.64	16.86	17.80	16.71	16.75	   111.54	519501440	  1.75	铝	广东	6.51	17.37	148161	150963	  0.98	213	12	--  	      82261.22	
="600802"	福建水泥	4.76	8.80	0.40	8.79	8.80	240146	246	0.00	          6.29	8.41	8.87	8.40	8.40	--  	209907488	  1.18	水泥	福建	5.60	8.74	106464	133682	  0.80	623	53	--  	      38187.37	
="000539"	粤电力Ａ	4.74	6.63	0.30	6.63	6.64	570909	7395	-0.45	          2.68	6.26	6.72	6.19	6.33	     8.62	370735360	  1.68	火力发电	广东	8.37	6.49	283878	287030	  0.99	285	1567	--  	     212769.03	
="000159"	国际实业	4.72	11.31	0.51	11.31	11.32	367086	3873	0.08	          7.63	10.80	11.37	10.60	10.80	    62.91	411845472	  1.23	石油贸易	新疆	7.13	11.22	163410	203675	  0.80	1434	2270	--  	      48113.92	
="000966"	长源电力	4.70	10.92	0.49	10.92	10.93	214077	2225	0.09	          3.86	10.32	11.10	10.09	10.43	     7.30	227667984	  1.25	火力发电	湖北	9.68	10.63	109508	104569	  1.05	1065	822	--  	      55414.19	
="600018"	上港集团	4.65	6.52	0.29	6.52	6.53	2559360	804	-0.30	          1.12	6.41	6.83	6.41	6.23	    23.78	1685762688	  1.46	港口	上海	6.74	6.59	1251018	1308342	  0.96	192	2781	--  	    2275518.00	
="000011"	深物业A	4.58	9.82	0.43	9.82	9.83	198285	4722	0.10	         11.28	9.39	9.85	9.30	9.39	    13.58	192551024	  1.38	区域地产	深圳	5.86	9.71	80803	117482	  0.69	396	496	--  	      17586.25	
="600642"	申能股份	4.48	5.83	0.25	5.83	5.84	1132898	284	0.17	          2.49	5.54	5.89	5.46	5.58	    13.99	647371072	  1.32	火力发电	上海	7.71	5.71	501476	631422	  0.79	63	4084	--  	     455203.84	
="600100"	同方股份	4.47	13.10	0.56	13.10	13.11	1145207	380	0.22	          5.53	12.50	13.50	12.27	12.54	   175.35	1497509632	  1.28	电脑设备	北京	9.81	13.08	510502	634705	  0.80	1037	1010	--  	     207020.14	
="600639"	浦东金桥	4.32	16.91	0.70	16.90	16.91	261724	51	0.41	          3.99	16.50	17.61	16.50	16.21	    36.92	444004160	  1.01	园区开发	上海	6.85	16.96	112530	149193	  0.75	71	27	--  	      65664.88	
="600748"	上实发展	4.27	11.24	0.46	11.23	11.24	338325	52	-0.17	          3.12	10.80	11.45	10.66	10.78	    12.49	378009504	  1.05	全国地产	上海	7.33	11.17	179425	158899	  1.13	133	2175	--  	     108337.09	
="300094"	国联水产	4.03	10.85	0.42	10.84	10.85	142826	904	0.46	          4.07	10.39	10.97	10.31	10.43	    96.54	152759440	  1.34	渔业	广东	6.33	10.70	53375	89450	  0.60	178	351	--  	      35072.21	
="000926"	福星股份	3.91	9.84	0.37	9.83	9.84	422971	3583	-0.20	          8.00	9.43	9.99	9.33	9.47	     9.07	411130784	  1.03	区域地产	湖北	6.97	9.72	192181	230790	  0.83	57	116	--  	      52853.94	
="600449"	宁夏建材	3.84	10.81	0.40	10.82	10.83	210912	31	0.18	          8.41	10.35	11.04	10.22	10.41	    13.94	226322624	  1.28	水泥	宁夏	7.88	10.73	105662	105249	  1.00	338	712	--  	      25076.77	
="600004"	白云机场	3.80	10.38	0.38	10.37	10.38	350981	10	0.09	          3.05	10.18	10.47	10.01	10.00	    12.02	361316032	  1.86	机场	广东	4.60	10.29	182050	168930	  1.08	9	86	--  	     115000.00	
="600585"	海螺水泥	3.69	19.67	0.70	19.66	19.67	1080165	523	0.25	          2.70	18.97	19.76	18.70	18.97	     9.57	2085043328	  1.00	水泥	安徽	5.59	19.30	517996	562168	  0.92	738	395	--  	     399970.25	
="600875"	东方电气	3.52	18.84	0.64	18.85	18.86	781686	25	0.26	          4.70	17.99	19.49	17.70	18.20	    25.99	1449371264	  1.57	电气设备	四川	9.84	18.54	385536	396149	  0.97	139	115	--  	     166386.00	
="600392"	盛和资源	3.34	23.21	0.75	23.20	23.23	147045	31	0.00	          9.39	22.48	23.60	22.40	22.46	   227.09	339374880	  0.87	小金属	山西	5.34	23.08	67312	79732	  0.84	59	2	--  	      15660.00	
="002692"	远程电缆	3.34	11.76	0.38	11.75	11.76	59875	1048	0.00	          5.55	11.30	11.93	11.12	11.38	    35.38	69433680	  1.47	电气设备	江苏	7.12	11.60	23931	35943	  0.67	314	74	--  	      10792.58	
="600377"	宁沪高速	3.17	6.84	0.21	6.84	6.85	224352	36	-0.14	          0.59	6.64	6.87	6.55	6.63	    12.50	151621088	  0.95	路桥	江苏	4.83	6.76	97561	126790	  0.77	929	2813	--  	     379275.53	
="600801"	华新水泥	3.06	9.10	0.27	9.10	9.11	406798	530	0.44	          4.19	8.75	9.17	8.72	8.83	    12.53	365649888	  1.02	水泥	湖北	5.10	8.99	200779	206019	  0.97	1104	1257	--  	      97167.99	
="000900"	现代投资	3.03	7.15	0.21	7.15	7.16	319610	4406	-0.13	          3.16	6.94	7.17	6.83	6.94	    18.60	223381392	  0.96	路桥	湖南	4.90	6.99	154128	165482	  0.93	1962	1890	--  	     101128.75	
="000089"	深圳机场	3.02	5.80	0.17	5.79	5.80	287710	1820	0.51	          1.70	5.67	5.84	5.67	5.63	    38.36	165675840	  1.06	机场	深圳	3.02	5.76	130621	157088	  0.83	1701	5245	--  	     169169.27	
="600426"	华鲁恒升	2.85	9.74	0.27	9.76	9.77	362077	1613	0.30	          3.80	9.54	9.79	9.42	9.47	    11.21	348542240	  0.79	农药化肥	山东	3.91	9.63	178234	183842	  0.97	426	360	--  	      95362.50	
="600720"	祁连山	2.74	8.99	0.24	8.99	9.00	430356	85	0.00	          5.54	8.79	9.09	8.63	8.75	     8.24	383963008	  0.89	水泥	甘肃	5.26	8.92	217573	212782	  1.02	37	2534	--  	      77616.27	
="002221"	东华能源	2.67	14.22	0.37	14.21	14.22	97775	1019	0.14	          2.19	13.77	14.68	13.40	13.85	   161.82	137952672	  1.18	石油贸易	江苏	9.24	14.11	43941	53833	  0.82	10	1196	--  	      44718.82	
="600284"	浦东建设	2.67	11.15	0.29	11.13	11.14	339389	64	0.36	          5.13	10.91	11.29	10.91	10.86	    24.40	377304384	  1.02	建筑施工	上海	3.50	11.12	152776	186612	  0.82	195	240	--  	      66104.00	
="600009"	上海机场	2.56	18.02	0.45	18.01	18.03	301716	40	-0.27	          2.76	17.50	18.15	17.31	17.57	    16.50	538285952	  1.04	机场	上海	4.78	17.84	143731	157985	  0.91	7	133	--  	     109347.64	
="002011"	盾安环境	2.52	10.59	0.26	10.58	10.59	595744	7676	0.09	          7.11	10.28	10.74	10.12	10.33	    58.55	624787584	  1.28	工程机械	浙江	6.00	10.49	282643	313100	  0.90	20	4230	--  	      83800.65	
="601166"	兴业银行	2.35	13.92	0.32	13.92	13.93	6982010	154	-0.14	          4.32	13.40	14.15	13.20	13.60	     5.19	9584290816	  0.94	银行	福建	6.99	13.73	3307551	3674458	  0.90	419	46	--  	    1617961.63	
="000789"	万年青	2.34	11.80	0.27	11.80	11.81	173999	700	0.00	          4.26	11.44	11.89	11.37	11.53	     9.65	203283152	  0.94	水泥	江西	4.51	11.68	95945	78053	  1.23	853	151	--  	      40888.75	
="000016"	深康佳Ａ	2.34	6.13	0.14	6.13	6.14	180240	502	0.16	          3.00	6.00	6.16	5.95	5.99	   116.34	109551360	  0.90	家用电器	深圳	3.51	6.08	83800	96440	  0.87	3800	2776	--  	      59991.50	
="600739"	辽宁成大	2.27	23.41	0.52	23.42	23.44	2195531	93	0.42	         16.09	22.00	23.97	21.61	22.89	    36.55	5097635328	  1.17	商贸代理	辽宁	10.31	23.22	1005549	1189981	  0.85	1644	71	--  	     136470.98	
="601168"	西部矿业	2.24	8.69	0.19	8.68	8.69	1104122	211	0.00	          4.63	8.39	8.86	8.24	8.50	    60.83	949736192	  0.79	铜	青海	7.29	8.60	572683	531438	  1.08	234	3916	--  	     238300.00	
="000758"	中色股份	2.10	14.09	0.29	14.08	14.09	587396	3540	0.14	          6.52	13.55	14.34	13.46	13.80	   147.78	826393856	  0.87	铅锌	北京	6.38	14.07	285517	301879	  0.95	1299	2186	--  	      90156.15	
="600000"	浦发银行	2.07	13.81	0.28	13.80	13.81	7039225	37	0.14	          4.72	13.39	14.04	13.20	13.53	     5.55	9622363136	  1.00	银行	上海	6.21	13.67	3672656	3366569	  1.09	1	10	--  	    1492277.75	
="600015"	华夏银行	2.04	12.02	0.24	12.01	12.02	2999249	16	-0.41	          4.62	11.58	12.34	11.39	11.78	     6.09	3554985984	  0.86	银行	北京	8.06	11.85	1435266	1563983	  0.92	1849	745	--  	     648768.69	
="000581"	威孚高科	2.03	27.70	0.55	27.70	27.71	175319	1518	0.00	          2.58	27.38	28.03	27.05	27.15	    17.10	484313728	  1.04	汽车配件	江苏	3.61	27.62	80231	95087	  0.84	489	20	--  	      67848.32	
="002271"	东方雨虹	2.01	32.46	0.64	32.46	32.48	49146	378	-0.21	          2.25	31.60	33.37	31.21	31.82	    23.63	159140768	  0.70	其他建材	北京	6.79	32.38	23457	25688	  0.91	24	30	--  	      21825.31	
="601857"	中国石油	1.98	10.32	0.20	10.34	10.35	4630696	594	-0.09	          0.29	9.81	10.67	9.70	10.12	    14.75	4706499584	  1.35	石油开采	北京	9.58	10.16	2274677	2356018	  0.97	220	975	--  	   16192208.00	
="002237"	恒邦股份	1.84	17.12	0.31	17.11	17.12	127929	1263	0.35	          3.20	16.70	17.27	16.52	16.81	    24.89	216890624	  0.66	黄金	山东	4.46	16.95	64021	63908	  1.00	81	1093	--  	      40015.00	
="600058"	五矿发展	1.73	15.31	0.26	15.30	15.31	300158	25	0.06	          2.80	14.92	15.56	14.65	15.05	    69.66	456827840	  0.79	商贸代理	北京	6.05	15.22	148779	151379	  0.98	375	13	--  	     107191.07	
="600016"	民生银行	1.65	9.24	0.15	9.24	9.25	13263294	61	-0.32	          4.89	9.00	9.35	8.71	9.09	     6.41	12135130112	  0.91	银行	北京	7.04	9.15	6172520	7090774	  0.87	7358	2743	--  	    2710607.50	
="600362"	江西铜业	1.64	18.02	0.29	18.03	18.04	832332	156	0.16	          4.01	17.45	18.40	17.20	17.73	    20.13	1483924864	  0.77	铜	江西	6.77	17.83	408781	423551	  0.97	327	232	--  	     207524.73	
="600549"	厦门钨业	1.58	33.99	0.53	34.00	34.01	156417	20	0.26	          2.29	33.38	34.50	32.87	33.46	    81.97	530406272	  0.74	小金属	福建	4.87	33.91	74034	82383	  0.90	6	162	--  	      68198.00	
="002075"	沙钢股份	1.54	5.26	0.08	5.26	5.27	280217	1412	0.00	          1.78	5.14	5.34	5.03	5.18	   118.83	144753744	  0.72	特钢	江苏	5.98	5.17	141528	138689	  1.02	1612	708	--  	     157626.48	
="600007"	中国国贸	1.54	13.89	0.21	13.89	13.90	84454	20	-0.07	          0.84	13.60	14.05	13.21	13.68	    24.45	114726512	  0.93	园区开发	北京	6.14	13.58	41513	42941	  0.97	1985	78	--  	     100728.25	
="601288"	农业银行	1.51	3.36	0.05	3.35	3.36	15083357	79	-0.59	          0.53	3.25	3.45	3.14	3.31	     5.37	4945467392	  1.20	银行	北京	9.37	3.28	6419838	8663519	  0.74	4169	6778	--  	   28416352.00	
="600497"	驰宏锌锗	1.47	12.39	0.18	12.39	12.40	464341	75	-0.08	          2.78	12.12	12.66	11.86	12.21	   101.34	573128640	  0.70	铅锌	云南	6.55	12.34	245092	219248	  1.12	126	141	--  	     166756.09	
="000032"	深桑达Ａ	1.29	11.76	0.15	11.75	11.76	64801	785	0.25	          2.78	11.52	11.98	11.49	11.61	--  	76227344	  0.78	元器件	深圳	4.22	11.76	35166	29635	  1.19	404	58	--  	      23282.71	
="002220"	天宝股份	1.25	8.92	0.11	8.92	8.93	72350	372	0.00	          1.86	8.77	9.03	8.62	8.81	    24.07	64314624	  0.69	食品	辽宁	4.65	8.89	44603	27747	  1.61	591	1456	--  	      38948.12	
="000401"	冀东水泥	1.23	10.68	0.13	10.67	10.68	343823	2238	0.28	          2.84	10.44	10.95	10.27	10.55	   520.40	363981024	  0.88	水泥	河北	6.45	10.59	172821	171001	  1.01	1743	537	--  	     121233.36	
="600783"	鲁信创投	1.17	24.15	0.28	24.15	24.16	298539	29	0.08	          4.01	24.15	24.69	23.40	23.87	    42.26	721169280	  0.67	矿物制品	山东	5.40	24.16	146412	152127	  0.96	1	390	--  	      74435.92	
="600498"	烽火通信	1.16	16.56	0.19	16.56	16.57	183063	19	0.24	          1.89	16.49	16.96	16.13	16.37	    32.92	304253440	  0.95	通信设备	湖北	5.07	16.62	97967	85095	  1.15	226	1874	--  	      96650.10	
="601958"	金钼股份	1.12	9.95	0.11	9.94	9.96	341252	7	-0.20	          1.06	9.85	10.14	9.66	9.84	   137.91	337803776	  0.68	小金属	陕西	4.88	9.90	166452	174800	  0.95	530	605	--  	     322660.44	
="600483"	福能股份	1.09	10.19	0.11	10.18	10.19	77582	19	0.09	          2.69	9.98	10.30	9.75	10.08	    17.87	78291584	  0.89	火力发电	福建	5.46	10.09	36041	41540	  0.87	125	438	--  	      28848.36	
="600676"	交运股份	0.97	8.36	0.08	8.35	8.36	128423	15	0.11	          1.64	8.25	8.52	8.25	8.28	    22.66	107682264	  0.80	汽车配件	上海	3.26	8.38	64155	64268	  1.00	62	160	--  	      78214.10	
="002561"	徐家汇	0.94	12.89	0.12	12.85	12.89	66977	272	0.00	          1.76	12.70	13.15	12.65	12.77	    22.19	86636432	  0.54	百货	上海	3.92	12.94	38516	28461	  1.35	30	233	--  	      37991.03	
="600223"	鲁商置业	0.94	5.38	0.05	5.37	5.38	121309	73	0.18	          1.21	5.28	5.49	5.05	5.33	    32.61	64867768	  0.60	区域地产	山东	8.26	5.35	60090	61219	  0.98	481	467	--  	     100096.79	
="000831"	五矿稀土	0.93	27.25	0.25	27.25	27.26	354763	2340	0.00	          4.77	27.19	28.03	26.41	27.00	--  	969100096	  0.98	小金属	山西	6.00	27.32	179275	175487	  1.02	768	2683	--  	      74449.32	
="601398"	工商银行	0.87	4.63	0.04	4.62	4.63	8713063	50	-0.21	          0.33	4.49	4.75	4.38	4.59	     5.54	3966081792	  1.18	银行	北京	8.06	4.55	3793508	4919554	  0.77	21131	24434	--  	   26471778.00	
="002160"	*ST常铝	0.80	6.32	0.05	6.31	6.32	80480	383	0.31	          2.48	6.19	6.38	6.14	6.27	   107.31	50626180	  0.66	铝	江苏	3.83	6.29	44656	35824	  1.25	1672	220	--  	      32469.63	
="600873"	梅花生物	0.78	6.47	0.05	6.47	6.48	380293	339	0.15	          1.22	6.42	6.54	6.36	6.42	    55.60	244212096	  0.88	食品	西藏	2.80	6.42	207440	172853	  1.20	586	1736	--  	     310822.66	
="601998"	中信银行	0.58	6.93	0.04	6.93	6.94	3520779	52	0.00	          1.10	6.61	7.13	6.57	6.89	     7.53	2407303680	  0.95	银行	北京	8.13	6.84	1762686	1758092	  1.00	1389	2003	--  	    3190516.50	
="600259"	广晟有色	0.45	53.38	0.24	53.38	53.39	123496	9	-0.03	          4.95	52.51	55.17	52.10	53.14	  1168.93	662394496	  0.75	小金属	海南	5.78	53.64	56333	67162	  0.84	84	140	--  	      24940.00	
="600655"	豫园商城	0.42	11.88	0.05	11.88	11.89	180134	10	0.00	          1.25	11.72	12.19	11.70	11.83	    21.94	214643712	  0.79	百货	上海	4.14	11.92	90886	89247	  1.02	8	329	--  	     143732.20	
="600809"	山西汾酒	0.41	21.86	0.09	21.86	21.87	165745	10	0.09	          1.91	21.10	22.14	21.00	21.77	    35.62	358127392	  0.57	白酒	山西	5.24	21.61	86248	79496	  1.08	65	135	--  	      86584.82	
="002007"	华兰生物	0.36	36.08	0.13	36.05	36.08	151498	733	0.27	          2.63	35.95	36.86	35.00	35.95	    37.22	542610624	  1.24	生物制药	河南	5.17	35.82	77183	74314	  1.04	118	119	--  	      57686.69	
="601633"	长城汽车	0.31	42.51	0.13	42.52	42.53	106210	29	0.28	          0.53	41.66	43.49	41.12	42.38	    17.36	448074912	  1.10	汽车整车	河北	5.59	42.19	52062	54147	  0.96	3	10	--  	     200924.30	
="600521"	华海药业	0.25	16.12	0.04	16.11	16.12	207748	15	0.12	          2.66	16.00	16.50	15.70	16.08	    46.93	335076224	  1.26	化学制药	浙江	4.98	16.13	106903	100845	  1.06	217	182	--  	      78087.79	
="600196"	复星医药	0.23	22.08	0.05	22.06	22.08	498285	48	0.18	          2.62	22.00	22.40	21.60	22.03	    24.31	1096199680	  1.04	化学制药	上海	3.63	22.00	266033	232252	  1.15	726	1003	--  	     190439.23	
="002563"	森马服饰	0.18	39.07	0.07	39.01	39.07	11401	51	-0.05	          1.63	38.92	39.33	38.40	39.00	    29.24	44200192	  0.69	服饰	浙江	2.38	38.77	6759	4641	  1.46	6	23	--  	       7000.00	
="601339"	百隆东方	0.18	11.38	0.02	11.39	11.40	95174	3	0.00	          4.96	11.25	11.58	11.22	11.36	    16.05	108770216	  1.14	纺织	浙江	3.17	11.43	43706	51468	  0.85	14	6	--  	      19200.00	
="600036"	招商银行	0.07	13.96	0.01	13.99	14.00	7204280	933	-0.21	          3.49	13.80	14.25	13.42	13.95	     5.76	10009732096	  1.56	银行	深圳	5.95	13.89	3224568	3979711	  0.81	848	1850	--  	    2062894.50	
="601928"	凤凰传媒	0.00	10.61	0.00	--  	--  	0	0	0.00	          0.00	--  	--  	--  	10.61	    27.58	0	  0.00	出版业	江苏	0.00	10.61	0	0	--  	0	0	--  	      65788.35	
="601777"	力帆股份	0.00	9.90	0.00	9.90	9.91	226385	23	0.00	          2.33	9.89	10.03	9.63	9.90	    23.34	222977568	  0.88	摩托车	重庆	4.04	9.85	113172	113213	  1.00	10	148	--  	      97137.89	
="600986"	科达股份	0.00	7.05	0.00	--  	--  	0	0	0.00	          0.00	--  	--  	--  	7.05	    36.88	0	  0.00	建筑施工	山东	0.00	7.05	0	0	--  	0	0	--  	      33526.96	
="600981"	汇鸿股份	0.00	4.21	0.00	--  	--  	0	0	0.00	          0.00	--  	--  	--  	4.21	    92.48	0	  0.00	商贸代理	江苏	0.00	4.21	0	0	--  	0	0	--  	      51610.64	
="600876"	洛阳玻璃	0.00	7.24	0.00	--  	--  	0	0	0.00	          0.00	--  	--  	--  	7.24	   374.48	0	  0.00	玻璃	河南	0.00	7.24	0	0	--  	0	0	--  	      25001.82	
="600749"	西藏旅游	0.00	12.18	0.00	--  	--  	0	0	0.00	          0.00	--  	--  	--  	12.18	  1161.76	0	  0.00	旅游景点	西藏	0.00	12.18	0	0	--  	0	0	--  	      18913.78	
="600617"	国新能源	0.00	30.09	0.00	--  	--  	0	0	0.00	          0.00	--  	--  	--  	30.09	    42.79	0	  0.00	供气供热	山西	0.00	30.09	0	0	--  	0	0	--  	      10263.63	
="600575"	皖江物流	0.00	4.11	0.00	--  	--  	0	0	0.00	          0.00	--  	--  	--  	4.11	--  	0	  0.00	港口	安徽	0.00	4.11	0	0	--  	0	0	--  	     142320.00	
="600569"	安阳钢铁	0.00	2.32	0.00	--  	--  	0	0	0.00	          0.00	--  	--  	--  	2.32	    78.40	0	  0.00	普钢	河南	0.00	2.32	0	0	--  	0	0	--  	     239368.45	
="600517"	置信电气	0.00	12.45	0.00	--  	--  	0	0	0.00	          0.00	--  	--  	--  	12.45	    84.39	0	  0.00	电气设备	上海	0.00	12.45	0	0	--  	0	0	--  	     111366.89	
="600365"	通葡股份	0.00	11.38	0.00	--  	--  	0	0	0.00	          0.00	--  	--  	--  	11.38	  5686.21	0	  0.00	红黄药酒	吉林	0.00	11.38	0	0	--  	0	0	--  	      14000.00	
="600318"	巢东股份	0.00	11.20	0.00	--  	--  	0	0	0.00	          0.00	--  	--  	--  	11.20	    17.93	0	  0.00	水泥	安徽	0.00	11.20	0	0	--  	0	0	--  	      24200.00	
="600241"	时代万恒	0.00	8.28	0.00	--  	--  	0	0	0.00	          0.00	--  	--  	--  	8.28	--  	0	  0.00	商贸代理	辽宁	0.00	8.28	0	0	--  	0	0	--  	      18020.00	
="600105"	永鼎股份	0.00	9.86	0.00	--  	--  	0	0	0.00	          0.00	--  	--  	--  	9.86	    22.23	0	  0.00	通信设备	江苏	0.00	9.86	0	0	--  	0	0	--  	      38095.46	
="600103"	青山纸业	0.00	3.66	0.00	--  	--  	0	0	0.00	          0.00	--  	--  	--  	3.66	   601.14	0	  0.00	造纸	福建	0.00	3.66	0	0	--  	0	0	--  	     106184.15	
="600091"	ST明科	0.00	7.02	0.00	--  	--  	0	0	0.00	          0.00	--  	--  	--  	7.02	--  	0	  0.00	化工原料	内蒙	0.00	7.02	0	0	--  	0	0	--  	      33652.60	
="600090"	啤酒花	0.00	8.13	0.00	--  	--  	0	0	0.00	          0.00	--  	--  	--  	8.13	    36.46	0	  0.00	啤酒	新疆	0.00	8.13	0	0	--  	0	0	--  	      36791.66	
="300332"	天壕节能	--  	14.06	--  	--  	--  	0	0	--  	          0.00	--  	--  	--  	14.06	    40.57	0	  0.00	环境保护	北京	0.00	14.06	0	0	--  	0	0	--  	      22666.75	
="300313"	天山生物	--  	23.69	--  	--  	--  	0	0	--  	          0.00	--  	--  	--  	23.69	   258.62	0	  0.00	农业综合	新疆	0.00	23.69	0	0	--  	0	0	--  	       4177.81	
="300144"	宋城演艺	--  	26.88	--  	--  	--  	0	0	--  	          0.00	--  	--  	--  	26.88	    35.55	0	  0.00	旅游景点	浙江	0.00	26.88	0	0	--  	0	0	--  	      19553.75	
="300013"	新宁物流	--  	9.26	--  	--  	--  	0	0	--  	          0.00	--  	--  	--  	9.26	   131.57	0	  0.00	仓储物流	江苏	0.00	9.26	0	0	--  	0	0	--  	      18000.00	
="002700"	新疆浩源	--  	25.29	--  	--  	--  	0	0	--  	          0.00	--  	--  	--  	25.29	    56.88	0	  0.00	供气供热	新疆	0.00	25.29	0	0	--  	0	0	--  	       9564.16	
="002608"	舜天船舶	--  	12.79	--  	--  	--  	0	0	--  	          0.00	--  	--  	--  	12.79	    86.27	0	  0.00	船舶	江苏	0.00	12.79	0	0	--  	0	0	--  	      32855.16	
="002558"	世纪游轮	--  	31.65	--  	--  	--  	0	0	--  	          0.00	--  	--  	--  	31.65	   271.60	0	  0.00	旅游服务	重庆	0.00	31.65	0	0	--  	0	0	--  	       3244.39	
="002529"	海源机械	--  	15.03	--  	--  	--  	0	0	--  	          0.00	--  	--  	--  	15.03	--  	0	  0.00	专用机械	福建	0.00	15.03	0	0	--  	0	0	--  	      15608.25	
="002509"	天广消防	--  	12.27	--  	--  	--  	0	0	--  	          0.00	--  	--  	--  	12.27	    51.77	0	  0.00	专用机械	福建	0.00	12.27	0	0	--  	0	0	--  	      23109.89	
="002426"	胜利精密	--  	11.26	--  	--  	--  	0	0	--  	          0.00	--  	--  	--  	11.26	    68.41	0	  0.00	元器件	江苏	0.00	11.26	0	0	--  	0	0	--  	      35306.58	
="002324"	普利特	--  	19.90	--  	--  	--  	0	0	--  	          0.00	--  	--  	--  	19.90	    26.33	0	  0.00	塑料	上海	0.00	19.90	0	0	--  	0	0	--  	      15582.66	
="002323"	中联电气	--  	21.95	--  	--  	--  	0	0	--  	          0.00	--  	--  	--  	21.95	   130.92	0	  0.00	电气设备	江苏	0.00	21.95	0	0	--  	0	0	--  	       8350.16	
="002168"	深圳惠程	--  	10.13	--  	--  	--  	0	0	--  	          0.00	--  	--  	--  	10.13	--  	0	  0.00	电气设备	深圳	0.00	10.13	0	0	--  	0	0	--  	      56803.58	
="002152"	广电运通	0.00	19.60	0.00	19.59	19.60	106286	767	0.15	          1.23	19.53	19.99	19.19	19.60	    29.87	209318032	  0.81	电脑设备	广东	4.08	19.69	50104	56181	  0.89	76	18	--  	      86304.35	
="002103"	广博股份	--  	10.18	--  	--  	--  	0	0	--  	          0.00	--  	--  	--  	10.18	   172.72	0	  0.00	文教休闲	浙江	0.00	10.18	0	0	--  	0	0	--  	      17095.44	
="002044"	江苏三友	--  	10.04	--  	--  	--  	0	0	--  	          0.00	--  	--  	--  	10.04	    43.13	0	  0.00	服饰	江苏	0.00	10.04	0	0	--  	0	0	--  	      22410.00	
="002009"	天奇股份	--  	16.30	--  	--  	--  	0	0	--  	          0.00	--  	--  	--  	16.30	    47.89	0	  0.00	工程机械	江苏	0.00	16.30	0	0	--  	0	0	--  	      25991.22	
="002006"	*ST精功	--  	8.75	--  	--  	--  	0	0	--  	          0.00	--  	--  	--  	8.75	--  	0	  0.00	工程机械	浙江	0.00	8.75	0	0	--  	0	0	--  	      43677.89	
="000920"	南方汇通	--  	13.23	--  	--  	--  	0	0	--  	          0.00	--  	--  	--  	13.23	    31.50	0	  0.00	运输设备	贵州	0.00	13.23	0	0	--  	0	0	--  	      42200.00	
="000796"	易食股份	--  	7.23	--  	--  	--  	0	0	--  	          0.00	--  	--  	--  	7.23	    95.94	0	  0.00	食品	陕西	0.00	7.23	0	0	--  	0	0	--  	      24652.30	
="000795"	太原刚玉	--  	10.92	--  	--  	--  	0	0	--  	          0.00	--  	--  	--  	10.92	--  	0	  0.00	矿物制品	山西	0.00	10.92	0	0	--  	0	0	--  	      27679.44	
="000710"	天兴仪表	--  	13.60	--  	--  	--  	0	0	--  	          0.00	--  	--  	--  	13.60	--  	0	  0.00	汽车配件	四川	0.00	13.60	0	0	--  	0	0	--  	      15120.00	
="000627"	天茂集团	--  	4.10	--  	--  	--  	0	0	--  	          0.00	--  	--  	--  	4.10	    28.37	0	  0.00	化工原料	湖北	0.00	4.10	0	0	--  	0	0	--  	     135358.98	
="000533"	万 家 乐	--  	5.97	--  	--  	--  	0	0	--  	          0.00	--  	--  	--  	5.97	    35.25	0	  0.00	家用电器	广东	0.00	5.97	0	0	--  	0	0	--  	      68487.71	
="000514"	渝 开 发	--  	7.08	--  	--  	--  	0	0	--  	          0.00	--  	--  	--  	7.08	    36.98	0	  0.00	区域地产	重庆	0.00	7.08	0	0	--  	0	0	--  	      84377.09	
="000498"	山东路桥	--  	4.64	--  	--  	--  	0	0	--  	          0.00	--  	--  	--  	4.64	    27.67	0	  0.00	建筑施工	山东	0.00	4.64	0	0	--  	0	0	--  	      35417.01	
="000333"	美的集团	--  	24.70	--  	--  	--  	0	0	--  	          0.00	--  	--  	--  	24.70	     8.72	0	  0.00	家用电器	广东	0.00	24.70	0	0	--  	0	0	--  	     223971.95	
="000752"	西藏发展	-0.07	14.70	-0.01	14.69	14.70	92559	987	-0.06	          3.51	14.67	14.92	14.31	14.71	   214.33	134973216	  0.75	啤酒	西藏	4.15	14.58	48100	44459	  1.08	280	44	--  	      26375.01	
="002685"	华东重机	-0.07	14.16	-0.01	14.15	14.16	56841	404	0.14	          5.71	14.01	14.48	13.78	14.17	   452.30	80572768	  0.72	工程机械	江苏	4.94	14.18	24269	32571	  0.75	154	19	--  	       9950.00	
="000525"	红 太 阳	-0.12	16.49	-0.02	16.48	16.49	117009	904	0.00	          2.31	16.50	16.77	16.30	16.51	    15.76	193248896	  0.70	农药化肥	江苏	2.85	16.52	67203	49805	  1.35	470	424	--  	      50698.30	
="601233"	桐昆股份	-0.38	7.96	-0.03	7.95	7.96	164526	13	0.25	          1.72	7.95	8.15	7.82	7.99	   337.25	131215296	  0.71	化纤	浙江	4.13	7.98	91031	73494	  1.24	612	313	--  	      95927.07	
="002162"	斯米克	-0.44	8.96	-0.04	8.95	8.96	98315	530	0.44	          2.35	9.00	9.23	8.84	9.00	   386.34	88449040	  0.87	陶瓷	上海	4.33	9.00	58424	39891	  1.46	371	498	--  	      41800.00	
="000988"	华工科技	-0.60	13.27	-0.08	13.27	13.28	275967	2589	0.00	          3.10	13.25	13.52	13.00	13.35	    60.08	367801952	  0.88	电器仪表	湖北	3.90	13.33	144667	131300	  1.10	694	100	--  	      89111.65	
="300255"	常山药业	-0.79	32.65	-0.26	32.65	32.66	35886	1035	1.46	          2.78	32.65	32.96	31.36	32.91	    63.60	116269216	  0.74	生物制药	河北	4.86	32.40	21392	14494	  1.48	238	20	--  	      12918.53	
="601988"	中国银行	-0.81	3.66	-0.03	3.66	3.67	25122280	90	-0.27	          1.28	3.59	3.74	3.52	3.69	     6.69	9105629184	  1.39	银行	北京	5.96	3.62	12309283	12812997	  0.96	5415	56403	--  	   19591296.00	
="002294"	信立泰	-0.82	36.10	-0.30	36.10	36.11	52175	355	-0.13	          1.82	35.89	36.50	35.31	36.40	    23.56	187300016	  0.89	化学制药	深圳	3.27	35.90	24498	27677	  0.89	433	535	--  	      28698.46	
="000993"	闽东电力	-1.27	10.11	-0.13	10.11	10.12	72488	458	0.09	          1.94	10.25	10.25	9.93	10.24	    32.08	73241248	  1.22	水力发电	福建	3.13	10.10	37787	34700	  1.09	448	814	--  	      37300.00	
="002378"	章源钨业	-1.34	25.70	-0.35	25.69	25.70	89469	2191	0.23	          2.09	25.30	26.48	25.05	26.05	   148.11	230311888	  0.86	小金属	江西	5.49	25.74	44298	45171	  0.98	22	21	--  	      42821.35	
="601058"	赛轮股份	-1.74	17.46	-0.31	17.43	17.45	88514	19	-0.05	          2.34	17.75	17.75	16.98	17.77	    23.02	152730032	  1.80	汽车配件	山东	4.33	17.25	51512	37001	  1.39	21	55	--  	      37800.00	
="002567"	唐人神	-1.96	10.00	-0.20	10.00	10.01	62724	906	0.00	          1.49	10.24	10.24	9.97	10.20	    54.86	62892348	  0.76	饲料	湖南	2.65	10.03	43046	19678	  2.19	917	545	--  	      41979.60	
="000503"	海虹控股	-2.26	28.59	-0.66	28.58	28.59	245090	2825	-0.03	          2.73	29.02	29.30	28.51	29.25	  7952.54	707989056	  0.97	互联网	海南	2.70	28.89	126309	118780	  1.06	1655	292	--  	      89796.70	
="600335"	国机汽车	-2.56	19.81	-0.52	19.80	19.81	101921	10	-0.05	          1.82	20.05	20.35	19.45	20.33	    14.91	202642096	  1.18	汽车配件	天津	4.43	19.88	62458	39463	  1.58	292	27	--  	      56000.46	
="601877"	正泰电器	-2.76	32.36	-0.92	32.37	32.38	41601	5	0.37	          0.41	33.14	33.14	31.90	33.28	    18.56	135269392	  0.68	电气设备	浙江	3.73	32.52	24225	17376	  1.39	51	244	--  	     100825.57	
="300345"	红宇新材	-2.83	22.35	-0.65	22.35	22.36	42868	188	0.17	          6.94	22.58	24.16	22.16	23.00	   912.19	98774992	  1.35	钢加工	湖南	8.70	23.04	23807	19060	  1.25	787	10	--  	       6180.70	
="300297"	蓝盾股份	-3.13	21.98	-0.71	21.98	21.99	52227	495	-0.31	          4.72	22.70	22.70	21.88	22.69	   281.36	116484848	  0.86	软件服务	广东	3.61	22.30	29469	22757	  1.29	194	4	--  	      11065.24	
="300196"	长海股份	-3.73	20.67	-0.80	20.67	20.68	20680	133	0.38	          1.88	21.09	21.29	20.50	21.47	    27.89	43070128	  0.85	玻璃	江苏	3.68	20.83	12215	8464	  1.44	6	185	--  	      10993.33	
数据来源:通达信
