代码	名称	涨幅%%	现价	涨跌	买价	卖价	总量	现量	涨速%%	换手%%	今开	最高	最低	昨收	市盈(动)	总金额	量比	细分行业	地区	振幅%%	均价	内盘	外盘	内外比	买量	卖量	未匹配量	流通股本	
="000090"	天健集团	9.95	9.28	0.84	9.28	--  	59165	100	          0.00	          1.07	9.28	9.28	9.28	8.44	    28.36	54905268	  1.08	建筑施工	深圳	 0.00	9.28	58350	815	 71.60	268238	0	--  	      55253.07	
="000875"	吉电股份	9.22	4.62	0.39	4.61	4.62	1013429	7448	          0.00	         15.35	4.25	4.65	4.22	4.23	   498.55	454651872	  2.97	火力发电	吉林	10.17	4.49	448326	565103	  0.79	1146	5174	--  	      66003.21	
="601788"	光大证券	6.97	12.43	0.81	12.43	12.44	1337796	26	          0.81	          3.91	11.65	12.78	11.60	11.62	    35.46	1652683392	  1.85	证券	上海	10.15	12.35	673721	664075	  1.01	2902	76	--  	     341800.00	
="002110"	三钢闽光	6.02	6.52	0.37	6.52	6.53	195485	2039	          0.00	          3.66	6.16	6.77	6.13	6.15	--  	127276760	  2.21	普钢	福建	10.41	6.51	91036	104449	  0.87	66	162	--  	      53470.00	
="600138"	中青旅	5.16	17.73	0.87	17.70	17.80	441277	31	          0.16	          7.08	17.25	18.28	17.25	16.86	    31.97	785405120	  2.95	旅游服务	北京	 6.11	17.80	201985	239292	  0.84	101	442	--  	      62302.50	
="000828"	东莞控股	5.02	6.90	0.33	6.90	6.91	240040	6719	          0.72	          2.31	6.57	7.06	6.55	6.57	    12.63	164276016	  1.58	路桥	广东	 7.76	6.84	95921	144119	  0.67	1662	243	--  	     103951.70	
="601009"	南京银行	4.18	10.96	0.44	10.96	10.98	1316168	135	         -0.81	          4.43	10.45	11.51	10.45	10.52	     5.87	1444875392	  1.11	银行	江苏	10.08	10.98	587965	728203	  0.81	298	1166	--  	     296893.31	
="300133"	华策影视	3.75	32.61	1.18	32.60	32.61	136232	951	          0.09	          3.18	31.49	33.53	31.44	31.43	    54.17	447148320	  2.40	影视音像	浙江	 6.65	32.82	60972	75260	  0.81	47	120	--  	      42790.21	
="600086"	东方金钰	3.45	25.16	0.84	25.14	25.15	52682	7	          0.55	          1.50	24.40	25.57	24.22	24.32	    77.82	131632576	  2.03	服饰	湖北	 5.55	24.99	24309	28373	  0.86	10	213	--  	      35228.17	
="600650"	锦江投资	2.87	13.99	0.39	13.98	13.99	130296	51	          0.28	          3.34	13.60	14.91	13.42	13.60	    34.36	184283968	  1.28	公共交通	上海	10.96	14.14	58882	71414	  0.82	111	53	--  	      39056.01	
="600593"	大连圣亚	2.78	21.41	0.58	21.35	21.42	55882	90	         -0.23	          6.07	20.91	21.88	20.08	20.83	    24.72	115799304	  2.35	旅游景点	辽宁	 8.64	20.72	28694	27188	  1.06	236	24	--  	       9200.00	
="000623"	吉林敖东	2.49	22.20	0.54	22.20	22.21	406687	2002	          0.04	          5.15	21.76	22.96	21.68	21.66	    16.29	909782016	  1.74	中成药	吉林	 5.91	22.37	198312	208375	  0.95	556	293	--  	      78904.07	
="600269"	赣粤高速	2.45	3.76	0.09	3.75	3.76	522587	35	          0.53	          2.24	3.68	3.82	3.67	3.67	    10.78	196294496	  1.04	路桥	江西	 4.09	3.76	253526	269061	  0.94	160	3472	--  	     233540.70	
="000016"	深康佳Ａ	2.35	6.10	0.14	6.09	6.10	298218	4437	         -0.16	          4.97	5.96	6.21	5.92	5.96	   115.77	181800672	  1.71	家用电器	深圳	 4.87	6.10	122326	175892	  0.70	1479	3193	--  	      59991.50	
="600165"	新日恒力	2.30	9.80	0.22	9.80	9.82	68545	57	          0.51	          3.53	9.71	9.97	9.55	9.58	--  	67296480	  1.88	钢加工	宁夏	 4.38	9.82	34418	34127	  1.01	102	99	--  	      19395.34	
="000563"	陕国投Ａ	2.18	8.90	0.19	8.89	8.90	541424	3314	         -0.11	          7.19	8.74	9.28	8.68	8.71	    33.20	487802688	  1.62	多元金融	陕西	 6.89	9.01	233610	307814	  0.76	1210	468	--  	      75266.72	
="300091"	金通灵	2.11	23.66	0.49	23.65	23.66	18640	304	          0.08	          1.47	23.17	23.88	22.83	23.17	   411.85	43976000	  2.68	机械基件	江苏	 4.53	23.59	6923	11717	  0.59	10	154	--  	      12639.70	
="600655"	豫园商城	2.05	9.96	0.20	9.96	9.97	284882	5	          0.30	          1.98	9.76	10.35	9.73	9.76	    18.39	289097024	  1.60	百货	上海	 6.35	10.15	143883	140999	  1.02	257	638	--  	     143732.20	
="002673"	西部证券	1.99	16.91	0.33	16.91	16.92	466451	3105	          0.11	          6.78	16.69	17.99	16.60	16.58	    36.16	803579712	  1.08	证券	陕西	 8.38	17.23	210130	256321	  0.82	1569	28	--  	      68761.11	
="600663"	陆家嘴	1.96	21.84	0.42	21.83	21.84	192663	10	         -0.27	          1.42	21.33	22.60	21.16	21.42	    31.00	422247392	  1.10	园区开发	上海	 6.72	21.92	100793	91870	  1.10	28	346	--  	     135808.41	
="002496"	辉丰股份	1.93	18.50	0.35	18.50	18.51	69168	1840	          1.42	          3.75	18.18	18.88	17.85	18.15	    28.25	127304592	  1.64	农药化肥	江苏	 5.67	18.41	31060	38108	  0.82	217	27	--  	      18456.77	
="000652"	泰达股份	1.75	5.83	0.10	5.83	5.84	286726	12258	          1.03	          1.96	5.74	5.83	5.68	5.73	--  	165592048	  1.03	综合类	天津	 2.62	5.78	146940	139786	  1.05	1096	2753	--  	     146567.00	
="002547"	春兴精工	1.74	18.16	0.31	18.15	18.16	123089	654	         -0.11	          8.56	17.75	18.51	17.51	17.85	    50.53	222354816	  1.20	通信设备	江苏	 5.60	18.06	55916	67173	  0.83	450	2	--  	      14378.58	
="002003"	伟星股份	1.72	10.06	0.17	10.05	10.06	94199	393	          0.09	          3.21	9.89	10.25	9.89	9.89	    13.26	94779512	  1.83	服饰	浙江	 3.64	10.06	47265	46934	  1.01	1170	507	--  	      29320.38	
="600125"	铁龙物流	1.72	7.71	0.13	7.70	7.71	416981	214	         -0.38	          3.19	7.58	7.95	7.52	7.58	    28.44	322764864	  1.15	铁路	辽宁	 5.67	7.74	194425	222556	  0.87	328	252	--  	     130552.18	
="002294"	信立泰	1.63	36.89	0.59	36.89	36.90	96018	377	         -0.10	          3.35	38.00	39.30	36.62	36.30	    24.07	363166816	  2.74	化学制药	深圳	 7.38	37.82	48349	47669	  1.01	31	19	--  	      28698.46	
="601700"	风范股份	1.49	16.38	0.24	16.38	16.39	51171	145	          0.00	          2.17	16.00	16.59	16.00	16.14	    33.17	83981992	  1.28	电气设备	江苏	 3.66	16.41	23044	28127	  0.82	95	1028	--  	      23576.84	
="601919"	中国远洋	1.26	4.82	0.06	4.81	4.82	1263296	64	          0.00	          1.65	4.78	4.97	4.64	4.76	--  	603374720	  0.81	水运	天津	 6.93	4.78	653329	609967	  1.07	2111	3254	--  	     763567.44	
="002676"	顺威股份	1.24	17.97	0.22	17.97	17.98	32330	228	          0.27	          7.56	17.86	18.89	17.71	17.75	    54.74	58927116	  1.55	塑料	广东	 6.65	18.23	17591	14739	  1.19	62	85	--  	       4275.22	
="601199"	江南水务	1.20	17.72	0.21	17.72	17.74	24144	23	          0.51	          1.03	17.43	18.08	17.43	17.51	    26.45	43079492	  1.42	水务	江苏	 3.71	17.84	13621	10523	  1.29	51	55	--  	      23380.00	
="600483"	福能股份	1.18	10.27	0.12	10.25	10.26	270135	35	         -0.09	          9.36	10.02	10.98	10.02	10.15	    18.01	284570496	  1.30	火力发电	福建	 9.46	10.53	128728	141407	  0.91	206	192	--  	      28848.36	
="600029"	南方航空	1.18	3.44	0.04	3.44	3.45	1195677	125	          0.58	          1.70	3.42	3.52	3.38	3.40	    20.17	412246944	  0.81	空运	广东	 4.12	3.45	584814	610863	  0.96	2129	6115	--  	     702265.00	
="002703"	浙江世宝	1.12	27.07	0.30	27.07	27.08	24501	371	          0.25	         16.33	27.28	27.95	26.78	26.77	   152.90	66965720	  2.08	汽车配件	浙江	 4.37	27.33	12707	11794	  1.08	6	13	--  	       1500.00	
="600481"	双良节能	1.11	10.91	0.12	10.90	10.91	227920	55	         -0.09	          2.81	10.86	11.20	10.81	10.79	    27.77	251381072	  2.16	化工原料	江苏	 3.61	11.03	111093	116827	  0.95	360	131	--  	      81010.45	
="300289"	利德曼	1.01	35.00	0.35	35.00	35.10	28375	107	         -0.19	          5.09	35.15	36.18	34.68	34.65	    62.73	100420368	  1.09	生物制药	北京	 4.33	35.39	13476	14899	  0.90	129	17	--  	       5572.68	
="002370"	亚太药业	0.98	17.43	0.17	17.42	17.43	25575	44	          0.63	          1.77	17.26	17.99	17.26	17.26	    95.31	44950460	  0.67	化学制药	浙江	 4.23	17.58	12750	12825	  0.99	47	169	--  	      14417.91	
="002035"	华帝股份	0.97	13.56	0.13	13.55	13.56	78337	518	          0.14	          2.64	13.50	13.87	13.30	13.43	    18.07	106193728	  1.49	家用电器	广东	 4.24	13.56	44601	33736	  1.32	73	151	--  	      29677.21	
="002398"	建研集团	0.88	17.12	0.15	17.12	17.13	74094	451	          0.00	          3.88	17.08	17.56	16.88	16.97	    20.08	128062008	  1.73	建筑施工	福建	 4.01	17.28	31376	42718	  0.73	33	101	--  	      19113.78	
="002563"	森马服饰	0.81	36.11	0.29	36.11	36.12	10153	429	          0.52	          1.45	35.90	36.11	35.50	35.82	    27.03	36349880	  0.86	服饰	浙江	 1.70	35.80	5521	4632	  1.19	456	3	--  	       7000.00	
="600337"	美克家居	0.80	8.79	0.07	8.79	8.80	60909	76	         -0.11	          0.95	8.75	8.93	8.70	8.72	    28.62	53786460	  0.85	家居用品	新疆	 2.64	8.83	35511	25398	  1.40	106	360	--  	      63833.23	
="002243"	通产丽星	0.68	8.83	0.06	8.82	8.83	67420	157	          0.11	          2.18	8.77	9.12	8.77	8.77	--  	60601288	  1.33	塑料	深圳	 3.99	8.99	36074	31346	  1.15	175	140	--  	      30990.90	
="002361"	神剑股份	0.68	8.86	0.06	8.85	8.86	105611	434	          0.11	          5.97	8.80	9.15	8.76	8.80	    33.36	95387528	  2.54	化工原料	安徽	 4.43	9.03	47714	57897	  0.82	1012	130	--  	      17698.19	
="601111"	中国国航	0.66	4.57	0.03	4.57	4.58	848820	50	         -0.21	          1.02	4.57	4.73	4.53	4.54	    14.21	392532960	  0.91	空运	北京	 4.41	4.62	467174	381646	  1.22	83	2884	--  	     832927.13	
="000900"	现代投资	0.65	6.18	0.04	6.17	6.18	272774	3416	          0.48	          2.70	6.14	6.27	6.08	6.14	    16.08	168863520	  0.96	路桥	湖南	 3.09	6.19	161780	110994	  1.46	186	1619	--  	     101128.75	
="002700"	新疆浩源	0.59	23.79	0.14	23.78	23.79	83451	536	          0.04	          8.73	23.65	24.22	23.50	23.65	    53.50	199670064	  2.00	供气供热	新疆	 3.04	23.93	41802	41649	  1.00	20	117	--  	       9564.16	
="600115"	东方航空	0.51	3.96	0.02	3.95	3.96	640737	352	          0.50	          0.82	3.96	4.08	3.87	3.94	    18.29	254984448	  0.65	空运	上海	 5.33	3.98	343382	297355	  1.15	3043	853	--  	     778221.38	
="000088"	盐 田 港	0.50	8.08	0.04	8.07	8.08	775362	7605	          0.00	          3.99	7.95	8.29	7.82	8.04	    34.11	624365568	  1.10	港口	深圳	 5.85	8.05	412143	363219	  1.13	2088	2771	--  	     194212.78	
="600201"	金宇集团	0.48	35.43	0.17	35.40	35.48	13150	70	          0.59	          0.47	35.25	35.88	35.09	35.26	    24.53	46657548	  0.64	生物制药	内蒙	 2.24	35.48	6393	6757	  0.95	21	5	--  	      28081.49	
="002269"	美邦服饰	0.43	11.68	0.05	11.68	11.69	317278	3026	         -0.08	          3.16	11.56	12.12	11.56	11.63	    39.19	375926432	  1.44	服饰	上海	 4.82	11.85	154438	162840	  0.95	442	617	--  	     100500.00	
="002027"	七喜控股	0.43	9.35	0.04	9.35	9.36	72093	601	          0.21	          3.54	9.28	9.56	9.17	9.31	  2065.59	67753536	  1.21	电脑设备	广东	 4.19	9.40	34512	37581	  0.92	67	54	--  	      20348.88	
="600223"	鲁商置业	0.39	5.12	0.02	5.11	5.12	116679	178	          0.19	          1.17	5.11	5.13	5.04	5.10	    31.04	59270820	  0.61	区域地产	山东	 1.76	5.08	64211	52468	  1.22	670	707	--  	     100096.79	
="600062"	华润双鹤	0.38	21.28	0.08	21.29	21.30	112720	161	          0.33	          1.97	21.16	21.56	21.12	21.20	    21.24	240856576	  0.77	化学制药	北京	 2.08	21.37	65555	47165	  1.39	864	60	--  	      57169.58	
="600881"	亚泰集团	0.37	5.38	0.02	5.37	5.38	475501	31	          0.37	          2.51	5.37	5.60	5.32	5.36	    47.64	260151712	  1.30	水泥	吉林	 5.22	5.47	233584	241917	  0.97	1196	1712	--  	     189473.20	
="000863"	三湘股份	0.28	7.08	0.02	7.08	7.09	60916	2462	          0.14	          3.49	7.06	7.18	6.95	7.06	   119.96	43225832	  1.02	区域地产	上海	 3.26	7.10	32758	28158	  1.16	632	98	--  	      17462.02	
="600800"	天津磁卡	0.27	7.54	0.02	7.53	7.54	167814	110	          0.53	          2.75	7.51	7.67	7.48	7.52	--  	126880464	  0.87	综合类	天津	 2.53	7.56	88873	78941	  1.13	606	349	--  	      61031.10	
="000601"	韶能股份	0.16	6.09	0.01	6.09	6.10	539810	3167	          0.00	          5.43	6.09	6.35	6.05	6.08	    18.58	335294080	  1.38	火力发电	广东	 4.93	6.21	206034	333776	  0.62	1200	1753	--  	      99398.67	
="002093"	国脉科技	0.14	7.06	0.01	7.06	7.07	157652	7746	          1.43	          1.85	7.08	7.09	6.84	7.05	   125.63	110374144	  1.22	电信运营	福建	 3.55	7.00	97834	59818	  1.64	11450	1044	--  	      85291.22	
="000902"	新洋丰	0.14	14.27	0.02	14.26	14.27	86525	349	          0.07	          3.35	14.25	14.60	14.10	14.25	    14.97	124214272	  1.28	农药化肥	湖北	 3.51	14.36	48621	37904	  1.28	1085	28	--  	      25800.00	
="601928"	凤凰传媒	0.00	10.71	0.00	--  	--  	0	0	          0.00	          0.00	--  	--  	--  	10.71	    27.84	0	  0.00	出版业	江苏	 0.00	10.71	0	0	--  	0	0	--  	      65788.35	
="601028"	玉龙股份	0.00	17.22	0.00	17.22	17.23	51616	31	          0.23	          2.76	17.02	17.45	16.85	17.22	    47.90	88987712	  0.70	钢加工	江苏	 3.48	17.24	26178	25438	  1.03	79	33	--  	      18687.50	
="600986"	科达股份	0.00	7.05	0.00	--  	--  	0	0	          0.00	          0.00	--  	--  	--  	7.05	    36.88	0	  0.00	建筑施工	山东	 0.00	7.05	0	0	--  	0	0	--  	      33526.96	
="600985"	雷鸣科化	0.00	16.16	0.00	16.15	16.16	21141	10	          0.06	          1.63	16.20	16.55	16.14	16.16	    23.31	34627128	  1.47	化工原料	安徽	 2.54	16.38	9364	11777	  0.80	19	81	--  	      12960.00	
="600981"	汇鸿股份	0.00	4.21	0.00	--  	--  	0	0	          0.00	          0.00	--  	--  	--  	4.21	    92.48	0	  0.00	商贸代理	江苏	 0.00	4.21	0	0	--  	0	0	--  	      51610.64	
="600876"	洛阳玻璃	0.00	7.24	0.00	--  	--  	0	0	          0.00	          0.00	--  	--  	--  	7.24	   374.48	0	  0.00	玻璃	河南	 0.00	7.24	0	0	--  	0	0	--  	      25001.82	
="600792"	云煤能源	0.00	6.26	0.00	--  	--  	0	0	          0.00	          0.00	--  	--  	--  	6.26	   868.05	0	  0.00	焦炭加工	云南	 0.00	6.26	0	0	--  	0	0	--  	      80045.00	
="600749"	西藏旅游	0.00	12.18	0.00	--  	--  	0	0	          0.00	          0.00	--  	--  	--  	12.18	  1161.76	0	  0.00	旅游景点	西藏	 0.00	12.18	0	0	--  	0	0	--  	      18913.78	
="600575"	皖江物流	0.00	4.11	0.00	--  	--  	0	0	          0.00	          0.00	--  	--  	--  	4.11	--  	0	  0.00	港口	安徽	 0.00	4.11	0	0	--  	0	0	--  	     142320.00	
="600569"	安阳钢铁	0.00	2.32	0.00	--  	--  	0	0	          0.00	          0.00	--  	--  	--  	2.32	    78.40	0	  0.00	普钢	河南	 0.00	2.32	0	0	--  	0	0	--  	     239368.45	
="600517"	置信电气	0.00	12.45	0.00	--  	--  	0	0	          0.00	          0.00	--  	--  	--  	12.45	    84.39	0	  0.00	电气设备	上海	 0.00	12.45	0	0	--  	0	0	--  	     111366.89	
="600497"	驰宏锌锗	0.00	10.39	0.00	--  	--  	0	0	          0.00	          0.00	--  	--  	--  	10.39	    84.98	0	  0.00	铅锌	云南	 0.00	10.39	0	0	--  	0	0	--  	     166756.09	
="600369"	西南证券	0.00	10.54	0.00	--  	--  	0	0	          0.00	          0.00	--  	--  	--  	10.54	    25.05	0	  0.00	证券	重庆	 0.00	10.54	0	0	--  	0	0	--  	     232255.45	
="600365"	通葡股份	0.00	11.38	0.00	--  	--  	0	0	          0.00	          0.00	--  	--  	--  	11.38	  5686.21	0	  0.00	红黄药酒	吉林	 0.00	11.38	0	0	--  	0	0	--  	      14000.00	
="600318"	巢东股份	0.00	11.20	0.00	--  	--  	0	0	          0.00	          0.00	--  	--  	--  	11.20	    17.93	0	  0.00	水泥	安徽	 0.00	11.20	0	0	--  	0	0	--  	      24200.00	
="600241"	时代万恒	0.00	8.28	0.00	--  	--  	0	0	          0.00	          0.00	--  	--  	--  	8.28	--  	0	  0.00	商贸代理	辽宁	 0.00	8.28	0	0	--  	0	0	--  	      18020.00	
="600162"	香江控股	0.00	6.40	0.00	6.40	6.42	730181	860	          1.58	          9.51	6.35	6.56	6.14	6.40	    14.99	463798144	  2.09	全国地产	深圳	 6.56	6.35	319594	410587	  0.78	2238	110	--  	      76781.27	
="600105"	永鼎股份	0.00	9.86	0.00	--  	--  	0	0	          0.00	          0.00	--  	--  	--  	9.86	    22.23	0	  0.00	通信设备	江苏	 0.00	9.86	0	0	--  	0	0	--  	      38095.46	
="600103"	青山纸业	0.00	3.66	0.00	--  	--  	0	0	          0.00	          0.00	--  	--  	--  	3.66	   601.14	0	  0.00	造纸	福建	 0.00	3.66	0	0	--  	0	0	--  	     106184.15	
="600091"	ST明科	0.00	7.02	0.00	--  	--  	0	0	          0.00	          0.00	--  	--  	--  	7.02	--  	0	  0.00	化工原料	内蒙	 0.00	7.02	0	0	--  	0	0	--  	      33652.60	
="600090"	啤酒花	0.00	8.13	0.00	--  	--  	0	0	          0.00	          0.00	--  	--  	--  	8.13	    36.46	0	  0.00	啤酒	新疆	 0.00	8.13	0	0	--  	0	0	--  	      36791.66	
="300332"	天壕节能	--  	0.00	--  	--  	--  	0	0	--  	          0.00	--  	--  	--  	14.06	    40.57	0	  0.00	环境保护	北京	 0.00	14.06	0	0	--  	0	0	--  	      22666.75	
="300313"	天山生物	--  	0.00	--  	--  	--  	0	0	--  	          0.00	--  	--  	--  	23.69	   258.62	0	  0.00	农业综合	新疆	 0.00	23.69	0	0	--  	0	0	--  	       4177.81	
="300230"	永利带业	--  	0.00	--  	--  	--  	0	0	--  	          0.00	--  	--  	--  	9.63	    29.42	0	  0.00	塑料	上海	 0.00	9.63	0	0	--  	0	0	--  	      10127.07	
="300189"	神农大丰	--  	0.00	--  	--  	--  	0	0	--  	          0.00	--  	--  	--  	7.86	--  	0	  0.00	种植业	海南	 0.00	7.86	0	0	--  	0	0	--  	      33498.87	
="300072"	三聚环保	--  	0.00	--  	--  	--  	0	0	--  	          0.00	--  	--  	--  	27.13	    36.92	0	  0.00	化工原料	北京	 0.00	27.13	0	0	--  	0	0	--  	      45855.16	
="300013"	新宁物流	--  	0.00	--  	--  	--  	0	0	--  	          0.00	--  	--  	--  	9.26	   131.57	0	  0.00	仓储物流	江苏	 0.00	9.26	0	0	--  	0	0	--  	      18000.00	
="002608"	舜天船舶	--  	0.00	--  	--  	--  	0	0	--  	          0.00	--  	--  	--  	12.79	    86.27	0	  0.00	船舶	江苏	 0.00	12.79	0	0	--  	0	0	--  	      32855.16	
="002558"	世纪游轮	--  	0.00	--  	--  	--  	0	0	--  	          0.00	--  	--  	--  	31.65	   271.60	0	  0.00	旅游服务	重庆	 0.00	31.65	0	0	--  	0	0	--  	       3244.39	
="002534"	杭锅股份	--  	0.00	--  	--  	--  	0	0	--  	          0.00	--  	--  	--  	19.00	    58.39	0	  0.00	专用机械	浙江	 0.00	19.00	0	0	--  	0	0	--  	      39168.26	
="002529"	海源机械	--  	0.00	--  	--  	--  	0	0	--  	          0.00	--  	--  	--  	15.03	--  	0	  0.00	专用机械	福建	 0.00	15.03	0	0	--  	0	0	--  	      15608.25	
="002509"	天广消防	--  	0.00	--  	--  	--  	0	0	--  	          0.00	--  	--  	--  	12.27	    51.77	0	  0.00	专用机械	福建	 0.00	12.27	0	0	--  	0	0	--  	      23109.89	
="002485"	希努尔	--  	0.00	--  	--  	--  	0	0	--  	          0.00	--  	--  	--  	10.13	--  	0	  0.00	服饰	山东	 0.00	10.13	0	0	--  	0	0	--  	      32000.00	
="002426"	胜利精密	--  	0.00	--  	--  	--  	0	0	--  	          0.00	--  	--  	--  	11.26	    68.41	0	  0.00	元器件	江苏	 0.00	11.26	0	0	--  	0	0	--  	      35306.58	
="002324"	普利特	--  	0.00	--  	--  	--  	0	0	--  	          0.00	--  	--  	--  	19.90	    26.33	0	  0.00	塑料	上海	 0.00	19.90	0	0	--  	0	0	--  	      15582.66	
="002323"	中联电气	--  	0.00	--  	--  	--  	0	0	--  	          0.00	--  	--  	--  	21.95	   130.92	0	  0.00	电气设备	江苏	 0.00	21.95	0	0	--  	0	0	--  	       8350.16	
="002259"	升达林业	0.00	6.94	0.00	6.94	6.95	213291	2324	         -0.14	          3.51	6.96	7.17	6.91	6.94	   350.46	150431872	  1.07	家居用品	四川	 3.75	7.05	110137	103154	  1.07	472	321	--  	      60716.10	
="002103"	广博股份	--  	0.00	--  	--  	--  	0	0	--  	          0.00	--  	--  	--  	10.18	   172.72	0	  0.00	文教休闲	浙江	 0.00	10.18	0	0	--  	0	0	--  	      17095.44	
="002084"	海鸥卫浴	--  	0.00	--  	--  	--  	0	0	--  	          0.00	--  	--  	--  	7.60	    89.04	0	  0.00	家居用品	广东	 0.00	7.60	0	0	--  	0	0	--  	      40605.57	
="002044"	江苏三友	--  	0.00	--  	--  	--  	0	0	--  	          0.00	--  	--  	--  	10.04	    43.13	0	  0.00	服饰	江苏	 0.00	10.04	0	0	--  	0	0	--  	      22410.00	
="002013"	中航机电	--  	0.00	--  	--  	--  	0	0	--  	          0.00	--  	--  	--  	22.15	    51.08	0	  0.00	汽车配件	湖北	 0.00	22.15	0	0	--  	0	0	--  	      29285.81	
="002009"	天奇股份	--  	0.00	--  	--  	--  	0	0	--  	          0.00	--  	--  	--  	16.30	    47.89	0	  0.00	工程机械	江苏	 0.00	16.30	0	0	--  	0	0	--  	      25991.22	
="002006"	*ST精功	--  	0.00	--  	--  	--  	0	0	--  	          0.00	--  	--  	--  	8.75	--  	0	  0.00	工程机械	浙江	 0.00	8.75	0	0	--  	0	0	--  	      43677.89	
="000920"	南方汇通	--  	0.00	--  	--  	--  	0	0	--  	          0.00	--  	--  	--  	13.23	    31.50	0	  0.00	运输设备	贵州	 0.00	13.23	0	0	--  	0	0	--  	      42200.00	
="000897"	津滨发展	0.00	6.54	0.00	6.54	6.55	783504	12695	          0.00	          4.85	6.53	6.67	6.48	6.54	   349.41	515267680	  1.16	区域地产	天津	 2.91	6.58	394757	388747	  1.02	3179	6518	--  	     161708.06	
="000796"	易食股份	--  	0.00	--  	--  	--  	0	0	--  	          0.00	--  	--  	--  	7.23	    95.94	0	  0.00	食品	陕西	 0.00	7.23	0	0	--  	0	0	--  	      24652.30	
="000795"	太原刚玉	--  	0.00	--  	--  	--  	0	0	--  	          0.00	--  	--  	--  	10.92	--  	0	  0.00	矿物制品	山西	 0.00	10.92	0	0	--  	0	0	--  	      27679.44	
="000710"	天兴仪表	--  	0.00	--  	--  	--  	0	0	--  	          0.00	--  	--  	--  	13.60	--  	0	  0.00	汽车配件	四川	 0.00	13.60	0	0	--  	0	0	--  	      15120.00	
="000627"	天茂集团	--  	0.00	--  	--  	--  	0	0	--  	          0.00	--  	--  	--  	4.10	    28.37	0	  0.00	化工原料	湖北	 0.00	4.10	0	0	--  	0	0	--  	     135358.98	
="000533"	万 家 乐	--  	0.00	--  	--  	--  	0	0	--  	          0.00	--  	--  	--  	5.97	    35.25	0	  0.00	家用电器	广东	 0.00	5.97	0	0	--  	0	0	--  	      68487.71	
="000498"	山东路桥	--  	0.00	--  	--  	--  	0	0	--  	          0.00	--  	--  	--  	4.64	    27.67	0	  0.00	建筑施工	山东	 0.00	4.64	0	0	--  	0	0	--  	      35417.01	
="000415"	渤海租赁	--  	0.00	--  	--  	--  	0	0	--  	          0.00	--  	--  	--  	10.28	    19.57	0	  0.00	多元金融	新疆	 0.00	10.28	0	0	--  	0	0	--  	     126917.42	
="300204"	舒泰神	-0.03	30.37	-0.01	30.35	30.37	15709	94	          0.03	          0.67	30.50	31.25	30.23	30.38	    44.26	48328492	  1.01	生物制药	北京	 3.36	30.76	7580	8129	  0.93	16	75	--  	      23575.42	
="600419"	天润乳业	-0.13	22.73	-0.03	22.70	22.72	13327	4	          0.13	          1.66	22.79	22.95	22.57	22.76	   106.92	30340948	  1.16	乳制品	新疆	 1.67	22.77	5799	7528	  0.77	28	20	--  	       8016.00	
="600811"	东方集团	-0.14	7.07	-0.01	7.07	7.08	565453	30	          0.00	          3.39	7.10	7.26	7.02	7.08	     7.84	405425600	  1.47	综合类	黑龙江	 3.39	7.17	280685	284768	  0.99	215	3094	--  	     166680.53	
="601007"	金陵饭店	-0.17	11.92	-0.02	11.87	11.90	50667	36	         -0.25	          1.69	12.04	12.13	11.81	11.94	   136.37	60684568	  0.80	酒店餐饮	江苏	 2.68	11.98	24588	26079	  0.94	10	66	--  	      30000.00	
="600083"	博信股份	-0.17	11.69	-0.02	11.59	11.63	33328	13	          0.94	          1.47	11.76	11.77	11.48	11.71	   636.11	38686672	  0.69	元器件	广东	 2.48	11.61	21527	11801	  1.82	31	287	--  	      22598.08	
="600077"	宋都股份	-0.17	5.84	-0.01	5.83	5.85	230037	2	          1.56	          2.11	5.83	5.91	5.69	5.85	   778.99	133695816	  0.87	全国地产	浙江	 3.76	5.81	126889	103148	  1.23	2566	547	--  	     109096.45	
="002690"	美亚光电	-0.19	46.07	-0.09	46.01	46.07	11662	21	         -0.04	          1.05	46.00	46.98	45.52	46.16	    60.36	53964216	  1.08	专用机械	安徽	 3.16	46.27	7001	4661	  1.50	6	84	--  	      11095.95	
="000785"	武汉中商	-0.22	9.00	-0.02	9.00	9.01	53203	2020	         -0.22	          2.12	9.05	9.21	8.99	9.02	    67.69	48299508	  1.21	百货	湖北	 2.44	9.08	25285	27918	  0.91	74	12	--  	      25109.36	
="600356"	恒丰纸业	-0.25	8.03	-0.02	8.02	8.03	29445	50	          0.12	          1.17	8.05	8.19	7.98	8.05	    32.82	23796556	  0.72	造纸	黑龙江	 2.61	8.08	16352	13093	  1.25	432	5	--  	      25233.92	
="601107"	四川成渝	-0.27	3.63	-0.01	3.63	3.64	160446	260	          0.00	          0.74	3.64	3.73	3.60	3.64	     9.77	58944096	  0.70	路桥	四川	 3.57	3.67	91307	69139	  1.32	619	1507	--  	     216274.00	
="002251"	步 步 高	-0.30	16.75	-0.05	16.70	16.75	63333	1337	          0.47	          1.16	16.83	17.03	16.58	16.80	    22.34	106559688	  0.71	超市连锁	湖南	 2.68	16.83	36517	26816	  1.36	57	528	--  	      54401.89	
="000993"	闽东电力	-0.31	9.77	-0.03	9.77	9.78	81929	302	          0.10	          2.20	9.81	10.05	9.73	9.80	    31.00	81439512	  1.03	水力发电	福建	 3.27	9.94	37525	44404	  0.85	313	310	--  	      37300.00	
="002687"	乔治白	-0.33	11.95	-0.04	11.94	11.95	42045	172	          0.33	          6.04	11.96	12.25	11.88	11.99	    42.53	50738868	  1.79	服饰	浙江	 3.09	12.07	19808	22237	  0.89	37	35	--  	       6961.27	
="600215"	长春经开	-0.34	5.85	-0.02	5.84	5.85	104628	15	         -0.17	          2.25	5.87	5.99	5.80	5.87	--  	61525760	  0.58	园区开发	吉林	 3.24	5.88	57959	46669	  1.24	206	890	--  	      46503.28	
="001896"	豫能控股	-0.43	9.18	-0.04	9.16	9.18	66652	634	         -0.10	          1.55	9.17	9.36	9.00	9.22	    14.11	61290592	  1.23	火力发电	河南	 3.90	9.20	37705	28947	  1.30	3	42	--  	      42999.25	
="000998"	隆平高科	-0.47	17.02	-0.08	17.02	17.03	101299	1023	          0.00	          1.22	17.11	17.20	17.00	17.10	   109.57	173392752	  0.57	种植业	湖南	 1.17	17.12	54653	46646	  1.17	987	163	--  	      83123.59	
="600533"	栖霞建设	-0.50	4.00	-0.02	3.99	4.00	123616	2	          0.00	          1.18	4.01	4.05	3.97	4.02	    40.69	49630488	  0.73	区域地产	江苏	 1.99	4.01	76328	47288	  1.61	351	237	--  	     105000.00	
="600114"	东睦股份	-0.51	15.60	-0.08	15.60	15.61	37877	30	         -0.44	          2.28	15.68	15.84	15.35	15.68	    44.58	59300980	  0.92	机械基件	浙江	 3.12	15.66	18607	19270	  0.97	11	21	--  	      16601.69	
="600543"	莫高股份	-0.54	9.24	-0.05	9.24	9.25	52101	10	         -0.10	          1.62	9.27	9.35	9.20	9.29	    92.22	48428220	  0.97	红黄药酒	甘肃	 1.61	9.29	32006	20095	  1.59	157	797	--  	      32112.00	
="002572"	索菲亚	-0.56	22.98	-0.13	22.91	22.98	20051	124	         -0.04	          0.80	23.34	23.63	22.80	23.11	    38.37	46576348	  1.02	家居用品	广东	 3.59	23.23	8939	11112	  0.80	13	48	--  	      25138.69	
="300193"	佳士科技	-0.57	17.45	-0.10	17.44	17.45	79283	357	          0.11	          5.21	17.75	17.89	17.30	17.55	    48.72	140098768	  1.58	专用机械	深圳	 3.36	17.67	41845	37438	  1.12	39	100	--  	      15209.28	
="000159"	国际实业	-0.59	10.16	-0.06	10.15	10.16	630843	7906	          0.19	         13.11	10.65	11.13	10.10	10.22	    56.52	667513024	  2.75	石油贸易	新疆	10.08	10.58	295695	335148	  0.88	1480	3567	--  	      48113.92	
="000100"	TCL 集团	-0.62	3.19	-0.02	3.19	3.20	2538047	9586	         -0.31	          3.12	3.20	3.26	3.16	3.21	    10.19	816483392	  0.67	家用电器	广东	 3.12	3.22	1282313	1255734	  1.02	25002	44849	--  	     813618.25	
="600078"	澄星股份	-0.66	9.07	-0.06	9.08	9.09	215361	8	          1.22	          3.25	9.14	9.17	8.68	9.13	   167.38	192712880	  1.85	化工原料	江苏	 5.37	8.95	121099	94262	  1.28	1142	10	--  	      66257.28	
="601369"	陕鼓动力	-0.68	7.27	-0.05	7.27	7.28	325106	43	         -0.13	          1.98	7.28	7.60	7.19	7.32	    30.35	239770176	  1.31	机械基件	陕西	 5.60	7.38	157874	167232	  0.94	252	423	--  	     163877.02	
="002420"	毅昌股份	-0.69	7.23	-0.05	7.23	7.24	56895	269	          0.00	          1.51	7.29	7.34	7.21	7.28	   205.41	41445060	  0.94	塑料	广东	 1.79	7.28	31073	25822	  1.20	241	53	--  	      37782.35	
="002524"	光正集团	-0.69	7.22	-0.05	7.22	7.23	347725	1596	         -0.13	          7.08	7.38	7.49	7.17	7.27	--  	256287712	  1.45	钢加工	新疆	 4.40	7.37	176515	171210	  1.03	539	641	--  	      49120.46	
="601137"	博威合金	-0.73	19.15	-0.14	19.11	19.20	15232	35	          0.41	          0.71	19.29	19.60	19.04	19.29	    60.86	29398768	  1.30	铜	浙江	 2.90	19.30	7690	7542	  1.02	3	4	--  	      21500.00	
="002293"	罗莱家纺	-0.74	25.34	-0.19	25.33	25.34	25439	213	         -0.11	          0.91	25.68	25.98	25.22	25.53	    19.28	65152824	  0.68	服饰	江苏	 2.98	25.61	16781	8658	  1.94	42	61	--  	      28072.61	
="600221"	海南航空	-0.80	2.48	-0.02	2.48	2.49	4449114	1075	          0.40	          3.77	2.49	2.57	2.45	2.50	    12.00	1112910720	  0.63	空运	海南	 4.80	2.50	2038525	2410589	  0.85	24768	28707	--  	    1181206.38	
="002041"	登海种业	-0.80	34.68	-0.28	34.68	34.69	26087	133	          0.00	          0.79	34.96	35.66	34.60	34.96	    57.02	91996408	  0.99	种植业	山东	 3.03	35.26	13308	12779	  1.04	139	6	--  	      32943.82	
="002470"	金正大	-0.80	25.98	-0.21	25.98	25.99	40266	373	         -0.11	          0.68	26.36	26.70	25.77	26.19	    16.74	105327648	  0.86	农药化肥	山东	 3.55	26.16	24959	15307	  1.63	151	3	--  	      59254.00	
="600306"	*ST商城	-0.81	11.07	-0.09	11.10	11.11	15003	153	          0.45	          0.85	11.10	11.19	11.00	11.16	--  	16627676	  0.93	百货	辽宁	 1.70	11.08	9532	5471	  1.74	561	91	--  	      17727.78	
="000543"	皖能电力	-0.83	8.37	-0.07	8.37	8.38	220972	2485	         -0.23	          2.16	8.42	8.63	8.35	8.44	     9.32	188256192	  0.87	火力发电	安徽	 3.32	8.52	112973	107999	  1.05	733	709	--  	     102515.75	
="600478"	科力远	-0.84	24.67	-0.21	24.65	24.69	55645	50	          0.73	          1.18	25.24	25.24	24.00	24.88	--  	136911504	  1.16	元器件	湖南	 4.98	24.60	34045	21600	  1.58	16	10	--  	      47223.51	
="600867"	通化东宝	-0.87	17.00	-0.15	17.00	17.01	120086	1	          0.00	          1.17	17.10	17.36	16.90	17.15	    59.88	205938960	  0.74	生物制药	吉林	 2.68	17.15	67099	52987	  1.27	98	19	--  	     102460.04	
="002086"	东方海洋	-0.89	11.08	-0.10	11.08	11.09	46301	392	         -0.18	          1.95	11.15	11.33	11.06	11.18	    54.14	51750600	  0.51	渔业	山东	 2.42	11.18	27593	18708	  1.47	190	91	--  	      23780.85	
="600657"	信达地产	-0.94	4.21	-0.04	4.20	4.21	154711	171	         -0.23	          1.01	4.24	4.32	4.20	4.25	    19.18	65804472	  1.03	全国地产	北京	 2.82	4.25	88256	66455	  1.33	1738	30	--  	     152426.05	
="300055"	万邦达	-0.95	37.62	-0.36	37.62	37.63	24300	194	          0.05	          1.41	38.17	38.97	37.51	37.98	    62.10	93336080	  0.95	环境保护	北京	 3.84	38.41	11461	12839	  0.89	105	39	--  	      17184.46	
="600864"	哈投股份	-0.95	9.34	-0.09	9.34	9.35	202933	361	          0.10	          3.71	9.38	9.68	9.30	9.43	   117.51	192786368	  2.35	火力发电	黑龙江	 4.03	9.50	95947	106986	  0.90	175	30	--  	      54637.82	
="600727"	鲁北化工	-0.99	5.99	-0.06	5.98	5.99	137718	26	          0.33	          3.92	6.07	6.25	5.93	6.05	   193.17	84012456	  2.20	农药化肥	山东	 5.29	6.10	67269	70449	  0.95	130	190	--  	      35092.66	
="002478"	常宝股份	-1.00	12.85	-0.13	12.83	12.85	65785	141	          0.15	          2.52	13.01	13.17	12.78	12.98	    20.55	85375648	  1.31	普钢	江苏	 3.00	12.98	41918	23867	  1.76	107	74	--  	      26154.86	
="002275"	桂林三金	-1.03	20.16	-0.21	20.15	20.16	30460	168	         -0.09	          0.58	20.30	20.50	19.90	20.37	    27.34	61509076	  0.54	中成药	广西	 2.95	20.19	19468	10992	  1.77	50	19	--  	      52434.82	
="600795"	国电电力	-1.04	2.86	-0.03	2.85	2.86	3371955	1001	          0.35	          2.19	2.87	2.97	2.83	2.89	     7.22	978870464	  0.53	火力发电	辽宁	 4.84	2.90	1539736	1832219	  0.84	42443	914	--  	    1539514.88	
="600300"	维维股份	-1.05	5.65	-0.06	5.64	5.65	267222	25	          0.17	          1.60	5.73	5.79	5.55	5.71	    83.78	151766928	  0.89	软饮料	江苏	 4.20	5.68	152534	114688	  1.33	165	494	--  	     167200.00	
="300240"	飞力达	-1.08	14.70	-0.16	14.68	14.70	40742	136	          0.20	          2.51	14.87	15.12	14.65	14.86	    55.50	60659424	  1.75	仓储物流	江苏	 3.16	14.89	28507	12235	  2.33	4	102	--  	      16245.00	
="600496"	精工钢构	-1.09	10.01	-0.11	10.00	10.01	70373	4	         -0.39	          1.20	10.07	10.27	9.97	10.12	    24.24	71343736	  0.92	钢加工	安徽	 2.96	10.14	37384	32989	  1.13	263	196	--  	      58656.60	
="002333"	罗普斯金	-1.09	13.60	-0.15	13.58	13.60	35231	183	         -0.07	          1.45	13.72	13.89	13.56	13.75	    55.90	48388052	  1.06	铝	江苏	 2.40	13.73	17978	17253	  1.04	3	7	--  	      24248.49	
="002350"	北京科锐	-1.11	14.28	-0.16	14.27	14.28	42055	277	         -0.13	          1.93	14.44	14.60	14.26	14.44	    56.32	60487364	  1.10	电气设备	北京	 2.35	14.38	23890	18165	  1.32	36	903	--  	      21821.63	
="600004"	白云机场	-1.18	9.25	-0.11	9.24	9.25	151350	32	          0.00	          1.32	9.46	9.50	9.18	9.36	    10.71	141018416	  1.06	机场	广东	 3.42	9.32	99731	51619	  1.93	133	31	--  	     115000.00	
="000089"	深圳机场	-1.18	5.04	-0.06	5.04	5.05	150977	2254	          0.00	          0.89	5.13	5.16	5.00	5.10	    33.33	76818048	  0.65	机场	深圳	 3.14	5.09	84233	66744	  1.26	380	947	--  	     169169.27	
="300090"	盛运股份	-1.20	17.28	-0.21	17.27	17.28	335192	1675	          0.52	          8.93	17.50	18.10	17.16	17.49	    51.81	596585152	  2.60	专用机械	安徽	 5.37	17.80	158587	176605	  0.90	41	402	--  	      37541.26	
="000507"	珠海港	-1.29	6.91	-0.09	6.90	6.91	911168	7597	          0.14	         11.80	6.66	7.13	6.65	7.00	--  	625687232	  1.24	港口	广东	 6.86	6.87	436161	475007	  0.92	2887	2574	--  	      77214.38	
="000668"	荣丰控股	-1.30	14.39	-0.19	14.35	14.39	21062	16	         -0.34	          1.44	14.45	14.73	14.33	14.58	--  	30724130	  0.70	区域地产	上海	 2.74	14.59	14180	6882	  2.06	22	15	--  	      14668.41	
="002606"	大连电瓷	-1.30	15.90	-0.21	15.89	15.90	48553	332	          0.00	          4.03	16.20	16.20	15.80	16.11	   144.23	77949624	  0.63	电气设备	辽宁	 2.48	16.05	26934	21619	  1.25	214	716	--  	      12050.00	
="002075"	沙钢股份	-1.33	4.46	-0.06	4.45	4.46	165746	1293	          0.00	          1.05	4.52	4.62	4.43	4.52	   100.76	75087544	  0.67	特钢	江苏	 4.20	4.53	91530	74216	  1.23	2384	198	--  	     157626.48	
="600293"	三峡新材	-1.33	7.40	-0.10	7.36	7.38	119977	105	          1.78	          3.48	7.50	7.66	7.24	7.50	   226.62	89524624	  1.19	玻璃	湖北	 5.60	7.46	62112	57865	  1.07	10	116	--  	      34450.26	
="002202"	金风科技	-1.35	12.39	-0.17	12.39	12.40	723549	4379	         -0.08	          3.38	12.60	13.16	12.27	12.56	    20.95	924318016	  1.94	电气设备	新疆	 7.09	12.77	356039	367510	  0.97	1339	2788	--  	     213853.45	
="600354"	敦煌种业	-1.40	7.75	-0.11	7.75	7.76	152179	144	         -0.12	          3.40	7.87	8.04	7.72	7.86	--  	120383824	  1.08	种植业	甘肃	 4.07	7.91	81763	70416	  1.16	59	32	--  	      44780.21	
="000981"	银亿股份	-1.42	11.80	-0.17	11.79	11.80	50197	171	          0.16	          0.58	12.01	12.39	11.73	11.97	    21.62	60346376	  1.45	区域地产	甘肃	 5.51	12.02	32934	17263	  1.91	171	482	--  	      85810.52	
="002187"	广百股份	-1.45	11.55	-0.17	11.55	11.56	36342	1061	          0.17	          1.08	11.72	11.90	11.49	11.72	    18.03	42489744	  1.06	百货	广东	 3.50	11.69	22251	14091	  1.58	89	119	--  	      33572.48	
="000650"	仁和药业	-1.47	7.39	-0.11	7.39	7.40	175304	1412	          0.00	          1.77	7.49	7.62	7.36	7.50	    27.43	131678856	  1.15	中成药	江西	 3.47	7.51	92729	82575	  1.12	60	446	--  	      99040.99	
="600005"	武钢股份	-1.53	2.58	-0.04	2.57	2.58	737713	1400	         -0.38	          0.73	2.62	2.65	2.57	2.62	    25.35	193102528	  0.40	普钢	湖北	 3.05	2.62	384173	353540	  1.09	28633	2331	--  	    1009378.00	
="300019"	硅宝科技	-1.53	18.00	-0.28	17.98	18.00	38188	292	         -0.49	          3.55	18.28	19.20	17.90	18.28	    37.32	70702056	  2.07	化工原料	四川	 7.11	18.51	19013	19175	  0.99	185	88	--  	      10745.41	
="300022"	吉峰农机	-1.56	8.19	-0.13	8.19	8.20	168940	1220	          0.12	          5.35	8.33	8.56	8.15	8.32	--  	142162320	  1.56	其他连锁	四川	 4.93	8.41	84119	84821	  0.99	851	175	--  	      31565.72	
="600415"	小商品城	-1.56	6.93	-0.11	6.93	6.94	204952	30	          0.14	          0.75	7.03	7.19	6.90	7.04	    44.07	144505744	  0.75	商品城	浙江	 4.12	7.05	130961	73991	  1.77	1463	228	--  	     272160.72	
="002042"	华孚色纺	-1.57	5.01	-0.08	5.01	5.02	119031	1413	          0.20	          1.43	5.09	5.13	4.98	5.09	    15.75	60338508	  1.00	纺织	安徽	 2.95	5.07	67026	52005	  1.29	447	446	--  	      82998.72	
="600033"	福建高速	-1.57	3.13	-0.05	3.12	3.13	602266	173	          0.32	          2.19	3.20	3.21	3.10	3.18	    12.90	190829968	  0.59	路桥	福建	 3.46	3.17	355871	246395	  1.44	4945	177	--  	     274440.00	
="600380"	健康元	-1.58	6.84	-0.11	6.83	6.84	111072	2	          0.00	          0.72	6.94	6.98	6.82	6.95	    26.16	76612512	  0.88	化学制药	深圳	 2.30	6.90	71512	39560	  1.81	534	179	--  	     154583.59	
="600020"	中原高速	-1.60	3.07	-0.05	3.07	3.08	237099	143	          0.00	          1.06	3.12	3.17	3.06	3.12	     9.72	74044160	  0.77	路桥	河南	 3.53	3.12	152104	84995	  1.79	475	1995	--  	     224737.19	
="002483"	润邦股份	-1.60	12.88	-0.21	12.87	12.88	61939	608	         -0.46	          1.72	12.96	13.45	12.87	13.09	    38.84	82078096	  0.82	工程机械	江苏	 4.43	13.25	33029	28910	  1.14	60	24	--  	      36000.00	
="600693"	东百集团	-1.61	8.54	-0.14	8.54	8.55	39321	2	          0.00	          1.15	8.69	8.73	8.51	8.68	    12.83	33875064	  0.50	百货	福建	 2.53	8.61	25097	14224	  1.76	208	1	--  	      34216.55	
="002620"	瑞和股份	-1.62	18.20	-0.30	18.20	18.21	18856	384	         -0.21	          2.07	18.50	18.68	18.18	18.50	    36.38	34604356	  1.06	装修装饰	深圳	 2.70	18.35	11911	6945	  1.72	38	7	--  	       9100.98	
="601588"	北辰实业	-1.64	3.59	-0.06	3.58	3.59	389205	10	          0.00	          1.46	3.65	3.69	3.58	3.65	    28.25	141172384	  0.53	区域地产	北京	 3.01	3.63	210336	178869	  1.18	4620	205	--  	     266000.00	
="600635"	大众公用	-1.66	5.92	-0.10	5.92	5.93	342969	15	         -0.33	          2.09	6.01	6.11	5.92	6.02	    36.20	206807200	  0.94	供气供热	上海	 3.16	6.03	173689	169280	  1.03	499	57	--  	     164486.98	
="600466"	迪康药业	-1.66	6.50	-0.11	6.50	6.51	99199	133	          0.30	          2.26	6.62	6.63	6.47	6.61	   160.50	65031408	  0.89	中成药	四川	 2.42	6.56	53835	45364	  1.19	64	100	--  	      43900.58	
="600095"	哈高科	-1.67	7.08	-0.12	7.07	7.08	111318	10	          0.14	          3.08	7.14	7.29	7.06	7.20	   242.66	79908224	  1.36	食品	黑龙江	 3.19	7.18	60664	50654	  1.20	364	510	--  	      36126.35	
="600806"	昆明机床	-1.67	5.88	-0.10	5.88	5.89	76565	20	          0.34	          1.96	5.98	6.06	5.84	5.98	--  	45659444	  0.78	机床制造	云南	 3.68	5.96	37534	39031	  0.96	167	1197	--  	      39018.62	
="002215"	诺 普 信	-1.68	9.92	-0.17	9.92	9.93	69912	242	          0.20	          1.36	10.13	10.16	9.86	10.09	    29.40	70292096	  1.06	农药化肥	深圳	 2.97	10.05	34039	35873	  0.95	1368	69	--  	      51575.60	
="002026"	山东威达	-1.69	10.50	-0.18	10.50	10.51	39734	320	          0.00	          1.74	10.68	10.78	10.48	10.68	    33.53	42381812	  0.83	机械基件	山东	 2.81	10.67	24035	15699	  1.53	50	21	--  	      22815.00	
="002253"	川大智胜	-1.69	34.90	-0.60	34.90	34.98	28885	327	         -0.54	          2.30	35.50	36.18	34.33	35.50	   198.05	101646032	  0.75	软件服务	四川	 5.21	35.19	15020	13865	  1.08	257	12	--  	      12585.73	
="600439"	瑞贝卡	-1.70	4.62	-0.08	4.61	4.62	207491	20	          0.00	          2.20	4.71	4.76	4.57	4.70	    25.15	97211584	  0.95	服饰	河南	 4.04	4.69	106348	101143	  1.05	546	536	--  	      94332.11	
="000605"	渤海股份	-1.72	17.70	-0.31	17.70	17.75	18948	61	          0.00	          2.14	18.15	18.17	17.69	18.01	    88.01	33911472	  1.05	水务	北京	 2.67	17.90	11648	7300	  1.60	197	47	--  	       8842.98	
="002457"	青龙管业	-1.73	10.22	-0.18	10.21	10.22	185834	1016	          0.19	          7.33	10.46	10.64	10.13	10.40	    41.01	193435136	  1.69	塑料	宁夏	 4.90	10.41	99271	86563	  1.15	225	1836	--  	      25365.41	
="300138"	晨光生物	-1.73	12.48	-0.22	12.48	12.49	43222	204	          0.00	          3.43	12.70	12.80	12.40	12.70	   131.28	54556500	  0.88	食品	河北	 3.15	12.62	26405	16817	  1.57	64	293	--  	      12608.41	
="600713"	南京医药	-1.75	7.88	-0.14	7.85	7.86	146620	258	          0.63	          2.11	8.05	8.10	7.80	8.02	    80.34	117078632	  0.76	医药连锁	江苏	 3.74	7.99	91216	55404	  1.65	44	2742	--  	      69358.07	
="600993"	马应龙	-1.77	21.60	-0.39	21.58	21.59	75336	580	         -0.09	          2.28	22.02	22.41	21.57	21.99	    29.86	165567968	  0.98	中成药	湖北	 3.82	21.98	40575	34761	  1.17	18	5	--  	      33087.71	
="600160"	巨化股份	-1.86	6.85	-0.13	6.86	6.87	706986	10	         -0.72	          3.90	7.26	7.45	6.66	6.98	    79.93	502717280	  1.04	化工原料	浙江	11.32	7.11	352784	354202	  1.00	270	158	--  	     181091.59	
="002479"	富春环保	-1.86	10.01	-0.19	10.00	10.01	157884	901	          0.50	          2.16	10.20	10.40	9.94	10.20	    40.49	161537680	  1.17	火力发电	浙江	 4.51	10.23	82807	75077	  1.10	941	732	--  	      73141.99	
="300259"	新天科技	-1.88	16.17	-0.31	16.13	16.17	36588	997	          0.24	          2.57	16.48	16.50	15.83	16.48	    47.79	59278636	  1.07	电器仪表	河南	 4.07	16.20	17786	18802	  0.95	10	154	--  	      14223.29	
="600012"	皖通高速	-1.90	5.17	-0.10	5.17	5.18	70317	10	          0.00	          0.60	5.29	5.32	5.14	5.27	     9.59	36893120	  0.53	路桥	安徽	 3.42	5.25	43871	26446	  1.66	395	167	--  	     116560.00	
="000725"	京东方Ａ	-1.90	2.58	-0.05	2.57	2.58	2332462	22465	          0.38	          2.03	2.62	2.64	2.56	2.63	    36.82	609090688	  0.60	元器件	北京	 3.04	2.61	1377492	954970	  1.44	46323	46689	--  	    1150574.38	
="300211"	亿通科技	-1.91	23.05	-0.45	23.05	23.07	11517	62	         -0.21	          2.43	23.43	23.83	23.02	23.50	    96.75	26988664	  1.12	通信设备	江苏	 3.45	23.43	6942	4575	  1.52	1	42	--  	       4739.52	
="002220"	天宝股份	-1.92	8.18	-0.16	8.17	8.18	82225	475	          0.00	          2.11	8.34	8.39	8.13	8.34	    22.08	67881552	  0.75	食品	辽宁	 3.12	8.26	51607	30618	  1.69	457	244	--  	      38948.12	
="600567"	山鹰纸业	-1.92	2.55	-0.05	2.54	2.55	565202	1050	          0.39	          3.56	2.59	2.62	2.52	2.60	    41.65	145912240	  0.67	造纸	安徽	 3.85	2.58	276187	289015	  0.96	5522	1588	--  	     158601.70	
="600781"	辅仁药业	-1.93	20.79	-0.41	20.78	20.79	18508	3	          0.00	          1.04	21.20	21.46	20.68	21.20	   168.47	38987760	  0.70	中成药	河南	 3.68	21.07	12140	6368	  1.91	4	84	--  	      17759.28	
="600068"	葛洲坝	-1.93	5.07	-0.10	5.07	5.08	1150932	30	          0.19	          3.30	5.20	5.28	5.02	5.17	    10.05	596718272	  0.79	建筑施工	湖北	 5.03	5.18	616851	534081	  1.15	196	2090	--  	     348745.91	
="002537"	海立美达	-1.95	18.06	-0.36	18.06	18.08	14231	244	         -0.11	          0.95	18.46	18.62	18.05	18.42	    83.78	26086972	  1.01	机械基件	山东	 3.09	18.33	8602	5629	  1.53	13	35	--  	      15000.00	
="600532"	宏达矿业	-1.97	9.93	-0.20	9.93	9.94	45948	19	         -0.10	          2.78	10.12	10.30	9.90	10.13	    25.22	46453376	  0.38	普钢	山东	 3.95	10.11	26936	19012	  1.42	25	332	--  	      16510.25	
="000877"	天山股份	-1.99	7.88	-0.16	7.87	7.88	685137	2804	          0.00	          7.79	8.10	8.38	7.75	8.04	    16.93	553419072	  0.97	水泥	新疆	 7.84	8.08	375315	309822	  1.21	525	415	--  	      88001.99	
="600469"	风神股份	-1.99	12.80	-0.26	12.80	12.82	57581	3	         -0.23	          1.54	13.03	13.19	12.76	13.06	    11.75	74892344	  0.78	汽车配件	河南	 3.29	13.01	34305	23276	  1.47	25	44	--  	      37494.21	
="600802"	福建水泥	-2.00	8.34	-0.17	8.33	8.34	156193	11	          0.24	          4.09	8.48	8.55	8.27	8.51	--  	131244856	  0.69	水泥	福建	 3.29	8.40	93062	63131	  1.47	113	19	--  	      38187.37	
="600897"	厦门空港	-2.01	20.02	-0.41	20.01	20.02	50910	44	          0.15	          1.71	20.50	20.68	19.92	20.43	    12.37	103432104	  0.56	机场	福建	 3.72	20.32	27675	23235	  1.19	15	40	--  	      29781.00	
="000403"	ST生化	-2.04	22.10	-0.46	22.10	22.11	67110	314	          0.18	          3.70	23.00	23.69	21.96	22.56	    37.67	153792624	  1.17	生物制药	江西	 7.67	22.92	33842	33268	  1.02	1	80	--  	      18151.84	
="600671"	天目药业	-2.06	17.08	-0.36	17.10	17.17	24607	3	         -0.46	          2.02	17.41	17.60	16.89	17.44	   709.89	42696712	  0.87	中成药	浙江	 4.07	17.35	14071	10536	  1.34	2	15	--  	      12172.04	
="300099"	尤洛卡	-2.07	14.70	-0.31	14.65	14.70	27630	762	          0.34	          2.55	15.01	15.04	14.58	15.01	   185.19	40741492	  0.56	电器仪表	山东	 3.06	14.75	16766	10864	  1.54	1025	185	--  	      10838.75	
="600328"	兰太实业	-2.10	10.28	-0.22	10.28	10.29	116606	91	          0.09	          3.25	10.51	10.73	10.25	10.50	   227.63	122756784	  1.24	化工原料	内蒙	 4.57	10.53	63708	52898	  1.20	367	72	--  	      35911.80	
="600361"	华联综超	-2.13	5.96	-0.13	5.95	5.96	119352	151	          0.16	          1.79	6.11	6.12	5.93	6.09	    26.21	72048008	  0.84	超市连锁	北京	 3.12	6.04	68986	50366	  1.37	93	136	--  	      66580.78	
="000667"	美好集团	-2.15	2.73	-0.06	2.73	2.74	582198	9131	          0.00	          2.27	2.80	2.82	2.73	2.79	   186.38	161310336	  0.72	全国地产	云南	 3.23	2.77	346011	236187	  1.46	5003	707	--  	     255959.23	
="002560"	通达股份	-2.20	19.97	-0.45	19.97	19.98	29734	77	          0.25	          6.51	20.42	20.83	19.86	20.42	    78.92	60814388	  1.14	电气设备	河南	 4.75	20.45	17147	12587	  1.36	81	2	--  	       4567.37	
="600843"	上工申贝	-2.21	13.30	-0.30	13.29	13.30	66486	13	         -0.22	          3.24	13.52	13.99	13.22	13.60	    88.58	90793472	  1.02	纺织机械	上海	 5.66	13.66	37322	29164	  1.28	204	371	--  	      20494.30	
="000966"	长源电力	-2.25	9.57	-0.22	9.57	9.58	129758	609	         -0.20	          2.34	9.90	9.95	9.51	9.79	     6.40	126985888	  0.67	火力发电	湖北	 4.49	9.79	79361	50397	  1.57	804	382	--  	      55414.19	
="002528"	英飞拓	-2.27	13.75	-0.32	13.74	13.75	71381	713	          0.00	          2.11	14.06	14.24	13.69	14.07	   441.36	99800120	  0.81	电脑设备	深圳	 3.91	13.98	43560	27821	  1.57	156	343	--  	      33766.19	
="000752"	西藏发展	-2.31	13.97	-0.33	13.97	13.98	79081	637	         -0.14	          3.00	14.28	14.48	13.92	14.30	   203.69	111782672	  0.53	啤酒	西藏	 3.92	14.14	48531	30550	  1.59	316	503	--  	      26375.01	
="600098"	广州发展	-2.31	5.91	-0.14	5.92	5.93	211119	67	         -0.67	          0.87	6.05	6.17	5.88	6.05	    11.98	127614400	  0.73	火力发电	广东	 4.79	6.04	121011	90108	  1.34	10	642	--  	     243737.45	
="002448"	中原内配	-2.33	17.17	-0.41	17.16	17.17	53698	295	         -0.05	          2.99	17.52	17.79	17.02	17.58	    20.76	93445880	  0.41	运输设备	河南	 4.38	17.40	33106	20592	  1.61	5	224	--  	      17946.90	
="000936"	华西股份	-2.36	5.39	-0.13	5.39	5.40	160714	1095	          0.00	          2.15	5.54	5.56	5.30	5.52	   102.66	87457400	  0.80	化纤	江苏	 4.71	5.44	98506	62208	  1.58	942	1869	--  	      74768.59	
="600097"	开创国际	-2.36	13.66	-0.33	13.66	13.67	27186	84	         -0.29	          2.35	14.05	14.20	13.60	13.99	    27.07	37878576	  1.11	渔业	上海	 4.29	13.93	15350	11836	  1.30	416	42	--  	      11544.99	
="002695"	煌上煌	-2.36	33.50	-0.81	33.49	33.50	27380	391	         -0.08	          6.38	34.70	34.88	33.42	34.31	    37.49	92861064	  1.46	食品	江西	 4.26	33.91	16606	10774	  1.54	18	241	--  	       4293.64	
="000926"	福星股份	-2.39	8.17	-0.20	8.16	8.17	265583	1790	          0.12	          5.02	8.39	8.45	8.13	8.37	     7.53	220612688	  0.75	区域地产	湖北	 3.82	8.31	144233	121350	  1.19	1320	3823	--  	      52853.94	
="002680"	黄海机械	-2.40	34.15	-0.84	34.15	34.16	7537	91	          0.00	          3.14	34.82	35.29	34.01	34.99	   148.08	26148142	  1.12	工程机械	江苏	 3.66	34.69	5197	2340	  2.22	66	24	--  	       2399.22	
="000701"	厦门信达	-2.42	12.11	-0.30	12.11	12.12	78458	1361	         -0.32	          3.27	12.42	12.53	12.05	12.41	    42.65	96461520	  0.81	综合类	福建	 3.87	12.29	46666	31792	  1.47	279	3862	--  	      24024.32	
="000816"	江淮动力	-2.46	6.35	-0.16	6.35	6.36	193599	3636	         -0.31	          1.78	6.59	6.59	6.33	6.51	   160.39	124658856	  0.75	机械基件	江苏	 3.99	6.44	123533	70066	  1.76	2542	1168	--  	     108877.75	
="002588"	史丹利	-2.46	31.74	-0.80	31.73	31.74	17830	133	          0.09	          1.08	32.54	32.59	31.59	32.54	    16.45	57223972	  0.74	农药化肥	山东	 3.07	32.09	9909	7921	  1.25	5	59	--  	      16462.27	
="000545"	金浦钛业	-2.48	14.18	-0.36	14.17	14.18	85482	1021	          0.07	          5.47	14.42	14.81	14.11	14.54	    95.26	123225896	  1.07	化工原料	吉林	 4.81	14.42	54391	31091	  1.75	2	411	--  	      15637.36	
="600736"	苏州高新	-2.48	5.12	-0.13	5.13	5.14	363182	162	         -0.19	          3.43	5.22	5.26	5.05	5.25	    39.53	187625184	  0.52	园区开发	江苏	 4.00	5.17	217531	145651	  1.49	1256	18	--  	     105788.15	
="600798"	宁波海运	-2.49	5.10	-0.13	5.09	5.10	270060	100	          0.00	          3.10	5.31	5.43	5.04	5.23	--  	140491328	  0.82	水运	浙江	 7.46	5.20	153348	116712	  1.31	571	763	--  	      87117.45	
="002691"	石中装备	-2.50	15.23	-0.39	15.23	15.24	50399	250	         -0.19	          7.64	15.60	15.75	15.20	15.62	    88.06	78122032	  1.38	专用机械	河北	 3.52	15.50	29476	20923	  1.41	158	17	--  	       6596.93	
="600491"	龙元建设	-2.53	4.24	-0.11	4.23	4.24	186033	10	          0.23	          1.96	4.36	4.36	4.19	4.35	    19.27	79967600	  0.80	建筑施工	浙江	 3.91	4.30	107959	78074	  1.38	2318	533	--  	      94760.00	
="300117"	嘉寓股份	-2.55	7.26	-0.19	7.26	7.27	37286	693	          0.00	          1.14	7.45	7.47	7.25	7.45	    40.47	27555632	  0.91	装修装饰	北京	 2.95	7.39	23275	14011	  1.66	355	96	--  	      32580.00	
="002598"	山东章鼓	-2.56	10.27	-0.27	10.27	10.28	90911	1665	         -0.29	          3.45	10.50	10.67	10.23	10.54	    40.59	95166088	  0.59	机械基件	山东	 4.17	10.47	55039	35872	  1.53	866	366	--  	      26322.46	
="000551"	创元科技	-2.57	10.63	-0.28	10.62	10.63	143627	2233	          0.18	          3.59	10.88	10.98	10.50	10.91	    90.66	154808208	  1.12	专用机械	江苏	 4.40	10.78	87554	56073	  1.56	1057	704	--  	      40008.03	
="600512"	腾达建设	-2.63	3.70	-0.10	3.69	3.70	215536	3	          0.00	          2.92	3.80	3.87	3.68	3.80	    73.69	81405472	  0.64	建筑施工	浙江	 5.00	3.78	138354	77182	  1.79	2913	385	--  	      73694.06	
="300094"	国联水产	-2.66	9.53	-0.26	9.53	9.55	61454	777	          0.31	          1.75	9.81	9.85	9.47	9.79	    84.79	59320540	  0.95	渔业	广东	 3.88	9.65	41678	19776	  2.11	68	265	--  	      35072.21	
="600728"	佳都科技	-2.66	15.76	-0.43	15.74	15.75	82561	5	         -0.12	          2.28	16.18	16.18	15.73	16.19	   507.02	132034688	  0.80	软件服务	广东	 2.78	15.99	46414	36147	  1.28	142	108	--  	      36280.03	
="002481"	双塔食品	-2.68	15.28	-0.42	15.25	15.28	30108	1259	         -0.65	          0.80	15.70	15.80	15.28	15.70	    44.29	47002988	  1.07	食品	山东	 3.31	15.61	18608	11500	  1.62	20	3101	--  	      37455.17	
="000514"	渝 开 发	-2.69	6.50	-0.18	6.49	6.50	160304	2222	          0.00	          1.90	6.67	6.79	6.47	6.68	    33.95	106360744	  0.85	区域地产	重庆	 4.79	6.63	93138	67166	  1.39	753	3252	--  	      84377.09	
="002036"	宜科科技	-2.72	9.66	-0.27	9.65	9.66	104751	425	          0.00	          4.11	9.86	9.92	9.61	9.93	   172.50	102307688	  2.35	服饰	浙江	 3.12	9.77	64390	40361	  1.60	137	313	--  	      25515.15	
="300103"	达刚路机	-2.72	18.96	-0.53	18.95	18.96	69244	918	          0.05	          4.46	19.87	20.30	18.89	19.49	    69.23	136787776	  1.51	工程机械	陕西	 7.23	19.75	36173	33071	  1.09	10	31	--  	      15510.50	
="300346"	南大光电	-2.76	40.45	-1.15	40.44	40.45	22208	146	         -0.17	          6.20	41.56	42.33	40.33	41.60	    85.52	91619064	  0.95	半导体	江苏	 4.81	41.25	13912	8296	  1.68	9	167	--  	       3584.05	
="601313"	江南嘉捷	-2.77	11.25	-0.32	11.25	11.26	52925	10	         -0.35	          1.97	11.55	11.74	11.23	11.57	    20.72	60834052	  0.70	运输设备	江苏	 4.41	11.49	31278	21647	  1.44	153	15	--  	      26852.53	
="002073"	软控股份	-2.78	13.27	-0.38	13.26	13.27	351285	3323	         -0.07	          5.68	13.84	14.07	13.23	13.65	    61.19	479998272	  1.06	软件服务	山东	 6.15	13.66	190848	160437	  1.19	939	1601	--  	      61879.48	
="600875"	东方电气	-2.79	16.04	-0.46	16.04	16.05	674144	104	         -0.31	          4.05	16.52	16.97	15.92	16.50	    22.13	1106064512	  1.54	电气设备	四川	 6.36	16.41	357639	316505	  1.13	25	59	--  	     166386.00	
="002521"	齐峰新材	-2.80	11.82	-0.34	11.82	11.83	84232	1144	          0.08	          2.74	12.17	12.29	11.66	12.16	    18.77	101040448	  1.00	造纸	山东	 5.18	12.00	54344	29888	  1.82	546	97	--  	      30760.26	
="002501"	利源精制	-2.80	18.02	-0.52	18.02	18.03	171095	1634	          0.05	          5.10	18.56	19.01	17.95	18.54	    21.66	316445664	  1.35	铝	吉林	 5.72	18.50	98364	72731	  1.35	85	355	--  	      33565.53	
="002650"	加加食品	-2.86	13.60	-0.40	13.59	13.60	88779	1751	         -0.07	          3.96	14.00	14.45	13.60	14.00	    41.38	123866184	  0.86	食品	湖南	 6.07	13.95	56611	32168	  1.76	23	479	--  	      22439.23	
="600153"	建发股份	-2.86	7.14	-0.21	7.13	7.14	706442	129	          0.00	          2.49	7.34	7.35	7.10	7.35	     9.65	511477536	  0.73	商贸代理	福建	 3.40	7.24	414393	292049	  1.42	1397	1390	--  	     283520.06	
="600308"	华泰股份	-2.96	3.93	-0.12	3.92	3.93	251078	267	          0.00	          2.15	4.03	4.08	3.91	4.05	    51.26	100708904	  0.87	造纸	山东	 4.20	4.01	138740	112338	  1.24	2273	34	--  	     116756.14	
="002406"	远东传动	-3.01	11.92	-0.37	11.92	11.93	64790	504	         -0.08	          3.67	12.35	12.45	11.83	12.29	    24.73	78964448	  1.15	汽车配件	河南	 5.04	12.19	40538	24252	  1.67	44	145	--  	      17661.66	
="600622"	嘉宝集团	-3.02	7.71	-0.24	7.71	7.72	207172	16	         -0.12	          4.03	7.93	7.96	7.66	7.95	    10.30	162345104	  1.40	综合类	上海	 3.77	7.84	125547	81625	  1.54	297	516	--  	      51430.37	
="002658"	雪迪龙	-3.07	27.11	-0.86	27.11	27.12	48148	278	         -0.03	          6.42	28.05	28.49	26.91	27.97	    45.70	133578456	  1.56	电器仪表	北京	 5.65	27.74	27290	20858	  1.31	94	1	--  	       7494.56	
="002264"	新 华 都	-3.09	8.79	-0.28	8.78	8.79	154246	1254	          0.00	          3.05	9.07	9.07	8.71	9.07	    74.80	136864672	  0.72	超市连锁	福建	 3.97	8.87	98293	55953	  1.76	859	209	--  	      50638.42	
="300231"	银信科技	-3.17	14.99	-0.49	14.98	14.99	100458	944	          0.06	          6.46	15.49	15.57	14.88	15.48	    58.97	152559632	  1.00	软件服务	北京	 4.46	15.19	53226	47232	  1.13	85	277	--  	      15562.79	
="002082"	栋梁新材	-3.20	10.30	-0.34	10.29	10.30	87141	1709	         -0.09	          4.68	10.67	10.67	10.28	10.64	    23.90	91406064	  0.56	铝	浙江	 3.67	10.49	54736	32405	  1.69	142	171	--  	      18605.09	
="002615"	哈尔斯	-3.20	30.59	-1.01	30.58	30.59	24080	282	         -0.22	          4.72	31.50	31.73	30.51	31.60	    36.92	74916656	  1.00	家居用品	浙江	 3.86	31.11	14784	9296	  1.59	15	118	--  	       5106.25	
="000837"	秦川机床	-3.25	11.02	-0.37	11.02	11.03	158967	1326	         -0.09	          6.22	11.51	11.75	11.00	11.39	  2346.63	180774320	  1.13	机床制造	陕西	 6.58	11.37	89910	69057	  1.30	980	909	--  	      25558.96	
="002511"	中顺洁柔	-3.27	10.93	-0.37	10.93	10.94	82405	692	          0.00	          2.04	11.33	11.40	10.91	11.30	    65.25	91660976	  1.01	造纸	广东	 4.34	11.12	56940	25465	  2.24	1199	55	--  	      40451.92	
="600400"	红豆股份	-3.29	5.87	-0.20	5.86	5.87	259284	10	          0.00	          4.63	6.09	6.13	5.82	6.07	   106.47	153817120	  0.80	服饰	江苏	 5.11	5.93	158651	100633	  1.58	258	70	--  	      56039.96	
="600565"	迪马股份	-3.30	4.69	-0.16	4.69	4.70	186815	24	         -0.21	          2.59	4.79	4.85	4.65	4.85	    52.57	88890896	  0.99	全国地产	重庆	 4.12	4.76	118426	68389	  1.73	158	299	--  	      72000.00	
="002318"	久立特材	-3.31	26.03	-0.89	26.03	26.05	127566	976	          0.11	          4.28	26.92	27.08	25.81	26.92	    37.20	335906272	  1.87	特钢	浙江	 4.72	26.33	78629	48937	  1.61	472	1	--  	      29783.93	
="000928"	中钢国际	-3.32	11.94	-0.41	11.94	11.95	95380	2845	         -0.50	          3.37	12.33	12.69	11.88	12.35	    79.78	117446768	  0.77	建筑施工	吉林	 6.56	12.31	53250	42130	  1.26	583	76	--  	      28289.90	
="600710"	常林股份	-3.35	4.62	-0.16	4.62	4.63	250667	423	          0.43	          3.91	4.76	4.81	4.54	4.78	--  	117700440	  0.63	工程机械	江苏	 5.65	4.70	136306	114361	  1.19	20	780	--  	      64028.39	
="601100"	恒立油缸	-3.37	12.33	-0.43	12.29	12.30	54266	17	          0.65	          2.19	12.75	12.75	12.22	12.76	    77.54	67519768	  0.88	工程机械	江苏	 4.15	12.44	38663	15603	  2.48	10	37	--  	      24727.50	
="300118"	东方日升	-3.39	10.25	-0.36	10.25	10.26	161078	916	          0.09	          4.24	10.65	10.77	10.20	10.61	   151.29	169656992	  1.06	半导体	浙江	 5.37	10.53	96002	65076	  1.48	69	206	--  	      37982.94	
="601113"	华鼎股份	-3.40	5.68	-0.20	5.67	5.68	47583	5	         -0.35	          0.74	5.89	5.89	5.67	5.88	  1456.41	27552856	  0.60	化纤	浙江	 3.74	5.79	29625	17958	  1.65	213	177	--  	      64000.00	
="601179"	中国西电	-3.40	5.11	-0.18	5.10	5.11	632099	205	          0.00	          1.45	5.27	5.36	5.07	5.29	    30.46	330897792	  0.76	电气设备	陕西	 5.48	5.23	363090	269009	  1.35	2439	158	--  	     435700.00	
="600082"	海泰发展	-3.44	6.46	-0.23	6.45	6.46	231650	340	          0.31	          3.68	6.63	6.74	6.41	6.69	    57.14	152777088	  0.74	园区开发	天津	 4.93	6.60	135332	96318	  1.41	944	168	--  	      62998.89	
="600336"	澳柯玛	-3.50	6.07	-0.22	6.07	6.08	216936	700	          0.49	          3.19	6.30	6.32	6.03	6.29	    33.80	134202432	  1.11	家用电器	山东	 4.61	6.19	131739	85197	  1.55	1443	156	--  	      68007.20	
="600375"	华菱星马	-3.50	12.94	-0.47	12.92	12.94	226345	10	          0.15	          4.55	13.40	13.57	12.73	13.41	    51.25	298934848	  1.00	汽车整车	安徽	 6.26	13.21	134178	92167	  1.46	222	5	--  	      49788.89	
="600896"	中海海盛	-3.66	5.27	-0.20	5.27	5.28	381780	55	         -0.18	          6.57	5.48	5.59	5.22	5.47	--  	206688608	  0.95	水运	海南	 6.76	5.41	198950	182830	  1.09	111	513	--  	      58131.57	
="002622"	永大集团	-3.70	17.70	-0.68	17.70	17.71	24877	326	         -0.28	          2.58	18.38	18.74	17.33	18.38	    76.22	45367404	  1.35	电气设备	吉林	 7.67	18.24	14811	10066	  1.47	127	10	--  	       9653.75	
="002007"	华兰生物	-3.76	33.50	-1.31	33.46	33.50	143881	1247	          0.38	          2.49	34.99	35.73	33.20	34.81	    34.56	497265440	  1.08	生物制药	河南	 7.27	34.56	78302	65579	  1.19	9	684	--  	      57686.69	
="600161"	天坛生物	-3.80	27.07	-1.07	27.07	27.08	62850	20	          0.18	          1.22	28.15	28.19	26.92	28.14	    40.76	173623968	  1.00	生物制药	北京	 4.51	27.62	38262	24588	  1.56	101	2	--  	      51546.69	
="300196"	长海股份	-3.82	19.88	-0.79	19.87	19.88	26371	421	         -0.30	          2.42	20.54	20.83	19.88	20.67	    26.82	53924056	  1.02	玻璃	江苏	 4.60	20.45	15088	11283	  1.34	3	171	--  	      10918.94	
="002661"	克明面业	-3.89	41.30	-1.67	41.30	41.35	18829	313	          0.00	          8.82	42.99	43.27	41.00	42.97	    41.56	79356632	  1.35	食品	湖南	 5.28	42.15	11570	7259	  1.59	412	30	--  	       2135.75	
="002168"	深圳惠程	-3.89	9.39	-0.38	9.39	9.40	302352	2798	          0.10	          5.32	9.77	9.85	9.31	9.77	--  	287831744	  1.07	电气设备	深圳	 5.53	9.52	201027	101325	  1.98	1504	1108	--  	      56803.58	
="002161"	远 望 谷	-3.91	8.60	-0.35	8.59	8.60	315302	2605	          0.00	          4.54	8.92	8.97	8.56	8.95	   454.07	277545792	  1.29	通信设备	深圳	 4.58	8.80	185626	129676	  1.43	2005	224	--  	      69472.39	
="002172"	澳洋科技	-3.92	7.10	-0.29	7.09	7.10	76483	2903	         -0.83	          1.42	7.39	7.42	7.10	7.39	--  	55389344	  0.85	化纤	江苏	 4.33	7.24	49715	26768	  1.86	415	54	--  	      53754.96	
="600676"	交运股份	-3.95	7.78	-0.32	7.78	7.79	291052	10	          0.00	          3.72	8.02	8.18	7.73	8.10	    21.09	232156480	  0.51	汽车配件	上海	 5.56	7.98	163223	127829	  1.28	20	115	--  	      78214.10	
="000717"	韶钢松山	-3.97	2.66	-0.11	2.66	2.67	577878	19043	         -0.74	          5.12	2.73	2.77	2.66	2.77	--  	156850224	  0.71	钢加工	广东	 3.97	2.71	341941	235937	  1.45	167	1445	--  	     112803.64	
="002162"	斯米克	-4.07	8.25	-0.35	8.25	8.26	136262	1928	         -0.12	          3.26	8.53	8.67	8.20	8.60	   355.73	115366616	  0.56	陶瓷	上海	 5.47	8.47	84495	51767	  1.63	567	661	--  	      41800.00	
="002109"	兴化股份	-4.14	6.71	-0.29	6.70	6.71	121636	3622	          0.14	          3.39	6.99	7.03	6.67	7.00	--  	83631616	  0.58	化工原料	陕西	 5.14	6.88	75763	45873	  1.65	1866	514	--  	      35840.00	
="002302"	西部建设	-4.35	14.30	-0.65	14.29	14.30	183341	2821	         -0.27	          6.77	14.93	14.95	14.20	14.95	    32.46	267175360	  0.86	水泥	新疆	 5.02	14.57	109650	73691	  1.49	57	105	--  	      27091.33	
="000528"	柳    工	-4.62	8.06	-0.39	8.06	8.07	799128	16858	         -0.73	          7.10	8.47	8.56	8.06	8.45	    37.91	664753152	  0.96	工程机械	广西	 5.92	8.32	451056	348072	  1.30	928	1117	--  	     112508.84	
="002450"	康得新	-4.65	31.15	-1.52	31.14	31.15	438659	2722	          0.12	          4.64	32.00	32.95	30.57	32.67	    31.51	1372727296	  2.25	化工原料	江苏	 7.28	31.29	229021	209638	  1.09	761	833	--  	      94531.45	
="600238"	海南椰岛	-4.79	9.75	-0.49	9.74	9.75	168448	36	         -0.51	          3.81	10.26	10.30	9.73	10.24	    78.14	168089216	  1.13	红黄药酒	海南	 5.57	9.98	106568	61880	  1.72	254	67	--  	      44203.16	
="300275"	梅安森	-4.90	20.58	-1.06	20.53	20.58	51595	96	         -0.48	          4.91	21.64	21.96	20.40	21.64	    73.48	108860016	  1.95	软件服务	重庆	 7.21	21.10	39028	12567	  3.11	16	56	--  	      10505.59	
="600970"	中材国际	-5.72	10.54	-0.64	10.54	10.55	1393304	70	         -0.56	         12.74	11.10	11.79	10.51	11.18	    17.50	1558205056	  2.34	建筑施工	江苏	11.45	11.18	694219	699085	  0.99	159	589	--  	     109329.72	
="300203"	聚光科技	-5.75	21.14	-1.29	21.13	21.14	73854	1364	         -0.14	          1.66	22.50	22.65	21.13	22.43	    64.16	160818128	  1.26	电器仪表	浙江	 6.78	21.78	43696	30158	  1.45	103	533	--  	      44500.00	
="600120"	浙江东方	-6.72	16.67	-1.20	16.70	16.71	362850	41	         -0.77	          7.18	17.60	17.97	16.59	17.87	    15.57	628392384	  0.89	商贸代理	浙江	 7.72	17.32	215771	147079	  1.47	8	40	--  	      50547.33	
数据来源:通达信
