代码	名称	涨幅%%	现价	涨跌	买价	卖价	总量	现量	涨速%%	换手%%	今开	最高	最低	昨收	市盈(动)	总金额	量比	细分行业	地区	振幅%%	均价	内盘	外盘	内外比	买量	卖量	未匹配量	流通股本(万)	
="600569"	安阳钢铁	9.91	2.55	0.23	2.55	--  	7431	10	0.00	          0.03	2.55	2.55	2.55	2.32	    86.17	1894987	  0.02	普钢	河南	0.00	2.55	7046	385	 18.30	1795183	0	--  	     239368.45	
="601117"	中国化学	7.90	8.74	0.64	8.74	8.75	2259258	104	0.22	          4.58	8.08	8.90	7.92	8.10	    12.57	1903577856	  1.18	建筑施工	北京	12.10	8.43	1005674	1253584	  0.80	638	41	--  	     493300.00	
="601333"	广深铁路	7.73	4.32	0.31	4.32	4.33	2809303	221	0.46	          4.97	4.08	4.40	4.01	4.01	    35.32	1169231360	  1.31	铁路	深圳	9.73	4.16	1039491	1769812	  0.59	2182	3391	--  	     565223.69	
="600978"	宜华木业	6.89	6.36	0.41	6.36	6.37	993642	307	0.47	          6.70	5.98	6.46	5.95	5.95	    15.74	616191232	  2.05	家居用品	广东	8.57	6.20	397350	596292	  0.67	12	295	--  	     148287.00	
="002461"	珠江啤酒	6.10	18.25	1.05	18.24	18.25	89267	659	0.16	          1.31	17.22	18.90	17.22	17.20	   155.15	160119808	  1.21	啤酒	广东	9.77	17.94	38842	50425	  0.77	53	162	--  	      68016.17	
="300202"	聚龙股份	5.93	33.38	1.87	33.37	33.38	64910	493	0.21	          1.18	31.51	33.40	31.48	31.51	   132.69	211940336	  1.54	专用机械	辽宁	6.09	32.65	25390	39520	  0.64	117	132	--  	      54950.39	
="600739"	辽宁成大	5.31	22.21	1.12	22.22	22.23	1077227	54	0.09	          7.89	22.00	22.69	21.66	21.09	    34.68	2379740160	  0.69	商贸代理	辽宁	4.88	22.09	515366	561860	  0.92	249	363	--  	     136470.98	
="600763"	通策医疗	5.28	55.88	2.80	55.86	55.90	14630	5	-0.21	          0.91	53.23	56.50	52.81	53.08	    73.91	80336672	  1.13	医疗保健	浙江	6.95	54.91	3318	11311	  0.29	6	26	--  	      16032.00	
="300144"	宋城演艺	4.89	30.22	1.41	30.21	30.22	88091	747	-0.13	          4.51	28.75	30.80	28.50	28.81	    39.96	264894032	  1.19	旅游景点	浙江	7.98	30.07	40591	47500	  0.85	428	212	--  	      19553.75	
="600864"	哈投股份	4.85	11.90	0.55	11.88	11.89	215702	10	-0.33	          3.95	11.32	12.09	11.25	11.35	   149.72	252954544	  0.73	火力发电	黑龙江	7.40	11.73	96052	119650	  0.80	268	174	--  	      54637.82	
="600621"	华鑫股份	4.80	8.08	0.37	8.08	8.09	177870	101	0.12	          3.39	7.70	8.12	7.66	7.71	    33.64	141172064	  1.31	全国地产	上海	5.97	7.94	79405	98464	  0.81	780	260	--  	      52408.23	
="600449"	宁夏建材	4.79	12.25	0.56	12.26	12.27	239605	60	0.00	          9.55	11.71	12.37	11.67	11.69	    15.79	288765408	  0.87	水泥	宁夏	5.99	12.05	101338	138266	  0.73	48	168	--  	      25076.77	
="002220"	天宝股份	4.40	9.97	0.42	9.96	9.97	96786	666	0.50	          2.48	9.53	9.97	9.51	9.55	    26.91	94701368	  1.10	食品	辽宁	4.82	9.78	39010	57775	  0.68	569	361	--  	      38948.12	
="002646"	青青稞酒	4.26	20.57	0.84	20.56	20.57	137844	1047	0.00	          8.75	19.81	20.89	19.58	19.73	    25.67	281971360	  1.62	白酒	青海	6.64	20.46	59165	78678	  0.75	274	18	--  	      15750.00	
="300345"	红宇新材	4.24	22.62	0.92	22.62	22.63	16635	127	-0.04	          2.69	21.38	22.68	21.38	21.70	   923.21	36739176	  0.69	钢加工	湖南	5.99	22.09	7150	9485	  0.75	182	245	--  	       6180.70	
="002160"	*ST常铝	4.22	6.67	0.27	6.67	6.68	119329	1950	0.00	          3.68	6.37	6.72	6.32	6.40	   113.25	79048176	  1.61	铝	江苏	6.25	6.62	55488	63841	  0.87	170	2254	--  	      32469.63	
="600764"	中电广通	4.20	11.90	0.48	11.89	11.90	96802	11	-0.33	          2.94	11.46	12.25	11.25	11.42	   637.22	114642472	  1.39	通信设备	北京	8.76	11.84	45127	51674	  0.87	34	782	--  	      32972.69	
="600278"	东方创业	4.02	13.71	0.53	13.71	13.72	147065	5	0.00	          2.82	13.15	13.88	12.98	13.18	    56.23	198571216	  0.75	商贸代理	上海	6.83	13.50	67772	79292	  0.85	351	490	--  	      52224.17	
="601877"	正泰电器	3.92	33.39	1.26	33.34	33.39	64862	29	0.00	          0.64	32.00	33.74	31.71	32.13	    19.22	214727424	  1.48	电气设备	浙江	6.32	33.11	29200	35661	  0.82	18	32	--  	     101144.64	
="002162"	斯米克	3.91	9.31	0.35	9.30	9.31	111015	669	0.10	          2.66	8.90	9.50	8.90	8.96	   401.43	102226096	  1.11	陶瓷	上海	6.70	9.21	46265	64749	  0.71	649	885	--  	      41800.00	
="601233"	桐昆股份	3.82	8.70	0.32	8.70	8.71	181536	84	0.23	          1.89	8.59	8.79	8.45	8.38	   368.61	156980192	  1.07	化纤	浙江	4.06	8.65	83868	97667	  0.86	430	393	--  	      95927.07	
="600426"	华鲁恒升	3.79	10.69	0.39	10.69	10.70	440777	48	0.18	          4.62	10.25	10.77	10.20	10.30	    12.30	463759200	  0.96	农药化肥	山东	5.53	10.52	213326	227450	  0.94	264	151	--  	      95362.50	
="600676"	交运股份	3.75	9.12	0.33	9.11	9.12	254942	594	0.10	          3.26	8.82	9.12	8.76	8.79	    24.72	229203744	  1.27	汽车配件	上海	4.10	8.99	113932	141009	  0.81	842	2121	--  	      78214.10	
="600284"	浦东建设	3.69	11.79	0.42	11.79	11.80	524844	66	0.00	          7.94	11.60	11.86	11.42	11.37	    25.80	611733056	  1.64	建筑施工	上海	3.87	11.66	236248	288595	  0.82	144	1262	--  	      66104.00	
="600639"	浦东金桥	3.60	17.54	0.61	17.54	17.55	267670	17	0.51	          4.08	17.08	17.55	16.71	16.93	    38.29	460334784	  1.17	园区开发	上海	4.96	17.20	127735	139934	  0.91	2	476	--  	      65664.88	
="600875"	东方电气	3.39	18.58	0.61	18.57	18.58	331409	51	0.26	          1.99	18.05	18.60	17.75	17.97	    25.63	606523904	  0.66	电气设备	四川	4.73	18.30	137744	193664	  0.71	180	453	--  	     166386.00	
="600805"	悦达投资	3.28	12.59	0.40	12.57	12.58	462341	7	0.07	          5.44	12.16	12.67	12.07	12.19	    10.70	574241856	  0.91	综合类	江苏	4.92	12.42	204441	257900	  0.79	1437	30	--  	      84920.21	
="000729"	燕京啤酒	3.27	8.20	0.26	8.19	8.20	294332	5124	0.00	          1.18	7.86	8.20	7.83	7.94	    18.86	235951040	  1.10	啤酒	北京	4.66	8.02	114774	179557	  0.64	817	14341	--  	     249943.92	
="600277"	亿利能源	3.26	9.49	0.30	9.49	9.50	1163889	65	-0.31	          5.57	9.84	10.11	9.46	9.19	    39.19	1136014464	  1.69	化工原料	内蒙	7.07	9.76	622178	541710	  1.15	91	992	--  	     208958.95	
="600089"	特变电工	3.07	12.10	0.36	12.11	12.12	1485374	193	0.00	          4.69	11.62	12.20	11.43	11.74	    21.32	1750722304	  0.76	电气设备	新疆	6.56	11.79	673063	812310	  0.83	343	3944	--  	     316591.31	
="600720"	祁连山	3.04	10.18	0.30	10.16	10.17	590670	130	0.00	          7.61	9.80	10.29	9.75	9.88	     9.33	590205952	  0.75	水泥	甘肃	5.47	9.99	271781	318888	  0.85	276	3213	--  	      77616.27	
="300255"	常山药业	3.03	36.06	1.06	36.06	36.07	56403	1036	0.11	          4.37	35.00	36.67	34.03	35.00	    70.24	201127232	  1.03	生物制药	河北	7.54	35.66	37123	19279	  1.93	624	17	--  	      12918.53	
="600830"	香溢融通	2.90	11.37	0.32	11.38	11.39	209960	132	0.35	          4.62	10.91	11.39	10.65	11.05	    57.27	231984448	  0.53	多元金融	浙江	6.70	11.05	103796	106164	  0.98	100	125	--  	      45432.26	
="000532"	力合股份	2.85	19.49	0.54	19.49	19.50	171818	3408	-0.25	          5.01	19.58	20.65	19.01	18.95	   244.23	340669632	  1.07	元器件	广东	8.65	19.83	85955	85862	  1.00	170	686	--  	      34279.58	
="002561"	徐家汇	2.73	13.56	0.36	13.56	13.57	143346	1022	-0.07	          3.77	13.21	13.70	13.16	13.20	    23.34	192943392	  1.84	百货	上海	4.09	13.46	54895	88450	  0.62	721	57	--  	      37991.03	
="601139"	深圳燃气	2.70	8.76	0.23	8.75	8.76	157901	13	0.22	          0.80	8.53	8.77	8.45	8.53	    22.33	135929408	  0.77	供气供热	深圳	3.75	8.61	70150	87751	  0.80	220	65	--  	     198045.67	
="002007"	华兰生物	2.68	35.63	0.93	35.63	35.64	113844	550	0.08	          1.97	34.65	36.28	34.45	34.70	    36.75	406400320	  0.99	生物制药	河南	5.27	35.70	55572	58271	  0.95	254	107	--  	      57686.69	
="600638"	新黄浦	2.65	16.24	0.42	16.24	16.25	60922	20	-0.30	          1.09	15.82	16.37	15.60	15.82	    92.33	97571192	  0.62	区域地产	上海	4.87	16.02	26877	34045	  0.79	3063	30	--  	      56116.39	
="002063"	远光软件	2.46	23.70	0.57	23.69	23.70	192547	1820	0.08	          4.92	23.20	24.05	22.94	23.13	    57.65	453783328	  1.26	软件服务	广东	4.80	23.57	90238	102309	  0.88	22	339	--  	      39144.10	
="000789"	万年青	2.40	13.25	0.31	13.24	13.25	159461	2562	0.07	          3.90	12.95	13.25	12.82	12.94	    10.84	207998912	  0.69	水泥	江西	3.32	13.04	68758	90703	  0.76	1044	237	--  	      40888.75	
="300088"	长信科技	2.25	18.61	0.41	18.60	18.61	148106	1959	0.10	          3.03	18.22	18.75	18.15	18.20	    42.69	274882656	  0.91	元器件	安徽	3.30	18.56	66817	81288	  0.82	20	335	--  	      48943.12	
="000525"	红 太 阳	2.19	16.79	0.36	16.79	16.80	77733	786	0.05	          1.53	16.45	16.80	16.28	16.43	    16.05	128612752	  0.91	农药化肥	江苏	3.16	16.55	34468	43265	  0.80	637	1102	--  	      50698.30	
="601058"	赛轮股份	2.12	17.81	0.37	17.80	17.82	51923	5	-0.05	          1.37	17.45	17.87	17.15	17.44	    23.48	91042832	  0.84	汽车配件	山东	4.13	17.53	22186	29737	  0.75	1825	28	--  	      37800.00	
="000157"	中联重科	2.12	6.26	0.13	6.26	6.27	3512697	17806	-0.15	          5.61	6.14	6.33	5.96	6.13	    36.17	2163834624	  0.98	工程机械	湖南	6.04	6.16	1598856	1913841	  0.84	18332	5300	--  	     626117.19	
="600846"	同济科技	2.10	10.23	0.21	10.22	10.23	376298	244	-0.09	          6.02	9.98	10.34	9.90	10.02	    60.89	382574144	  0.95	综合类	上海	4.39	10.17	181775	194522	  0.93	512	23	--  	      62476.14	
="300068"	南都电源	1.89	11.88	0.22	11.88	11.89	253069	2251	-0.25	          6.23	11.68	12.24	11.54	11.66	    48.20	303073856	  0.89	电气设备	浙江	6.00	11.98	117303	135766	  0.86	788	353	--  	      40610.39	
="600521"	华海药业	1.77	16.08	0.28	16.09	16.13	122507	50	-0.18	          1.57	15.60	16.30	15.60	15.80	    46.81	196566304	  0.88	化学制药	浙江	4.43	16.05	49658	72848	  0.68	16	213	--  	      78087.79	
="000726"	鲁  泰Ａ	1.71	11.32	0.19	11.32	11.33	120107	996	0.17	          2.14	11.05	11.40	10.99	11.13	    11.43	134809840	  0.66	纺织	山东	3.68	11.22	56603	63504	  0.89	285	306	--  	      56110.69	
="000877"	天山股份	1.58	9.65	0.15	9.65	9.66	559456	4949	0.20	          6.36	9.50	9.74	9.36	9.50	    20.73	533543296	  0.64	水泥	新疆	4.00	9.54	284969	274486	  1.04	1087	1710	--  	      88001.99	
="600196"	复星医药	1.40	22.43	0.31	22.41	22.42	407515	96	0.00	          2.14	22.06	22.76	21.94	22.12	    24.70	916877120	  0.96	化学制药	上海	3.71	22.50	212077	195438	  1.09	145	15	--  	     190439.23	
="002508"	老板电器	1.40	35.50	0.49	35.49	35.50	45416	212	0.00	          1.46	35.28	36.28	35.10	35.01	    24.63	162755456	  1.15	家用电器	浙江	3.37	35.84	25450	19966	  1.27	53	52	--  	      31175.00	
="600498"	烽火通信	1.36	16.45	0.22	16.44	16.45	145314	10	-0.24	          1.50	16.23	16.58	16.12	16.23	    32.70	238338144	  0.87	通信设备	湖北	2.83	16.40	70796	74517	  0.95	140	325	--  	      96650.10	
="000011"	深物业A	1.31	10.07	0.13	10.07	10.08	156263	938	0.09	          8.89	10.30	10.41	9.92	9.94	    13.93	158175136	  0.84	区域地产	深圳	4.93	10.12	81428	74834	  1.09	92	1341	--  	      17586.25	
="600486"	扬农化工	1.23	27.90	0.34	27.90	27.91	39917	8	0.03	          1.55	27.56	28.15	27.50	27.56	    17.04	111289816	  0.73	农药化肥	江苏	2.36	27.88	20217	19699	  1.03	122	52	--  	      25824.91	
="002032"	苏 泊 尔	1.21	17.51	0.21	17.51	17.53	19146	270	-0.17	          0.56	17.35	17.59	17.11	17.30	    16.38	33032350	  0.92	家用电器	浙江	2.77	17.25	10446	8699	  1.20	50	42	--  	      33906.17	
="002473"	圣莱达	1.21	27.64	0.33	27.63	27.64	10072	197	0.18	          0.63	27.32	27.93	24.58	27.31	--  	27682588	  1.13	家用电器	浙江	12.27	27.48	4294	5778	  0.74	1	1	--  	      16000.00	
="600873"	梅花生物	1.19	6.78	0.08	6.78	6.79	507304	240	0.14	          1.63	6.68	6.83	6.60	6.70	    58.27	341498848	  0.83	食品	西藏	3.43	6.73	239265	268038	  0.89	124	3449	--  	     310822.66	
="600804"	鹏博士	1.14	19.60	0.22	19.58	19.59	525856	72	-0.10	          3.92	19.03	19.85	19.03	19.38	    48.45	1028546496	  0.73	电信运营	四川	4.23	19.56	272506	253350	  1.08	671	291	--  	     134194.16	
="002302"	西部建设	1.13	16.18	0.18	16.17	16.18	100362	966	0.06	          3.70	15.85	16.31	15.85	16.00	    36.72	161660864	  0.63	水泥	新疆	2.87	16.11	48237	52125	  0.93	229	194	--  	      27091.33	
="000032"	深桑达Ａ	1.09	12.10	0.13	12.10	12.11	55298	303	0.00	          2.38	11.93	12.25	11.91	11.97	--  	66949088	  0.93	元器件	深圳	2.84	12.11	29257	26041	  1.12	58	42	--  	      23282.71	
="300189"	神农大丰	1.04	7.74	0.08	7.73	7.74	180715	2681	0.38	          5.37	7.62	7.77	7.56	7.66	--  	139199984	  0.83	种植业	海南	2.74	7.70	87902	92812	  0.95	1295	120	--  	      33626.87	
="000568"	泸州老窖	1.04	20.48	0.21	20.48	20.49	285340	2635	0.00	          2.04	20.20	20.65	19.80	20.27	    17.27	578037568	  0.61	白酒	四川	4.19	20.26	126587	158752	  0.80	896	355	--  	     140022.59	
="600197"	伊力特	0.98	12.34	0.12	12.33	12.34	144841	11	-0.16	          3.28	12.19	12.50	12.00	12.22	    15.02	178030528	  1.00	白酒	新疆	4.09	12.29	74785	70055	  1.07	425	73	--  	      44100.00	
="002011"	盾安环境	0.97	10.41	0.10	10.41	10.42	223641	2859	0.00	          2.67	10.27	10.44	10.14	10.31	    57.55	231448784	  0.48	工程机械	浙江	2.91	10.35	111329	112312	  0.99	6406	2281	--  	      83800.65	
="600648"	外高桥	0.97	33.43	0.32	33.43	33.44	131209	2	0.39	          1.62	33.43	33.63	32.65	33.11	    52.19	436410752	  0.75	园区开发	上海	2.96	33.26	64501	66708	  0.97	337	50	--  	      81022.34	
="002075"	沙钢股份	0.94	5.36	0.05	5.35	5.36	177028	1384	0.18	          1.12	5.26	5.42	5.20	5.31	   121.09	94568976	  0.53	特钢	江苏	4.14	5.34	93796	83232	  1.13	1898	374	--  	     157626.48	
="000338"	潍柴动力	0.94	25.90	0.24	25.90	25.91	305342	3164	0.00	          2.92	25.49	26.07	24.88	25.66	     8.74	774281344	  0.50	汽车配件	山东	4.64	25.36	141349	163993	  0.86	1168	330	--  	     104608.49	
="000900"	现代投资	0.82	7.41	0.06	7.41	7.42	246005	3000	0.00	          2.43	7.28	7.45	7.18	7.35	    19.28	180298400	  0.73	路桥	湖南	3.67	7.33	126400	119604	  1.06	836	2558	--  	     101128.75	
="601339"	百隆东方	0.79	11.42	0.09	11.39	11.40	76648	177	0.35	          3.99	11.39	11.52	11.28	11.33	    16.11	87269816	  0.89	纺织	浙江	2.12	11.39	37671	38976	  0.97	238	22	--  	      19200.00	
="600578"	京能电力	0.74	5.41	0.04	5.40	5.41	696368	1546	0.18	          3.08	5.35	5.46	5.22	5.37	     8.74	371171072	  0.61	火力发电	北京	4.47	5.33	303830	392538	  0.77	88	293	--  	     225731.70	
="600100"	同方股份	0.73	13.87	0.10	13.86	13.87	955784	867	-0.14	          4.62	13.77	14.02	13.44	13.77	   185.65	1312560000	  0.92	电脑设备	北京	4.21	13.73	488111	467672	  1.04	26	412	--  	     207020.14	
="000581"	威孚高科	0.72	29.43	0.21	29.42	29.43	104412	2143	0.13	          1.54	29.22	29.55	28.93	29.22	    18.17	305160544	  0.48	汽车配件	江苏	2.12	29.23	50007	54404	  0.92	200	1081	--  	      67848.32	
="600809"	山西汾酒	0.67	22.70	0.15	22.71	22.73	146334	104	0.30	          1.69	22.40	22.95	22.01	22.55	    36.98	330703232	  0.89	白酒	山西	4.17	22.60	63175	83159	  0.76	5	16	--  	      86584.82	
="600887"	伊利股份	0.65	27.70	0.18	27.69	27.70	630079	24	0.18	          2.09	27.45	28.00	27.25	27.52	    17.89	1743639040	  0.52	乳制品	内蒙	2.73	27.67	326871	303208	  1.08	639	266	--  	     300782.38	
="600673"	东阳光科	0.59	18.64	0.11	18.65	18.66	218672	50	0.32	          2.66	18.55	19.00	18.20	18.53	   118.47	405857280	  0.89	铝	广东	4.32	18.56	116444	102227	  1.14	160	18	--  	      82261.22	
="600162"	香江控股	0.58	6.97	0.04	6.97	6.98	237290	45	0.28	          3.09	7.00	7.05	6.82	6.93	    16.33	164508944	  0.62	全国地产	深圳	3.32	6.93	131910	105379	  1.25	529	1941	--  	      76781.27	
="002245"	澳洋顺昌	0.53	11.33	0.06	11.33	11.34	57006	694	-0.08	          1.70	11.24	11.44	11.10	11.27	    31.35	64328864	  0.95	仓储物流	江苏	3.02	11.28	33892	23114	  1.47	51	54	--  	      33546.44	
="600690"	青岛海尔	0.53	18.94	0.10	18.93	18.94	476507	32	0.79	          1.74	19.18	19.37	18.60	18.84	    10.26	898563712	  0.63	家用电器	山东	4.09	18.86	211259	265247	  0.80	98	1087	--  	     273684.13	
="000988"	华工科技	0.50	14.10	0.07	14.09	14.10	272400	2118	0.07	          3.06	14.10	14.26	13.80	14.03	    63.83	380306496	  0.97	电器仪表	湖北	3.28	13.96	150551	121849	  1.24	1296	3384	--  	      89111.65	
="000876"	新 希 望	0.47	14.92	0.07	14.92	14.93	325106	3026	0.06	          1.88	14.78	14.99	14.72	14.85	    14.83	482247008	  0.74	饲料	四川	1.82	14.83	163464	161642	  1.01	177	567	--  	     172830.80	
="600740"	山西焦化	0.44	6.81	0.03	6.80	6.81	109764	10	0.00	          1.67	6.74	6.82	6.68	6.78	   189.58	74330176	  0.49	焦炭加工	山西	2.06	6.77	58119	51645	  1.13	197	224	--  	      65683.27	
="603001"	奥康国际	0.32	18.54	0.06	18.53	18.55	59597	82	-0.53	          5.10	18.24	18.97	18.16	18.48	    30.05	110402208	  1.05	服饰	浙江	4.38	18.52	23676	35921	  0.66	8	33	--  	      11694.90	
="000725"	京东方Ａ	0.32	3.11	0.01	3.10	3.11	3158564	47635	0.00	          2.75	3.08	3.13	3.03	3.10	    44.38	971418432	  0.45	元器件	北京	3.23	3.08	1550668	1607895	  0.96	43424	5708	--  	    1150574.38	
="600823"	世茂股份	0.31	12.82	0.04	12.81	12.82	147589	15	0.07	          1.26	12.67	12.94	12.60	12.78	    14.61	188063792	  0.53	全国地产	上海	2.66	12.74	73927	73661	  1.00	127	276	--  	     117059.53	
="601899"	紫金矿业	0.31	3.28	0.01	3.28	3.29	3107337	265	0.00	          1.97	3.30	3.30	3.18	3.27	    27.04	1007244800	  0.59	黄金	福建	3.67	3.24	1434102	1673234	  0.86	2643	82621	--  	    1580380.38	
="601388"	怡球资源	0.29	10.35	0.03	10.34	10.35	88337	39	-0.09	          3.97	10.30	10.42	10.15	10.32	   150.38	90859280	  0.61	铝	江苏	2.62	10.29	45388	42949	  1.06	140	851	--  	      22254.05	
="600795"	国电电力	0.28	3.52	0.01	3.51	3.52	4245068	1516	0.28	          2.76	3.49	3.55	3.39	3.51	     8.89	1466320384	  0.56	火力发电	辽宁	4.56	3.45	2175747	2069320	  1.05	7384	24094	--  	    1539514.88	
="600642"	申能股份	0.17	6.01	0.01	6.00	6.01	611598	50	-0.16	          1.34	5.95	6.03	5.85	6.00	    14.42	362808320	  0.59	火力发电	上海	3.00	5.93	294675	316922	  0.93	8298	3	--  	     455203.84	
="600143"	金发科技	0.15	6.78	0.01	6.78	6.79	653942	53	0.00	          2.55	6.79	6.88	6.65	6.77	    28.51	441337120	  0.78	塑料	广东	3.40	6.75	333971	319970	  1.04	903	5281	--  	     256000.00	
="600801"	华新水泥	0.10	9.86	0.01	9.84	9.85	319751	135	0.20	          3.29	9.95	9.95	9.60	9.85	    13.58	313363008	  0.66	水泥	湖北	3.55	9.80	177788	141963	  1.25	347	676	--  	      97167.99	
="600085"	同仁堂	0.05	22.12	0.01	22.12	22.13	148127	3	0.40	          1.13	22.00	22.24	21.60	22.11	    37.54	325084832	  0.61	中成药	北京	2.89	21.95	74359	73768	  1.01	2	64	--  	     131114.31	
="600986"	科达股份	0.00	7.05	0.00	--  	--  	0	0	0.00	          0.00	--  	--  	--  	7.05	    36.88	0	  0.00	建筑施工	山东	0.00	7.05	0	0	--  	0	0	--  	      33526.96	
="600981"	汇鸿股份	0.00	4.21	0.00	--  	--  	0	0	0.00	          0.00	--  	--  	--  	4.21	    92.48	0	  0.00	商贸代理	江苏	0.00	4.21	0	0	--  	0	0	--  	      51610.64	
="600876"	洛阳玻璃	0.00	7.24	0.00	--  	--  	0	0	0.00	          0.00	--  	--  	--  	7.24	   374.48	0	  0.00	玻璃	河南	0.00	7.24	0	0	--  	0	0	--  	      25001.82	
="600749"	西藏旅游	0.00	12.18	0.00	--  	--  	0	0	0.00	          0.00	--  	--  	--  	12.18	  1161.76	0	  0.00	旅游景点	西藏	0.00	12.18	0	0	--  	0	0	--  	      18913.78	
="600575"	皖江物流	0.00	4.11	0.00	--  	--  	0	0	0.00	          0.00	--  	--  	--  	4.11	--  	0	  0.00	港口	安徽	0.00	4.11	0	0	--  	0	0	--  	     142320.00	
="600517"	置信电气	0.00	12.45	0.00	--  	--  	0	0	0.00	          0.00	--  	--  	--  	12.45	    84.39	0	  0.00	电气设备	上海	0.00	12.45	0	0	--  	0	0	--  	     111366.89	
="600483"	福能股份	0.00	10.28	0.00	10.28	10.29	57284	20	-0.09	          1.99	10.30	10.48	10.20	10.28	    18.03	59162840	  0.94	火力发电	福建	2.72	10.33	31234	26050	  1.20	442	105	--  	      28848.36	
="600365"	通葡股份	0.00	11.38	0.00	--  	--  	0	0	0.00	          0.00	--  	--  	--  	11.38	  5686.21	0	  0.00	红黄药酒	吉林	0.00	11.38	0	0	--  	0	0	--  	      14000.00	
="600318"	巢东股份	0.00	11.20	0.00	--  	--  	0	0	0.00	          0.00	--  	--  	--  	11.20	    17.93	0	  0.00	水泥	安徽	0.00	11.20	0	0	--  	0	0	--  	      24200.00	
="600241"	时代万恒	0.00	8.28	0.00	--  	--  	0	0	0.00	          0.00	--  	--  	--  	8.28	--  	0	  0.00	商贸代理	辽宁	0.00	8.28	0	0	--  	0	0	--  	      18020.00	
="600105"	永鼎股份	0.00	9.86	0.00	--  	--  	0	0	0.00	          0.00	--  	--  	--  	9.86	    22.23	0	  0.00	通信设备	江苏	0.00	9.86	0	0	--  	0	0	--  	      38095.46	
="600103"	青山纸业	0.00	3.66	0.00	--  	--  	0	0	0.00	          0.00	--  	--  	--  	3.66	   601.14	0	  0.00	造纸	福建	0.00	3.66	0	0	--  	0	0	--  	     106184.15	
="600091"	ST明科	0.00	7.02	0.00	--  	--  	0	0	0.00	          0.00	--  	--  	--  	7.02	--  	0	  0.00	化工原料	内蒙	0.00	7.02	0	0	--  	0	0	--  	      33652.60	
="600090"	啤酒花	0.00	8.13	0.00	--  	--  	0	0	0.00	          0.00	--  	--  	--  	8.13	    36.46	0	  0.00	啤酒	新疆	0.00	8.13	0	0	--  	0	0	--  	      36791.66	
="600018"	上港集团	0.00	6.35	0.00	6.34	6.35	1207544	2007	0.15	          0.53	6.35	6.45	6.13	6.35	    23.16	755779136	  0.61	港口	上海	5.04	6.26	605292	602252	  1.01	1096	1956	--  	    2275518.00	
="300342"	天银机电	--  	17.85	--  	--  	--  	0	0	--  	          0.00	--  	--  	--  	17.85	    39.14	0	  0.00	元器件	江苏	0.00	17.85	0	0	--  	0	0	--  	       6650.00	
="300332"	天壕节能	--  	14.06	--  	--  	--  	0	0	--  	          0.00	--  	--  	--  	14.06	    40.57	0	  0.00	环境保护	北京	0.00	14.06	0	0	--  	0	0	--  	      22666.75	
="300313"	天山生物	--  	23.69	--  	--  	--  	0	0	--  	          0.00	--  	--  	--  	23.69	   258.62	0	  0.00	农业综合	新疆	0.00	23.69	0	0	--  	0	0	--  	       4177.81	
="002700"	新疆浩源	--  	25.29	--  	--  	--  	0	0	--  	          0.00	--  	--  	--  	25.29	    56.88	0	  0.00	供气供热	新疆	0.00	25.29	0	0	--  	0	0	--  	       9564.16	
="002608"	舜天船舶	--  	12.79	--  	--  	--  	0	0	--  	          0.00	--  	--  	--  	12.79	    86.27	0	  0.00	船舶	江苏	0.00	12.79	0	0	--  	0	0	--  	      32855.16	
="002558"	世纪游轮	--  	31.65	--  	--  	--  	0	0	--  	          0.00	--  	--  	--  	31.65	   271.60	0	  0.00	旅游服务	重庆	0.00	31.65	0	0	--  	0	0	--  	       3244.39	
="002529"	海源机械	--  	15.03	--  	--  	--  	0	0	--  	          0.00	--  	--  	--  	15.03	--  	0	  0.00	专用机械	福建	0.00	15.03	0	0	--  	0	0	--  	      15608.25	
="002509"	天广消防	--  	12.27	--  	--  	--  	0	0	--  	          0.00	--  	--  	--  	12.27	    51.77	0	  0.00	专用机械	福建	0.00	12.27	0	0	--  	0	0	--  	      23109.89	
="002426"	胜利精密	--  	11.26	--  	--  	--  	0	0	--  	          0.00	--  	--  	--  	11.26	    68.41	0	  0.00	元器件	江苏	0.00	11.26	0	0	--  	0	0	--  	      35306.58	
="002324"	普利特	--  	19.90	--  	--  	--  	0	0	--  	          0.00	--  	--  	--  	19.90	    26.33	0	  0.00	塑料	上海	0.00	19.90	0	0	--  	0	0	--  	      15582.66	
="002323"	中联电气	--  	21.95	--  	--  	--  	0	0	--  	          0.00	--  	--  	--  	21.95	   130.92	0	  0.00	电气设备	江苏	0.00	21.95	0	0	--  	0	0	--  	       8350.16	
="002168"	深圳惠程	--  	10.13	--  	--  	--  	0	0	--  	          0.00	--  	--  	--  	10.13	--  	0	  0.00	电气设备	深圳	0.00	10.13	0	0	--  	0	0	--  	      56803.58	
="002044"	江苏三友	--  	10.04	--  	--  	--  	0	0	--  	          0.00	--  	--  	--  	10.04	    43.13	0	  0.00	服饰	江苏	0.00	10.04	0	0	--  	0	0	--  	      22410.00	
="002009"	天奇股份	--  	16.30	--  	--  	--  	0	0	--  	          0.00	--  	--  	--  	16.30	    47.89	0	  0.00	工程机械	江苏	0.00	16.30	0	0	--  	0	0	--  	      25991.22	
="002006"	*ST精功	--  	8.75	--  	--  	--  	0	0	--  	          0.00	--  	--  	--  	8.75	--  	0	  0.00	工程机械	浙江	0.00	8.75	0	0	--  	0	0	--  	      43677.89	
="000796"	易食股份	--  	7.23	--  	--  	--  	0	0	--  	          0.00	--  	--  	--  	7.23	    95.94	0	  0.00	食品	陕西	0.00	7.23	0	0	--  	0	0	--  	      24652.30	
="000710"	天兴仪表	--  	13.60	--  	--  	--  	0	0	--  	          0.00	--  	--  	--  	13.60	--  	0	  0.00	汽车配件	四川	0.00	13.60	0	0	--  	0	0	--  	      15120.00	
="000627"	天茂集团	--  	4.10	--  	--  	--  	0	0	--  	          0.00	--  	--  	--  	4.10	    28.37	0	  0.00	化工原料	湖北	0.00	4.10	0	0	--  	0	0	--  	     135358.98	
="000539"	粤电力Ａ	0.00	7.34	0.00	7.34	7.35	281545	2115	-0.13	          1.32	7.27	7.39	7.06	7.34	     9.54	203395904	  0.55	火力发电	广东	4.50	7.22	151696	129849	  1.17	146	2487	--  	     212769.03	
="000533"	万 家 乐	--  	5.97	--  	--  	--  	0	0	--  	          0.00	--  	--  	--  	5.97	    35.25	0	  0.00	家用电器	广东	0.00	5.97	0	0	--  	0	0	--  	      68487.71	
="000514"	渝 开 发	--  	7.08	--  	--  	--  	0	0	--  	          0.00	--  	--  	--  	7.08	    36.98	0	  0.00	区域地产	重庆	0.00	7.08	0	0	--  	0	0	--  	      84377.09	
="000498"	山东路桥	--  	4.64	--  	--  	--  	0	0	--  	          0.00	--  	--  	--  	4.64	    27.67	0	  0.00	建筑施工	山东	0.00	4.64	0	0	--  	0	0	--  	      35417.01	
="002385"	大北农	-0.07	15.22	-0.01	15.21	15.22	150771	1393	-0.06	          1.60	15.20	15.31	15.03	15.23	    42.67	228578176	  0.55	饲料	北京	1.84	15.16	78081	72689	  1.07	270	525	--  	      94184.88	
="000012"	南  玻Ａ	-0.11	8.95	-0.01	8.95	8.96	551007	3449	0.00	          4.23	9.01	9.04	8.75	8.96	    18.89	488615040	  0.62	玻璃	深圳	3.24	8.87	297932	253075	  1.18	4152	2252	--  	     130276.85	
="600335"	国机汽车	-0.15	19.85	-0.03	19.85	19.86	46780	2	0.10	          0.84	19.91	20.21	19.75	19.88	    14.94	93247936	  0.61	汽车配件	天津	2.31	19.93	24439	22341	  1.09	254	57	--  	      56000.46	
="600028"	中国石化	-0.17	5.75	-0.01	5.74	5.75	3089602	829	0.17	          0.34	5.75	5.76	5.65	5.76	     9.84	1761687168	  0.41	石油加工	北京	1.91	5.70	1396935	1692667	  0.83	16211	11239	--  	    9128216.00	
="601633"	长城汽车	-0.22	40.19	-0.09	40.19	40.20	61732	36	0.34	          0.31	40.26	40.85	39.50	40.28	    16.42	246411488	  0.67	汽车整车	河北	3.35	39.92	29902	31830	  0.94	4	128	--  	     200924.30	
="600009"	上海机场	-0.25	19.78	-0.05	19.76	19.78	210332	40	0.20	          1.92	19.75	19.80	19.20	19.83	    18.11	410310304	  0.47	机场	上海	3.03	19.51	113021	97311	  1.16	33	287	--  	     109347.64	
="600067"	冠城大通	-0.27	7.42	-0.02	7.42	7.43	274480	10	0.00	          2.31	7.55	7.58	7.25	7.44	    19.44	202524192	  0.56	全国地产	福建	4.44	7.38	171342	103138	  1.66	134	628	--  	     119055.79	
="601928"	凤凰传媒	-0.40	12.35	-0.05	12.36	12.37	499157	34	-0.16	          7.04	12.42	12.50	12.01	12.40	    32.10	616202496	  0.61	出版业	江苏	3.95	12.34	263095	236061	  1.11	28	318	--  	      70878.35	
="000993"	闽东电力	-0.47	10.59	-0.05	10.59	10.60	60083	425	0.00	          1.61	10.70	10.83	10.44	10.64	    33.60	63673080	  0.64	水力发电	福建	3.67	10.60	34365	25718	  1.34	380	384	--  	      37300.00	
="002221"	东华能源	-0.50	15.82	-0.08	15.81	15.82	63217	402	0.12	          1.41	15.70	16.18	15.68	15.90	   180.03	100371272	  0.62	石油贸易	江苏	3.14	15.88	38184	25032	  1.53	14	210	--  	      44718.82	
="000778"	新兴铸管	-0.52	5.77	-0.03	5.77	5.78	1232708	4283	-0.17	          3.38	5.70	5.82	5.61	5.80	    23.51	701033984	  0.52	钢加工	河北	3.62	5.69	604880	627828	  0.96	5214	1364	--  	     364209.41	
="300027"	华谊兄弟	-0.56	29.96	-0.17	29.96	29.97	373848	3155	0.13	          4.37	30.10	30.48	29.70	30.13	    61.13	1124979072	  0.47	影视音像	浙江	2.59	30.09	188433	185414	  1.02	1065	422	--  	      85552.46	
="601777"	力帆股份	-0.59	10.10	-0.06	10.10	10.11	157841	66	-0.19	          1.62	10.11	10.16	9.85	10.16	    23.82	157878576	  0.77	摩托车	重庆	3.05	10.00	90293	67547	  1.34	116	784	--  	      97137.89	
="600007"	中国国贸	-0.59	15.12	-0.09	15.18	15.19	51707	5	-0.52	          0.51	15.08	15.28	14.69	15.21	    26.62	77285352	  0.56	园区开发	北京	3.88	14.95	26589	25117	  1.06	19	152	--  	     100728.25	
="600005"	武钢股份	-0.60	3.31	-0.02	3.30	3.31	1573635	20	0.30	          1.56	3.33	3.37	3.24	3.33	    32.53	518978976	  0.51	普钢	湖北	3.90	3.30	831924	741711	  1.12	8002	628	--  	    1009378.00	
="600489"	中金黄金	-0.67	10.37	-0.07	10.36	10.38	582851	334	0.29	          1.98	10.30	10.48	10.13	10.44	    58.24	598317184	  0.49	黄金	北京	3.35	10.27	278427	304423	  0.91	526	1592	--  	     294322.88	
="000926"	福星股份	-0.70	9.86	-0.07	9.86	9.87	239242	2044	-0.10	          4.53	9.90	9.90	9.66	9.93	     9.09	233798416	  0.59	区域地产	湖北	2.42	9.77	132595	106646	  1.24	2039	1097	--  	      52853.94	
="300072"	三聚环保	-0.72	26.23	-0.19	26.23	26.24	88905	755	0.00	          1.94	26.28	26.83	25.60	26.42	    35.69	233016256	  0.63	化工原料	北京	4.66	26.21	48929	39975	  1.22	398	735	--  	      45855.16	
="000655"	金岭矿业	-0.74	9.38	-0.07	9.38	9.39	81666	621	0.00	          1.37	9.30	9.43	9.20	9.45	    28.62	76091232	  0.48	普钢	山东	2.43	9.32	47633	34033	  1.40	784	369	--  	      59534.01	
="002237"	恒邦股份	-0.74	17.36	-0.13	17.36	17.38	76091	887	0.17	          1.90	17.40	17.44	17.08	17.49	    25.24	131380864	  0.53	黄金	山东	2.06	17.27	37171	38919	  0.96	6	205	--  	      40015.00	
="002155"	辰州矿业	-0.79	10.10	-0.08	10.09	10.10	268453	4368	0.29	          2.70	10.11	10.12	9.90	10.18	    73.25	268762624	  0.71	黄金	湖南	2.16	10.01	149917	118535	  1.26	177	1112	--  	      99608.52	
="000792"	盐湖股份	-0.80	23.68	-0.19	23.67	23.68	161780	996	0.04	          1.51	23.69	23.74	23.02	23.87	    43.27	378772768	  0.63	农药化肥	青海	3.02	23.41	77890	83890	  0.93	36	189	--  	     107353.50	
="600377"	宁沪高速	-0.83	7.13	-0.06	7.13	7.14	165454	7	-0.14	          0.44	7.09	7.20	6.90	7.19	    13.03	116407208	  0.64	路桥	江苏	4.17	7.04	92228	73225	  1.26	8	5	--  	     379275.53	
="603399"	新华龙	-0.97	11.18	-0.11	11.18	11.19	83699	18	0.72	          6.68	11.15	11.31	10.97	11.29	    86.86	92858872	  1.15	小金属	辽宁	3.01	11.09	45303	38396	  1.18	65	50	--  	      12525.79	
="000605"	渤海股份	-0.98	18.20	-0.18	18.18	18.20	17238	181	0.11	          1.95	18.38	18.38	17.98	18.38	    90.49	31338380	  0.77	水务	北京	2.18	18.18	8618	8620	  1.00	113	16	--  	       8842.98	
="600058"	五矿发展	-1.04	15.21	-0.16	15.21	15.23	155207	104	0.06	          1.45	15.24	15.24	14.92	15.37	    69.21	233924784	  0.56	商贸代理	北京	2.08	15.07	78329	76878	  1.02	102	251	--  	     107191.07	
="601699"	潞安环能	-1.08	11.02	-0.12	11.02	11.03	478372	33	0.27	          2.08	11.18	11.20	10.73	11.14	    29.95	521927488	  0.73	煤炭开采	山西	4.22	10.91	229390	248981	  0.92	7	253	--  	     230108.41	
="601991"	大唐发电	-1.14	5.21	-0.06	5.20	5.21	494426	160	0.19	          0.49	5.26	5.26	5.10	5.27	    14.19	254928144	  0.57	火力发电	北京	3.04	5.16	271317	223108	  1.22	1810	444	--  	     999436.00	
="601857"	中国石油	-1.28	9.23	-0.12	9.22	9.23	1136301	145	0.10	          0.07	9.31	9.34	9.03	9.35	    13.19	1040903808	  0.42	石油开采	北京	3.32	9.16	607583	528717	  1.15	1156	1117	--  	   16192208.00	
="601288"	农业银行	-1.32	3.00	-0.04	2.99	3.00	5026332	656	0.00	          0.18	3.02	3.02	2.96	3.04	     4.79	1498517888	  0.43	银行	北京	1.97	2.98	2067115	2959216	  0.70	28730	2698	--  	   28416352.00	
="601898"	中煤能源	-1.32	5.97	-0.08	5.96	5.97	426894	243	0.33	          0.47	6.03	6.03	5.84	6.05	    90.06	252741808	  0.46	煤炭开采	北京	3.14	5.92	230431	196463	  1.17	2024	3211	--  	     915200.06	
="600225"	天津松江	-1.39	8.51	-0.12	8.51	8.52	395345	62	0.23	          6.40	9.10	9.19	8.48	8.63	--  	344351328	  1.31	区域地产	天津	8.23	8.71	201260	194085	  1.04	99	283	--  	      61814.21	
="601958"	金钼股份	-1.41	9.76	-0.14	9.77	9.78	203886	3	0.00	          0.63	9.83	9.84	9.56	9.90	   135.27	197592864	  0.64	小金属	陕西	2.83	9.69	110052	93833	  1.17	78	281	--  	     322660.44	
="000933"	神火股份	-1.43	5.52	-0.08	5.52	5.53	266810	7605	0.18	          1.42	5.58	5.58	5.45	5.60	--  	146822240	  0.51	煤炭开采	河南	2.32	5.50	143325	123485	  1.16	2656	1065	--  	     187365.03	
="002378"	章源钨业	-1.44	24.63	-0.36	24.62	24.63	44921	348	0.04	          1.05	24.96	24.96	24.08	24.99	   141.95	109775824	  0.61	小金属	江西	3.52	24.44	27504	17417	  1.58	199	96	--  	      42821.35	
="600015"	华夏银行	-1.47	10.74	-0.16	10.74	10.75	1212967	104	-0.27	          1.87	10.72	10.89	10.52	10.90	     5.44	1291643904	  0.50	银行	北京	3.39	10.65	590120	622847	  0.95	1275	271	--  	     648768.69	
="601988"	中国银行	-1.50	3.29	-0.05	3.28	3.29	7096020	3762	0.30	          0.36	3.30	3.31	3.23	3.34	     6.01	2317046784	  0.48	银行	北京	2.40	3.27	2915449	4180570	  0.70	24939	32732	--  	   19591296.00	
="601600"	中国铝业	-1.55	5.08	-0.08	5.08	5.09	1230787	149	-0.19	          1.28	5.15	5.15	4.98	5.16	--  	621774272	  0.50	铝	北京	3.29	5.05	637645	593142	  1.08	2510	2844	--  	     958052.19	
="601088"	中国神华	-1.59	17.33	-0.28	17.34	17.35	623903	291	0.00	          0.38	17.58	17.58	17.12	17.61	     8.72	1077288064	  0.61	煤炭开采	北京	2.61	17.27	329475	294428	  1.12	98	819	--  	    1649103.75	
="600581"	八一钢铁	-1.63	5.43	-0.09	5.43	5.44	241779	400	0.00	          3.15	5.43	5.49	5.30	5.52	--  	130225040	  0.50	普钢	新疆	3.44	5.39	137104	104675	  1.31	1272	300	--  	      76644.89	
="600362"	江西铜业	-1.63	17.46	-0.29	17.47	17.48	320525	125	0.05	          1.54	17.75	17.77	17.22	17.75	    19.51	557681472	  0.45	铜	江西	3.10	17.40	166754	153771	  1.08	698	40	--  	     207524.73	
="600000"	浦发银行	-1.69	12.76	-0.22	12.76	12.77	3350254	393	-0.07	          2.25	12.80	12.82	12.46	12.98	     5.13	4232421888	  0.57	银行	上海	2.77	12.63	1580189	1770065	  0.89	1828	5647	--  	    1492277.75	
="000831"	五矿稀土	-1.71	25.87	-0.45	25.87	25.88	154683	977	-0.03	          2.08	26.05	26.05	25.43	26.32	--  	397418720	  0.54	小金属	山西	2.36	25.69	92045	62637	  1.47	175	453	--  	      74449.32	
="300094"	国联水产	-1.72	10.87	-0.19	10.86	10.87	57157	768	0.09	          1.63	11.00	11.04	10.76	11.06	    96.71	62260704	  0.50	渔业	广东	2.53	10.89	34569	22587	  1.53	127	174	--  	      35072.21	
="000937"	冀中能源	-1.78	8.29	-0.15	8.28	8.29	349201	2454	0.00	          1.58	8.38	8.43	8.08	8.44	   414.35	286299584	  0.68	煤炭开采	河北	4.15	8.20	179356	169844	  1.06	1592	1540	--  	     220706.56	
="600050"	中国联通	-1.79	4.39	-0.08	4.38	4.39	3394404	62	0.00	          1.60	4.43	4.44	4.28	4.47	    19.94	1476491904	  0.63	电信运营	上海	3.58	4.35	1626571	1767832	  0.92	10657	8279	--  	    2119659.75	
="600497"	驰宏锌锗	-1.86	12.12	-0.23	12.11	12.12	249771	65	-0.24	          1.50	12.32	12.32	12.01	12.35	    99.14	302087136	  0.60	铅锌	云南	2.51	12.09	128898	120873	  1.07	205	1271	--  	     166756.09	
="601398"	工商银行	-1.90	4.13	-0.08	4.13	4.14	3420451	409	0.00	          0.13	4.18	4.19	4.07	4.21	     4.94	1408312832	  0.52	银行	北京	2.85	4.12	1382372	2038078	  0.68	2674	23721	--  	   26471778.00	
="601998"	中信银行	-1.91	6.15	-0.12	6.15	6.16	1752300	132	0.00	          0.55	6.21	6.22	5.95	6.27	     6.69	1065533120	  0.67	银行	北京	4.31	6.08	827285	925014	  0.89	1250	2400	--  	    3190516.50	
="000069"	华侨城Ａ	-2.01	6.82	-0.14	6.81	6.82	1055192	7144	0.00	          3.39	6.93	6.93	6.65	6.96	    13.22	713020864	  0.54	旅游景点	深圳	4.02	6.76	588101	467091	  1.26	557	46	--  	     311246.41	
="601166"	兴业银行	-2.06	12.84	-0.27	12.84	12.85	2944096	453	-0.23	          1.82	13.00	13.00	12.58	13.11	     4.79	3752158208	  0.52	银行	福建	3.20	12.74	1390501	1553595	  0.90	1086	6454	--  	    1617961.63	
="600036"	招商银行	-2.08	13.62	-0.29	13.62	13.63	2354856	568	-0.07	          1.14	13.71	13.71	13.31	13.91	     5.62	3178107392	  0.39	银行	深圳	2.88	13.50	1171314	1183541	  0.99	41	1310	--  	    2062894.50	
="600111"	包钢稀土	-2.13	25.30	-0.55	25.30	25.31	687035	135	0.23	          4.64	25.54	25.64	24.98	25.85	   115.80	1731295488	  0.59	小金属	内蒙	2.55	25.20	361039	325996	  1.11	1208	491	--  	     147946.98	
="000758"	中色股份	-2.16	13.59	-0.30	13.58	13.59	339411	3360	0.00	          3.76	13.69	13.86	13.34	13.89	   142.54	458745568	  0.74	铅锌	北京	3.74	13.52	194270	145140	  1.34	742	301	--  	      90156.15	
="600016"	民生银行	-2.26	8.23	-0.19	8.23	8.24	5694864	856	-0.12	          2.10	8.24	8.31	8.01	8.42	     5.71	4637135872	  0.55	银行	北京	3.56	8.14	2833758	2861105	  0.99	705	6283	--  	    2710607.50	
="600259"	广晟有色	-2.28	50.68	-1.18	50.71	50.72	62721	33	-0.25	          2.51	51.90	51.90	49.98	51.86	  1109.81	317187648	  0.58	小金属	海南	3.70	50.57	33002	29718	  1.11	2	1	--  	      24940.00	
="600549"	厦门钨业	-2.32	32.91	-0.78	32.92	32.93	99726	8	-0.03	          1.46	33.69	33.69	32.68	33.69	    79.36	328121056	  0.69	小金属	福建	3.00	32.90	55312	44414	  1.25	14	53	--  	      68198.00	
="601939"	建设银行	-2.57	5.30	-0.14	5.29	5.31	2577811	1006	-0.18	          2.69	5.40	5.40	5.20	5.44	     5.22	1361533184	  0.39	银行	北京	3.68	5.28	1299931	1277879	  1.02	4675	2073	--  	     959365.75	
="000795"	太原刚玉	-2.63	11.86	-0.32	11.86	11.87	144509	2178	0.16	          5.22	12.10	12.10	11.52	12.18	--  	170446896	  1.31	矿物制品	山西	4.76	11.79	79899	64610	  1.24	309	395	--  	      27679.44	
="002563"	森马服饰	-3.33	37.70	-1.30	37.70	37.71	35706	136	-0.23	          5.10	39.18	39.28	37.00	39.00	    28.22	135054784	  2.13	服饰	浙江	5.85	37.82	25291	10414	  2.43	143	3	--  	       7000.00	
="000401"	冀东水泥	-3.61	11.20	-0.42	11.20	11.21	279806	2741	-0.35	          2.31	11.62	11.69	10.99	11.62	   545.74	312441856	  0.79	水泥	河北	6.02	11.17	153984	125821	  1.22	1342	254	--  	     121233.36	
数据来源:通达信
