代码	名称	涨幅%%	现价	涨跌	买价	卖价	总量	现量	涨速%%	换手%%	今开	最高	最低	昨收	市盈(动)	总金额	量比	细分行业	地区	振幅%%	均价	内盘	外盘	内外比	买量	卖量	未匹配量	流通股本	
="000717"	韶钢松山	10.15	2.93	0.27	2.93	--  	1439334	288	          0.00	         12.76	2.66	2.93	2.66	2.66	--  	412509632	  1.85	钢加工	广东	10.15	2.87	689489	749845	  0.92	18297	0	--  	     112803.64	
="000159"	国际实业	10.04	11.18	1.02	11.18	--  	296488	2477	          0.00	          6.16	10.50	11.18	10.18	10.16	    62.19	319933664	  0.91	石油贸易	新疆	 9.84	10.79	170493	125995	  1.35	98036	0	--  	      48113.92	
="000090"	天健集团	10.02	10.21	0.93	10.21	--  	453928	6	          0.00	          8.22	9.77	10.21	9.30	9.28	    31.20	455207392	  7.98	建筑施工	深圳	 9.81	10.03	227817	226111	  1.01	40514	0	--  	      55253.07	
="600650"	锦江投资	10.01	15.39	1.40	15.39	--  	139453	55	          0.00	          3.57	14.08	15.39	13.80	13.99	    37.80	205962848	  1.30	公共交通	上海	11.37	14.77	61727	77726	  0.79	4369	0	--  	      39056.01	
="600022"	山东钢铁	9.90	2.11	0.19	2.11	--  	94418	1	          0.00	          0.18	2.11	2.11	2.11	1.92	--  	19922390	  0.31	普钢	山东	 0.00	2.11	79006	15412	  5.13	1268958	0	--  	     534315.81	
="600655"	豫园商城	9.14	10.87	0.91	10.85	10.86	328124	2	          0.00	          2.28	10.07	10.88	10.00	9.96	    20.07	348179264	  1.65	百货	上海	 8.84	10.61	137823	190301	  0.72	301	246	--  	     143732.20	
="600449"	宁夏建材	7.82	10.89	0.79	10.89	10.90	341893	5	          0.18	         13.63	10.25	11.10	10.15	10.10	    14.04	365550528	  1.37	水泥	宁夏	 9.41	10.69	154778	187115	  0.83	59	1370	--  	      25076.77	
="600970"	中材国际	7.78	11.36	0.82	11.35	11.36	1366789	34	          0.44	         12.50	10.99	11.59	10.62	10.54	    18.87	1532838656	  1.63	建筑施工	江苏	 9.20	11.21	694111	672678	  1.03	3048	285	--  	     109329.72	
="600875"	东方电气	7.73	17.28	1.24	17.29	17.30	643604	44	          0.11	          3.87	16.08	17.57	15.93	16.04	    23.84	1078065408	  1.24	电气设备	四川	10.22	16.75	295915	347689	  0.85	620	1026	--  	     166386.00	
="601028"	玉龙股份	7.43	18.50	1.28	18.45	18.47	99842	386	          0.98	          5.34	17.69	18.70	17.53	17.22	    51.46	180999568	  1.40	钢加工	江苏	 6.79	18.13	46419	53423	  0.87	11	1	--  	      18687.50	
="000877"	天山股份	6.98	8.43	0.55	8.43	8.44	982356	4556	          0.00	         11.16	8.02	8.67	8.00	7.88	    18.11	822432064	  1.31	水泥	新疆	 8.50	8.37	440934	541422	  0.81	11773	4613	--  	      88001.99	
="002700"	新疆浩源	5.93	25.20	1.41	25.20	25.21	137974	1804	          0.00	         14.43	24.50	25.97	24.30	23.79	    56.67	345546496	  2.87	供气供热	新疆	 7.02	25.04	63597	74377	  0.86	280	196	--  	       9564.16	
="600005"	武钢股份	5.81	2.73	0.15	2.72	2.73	1360061	357	          0.36	          1.35	2.60	2.73	2.59	2.58	    26.83	365404352	  1.01	普钢	湖北	 5.43	2.69	529844	830217	  0.64	3417	55269	--  	    1009378.00	
="002302"	西部建设	5.66	15.11	0.81	15.11	15.12	248562	1844	          0.13	          9.17	14.60	15.69	14.41	14.30	    34.30	373603200	  1.31	水泥	新疆	 8.95	15.03	120283	128279	  0.94	817	522	--  	      27091.33	
="000686"	东北证券	5.58	11.55	0.61	11.55	11.56	1362143	14624	          0.26	          8.06	11.28	11.65	10.90	10.94	    28.15	1525065984	  1.49	证券	吉林	 6.86	11.20	616874	745269	  0.83	3925	1266	--  	     168948.16	
="000900"	现代投资	5.34	6.51	0.33	6.50	6.51	577243	3936	          0.15	          5.71	6.23	6.59	6.17	6.18	    16.94	370111840	  2.15	路桥	湖南	 6.80	6.41	242372	334871	  0.72	3046	1508	--  	     101128.75	
="600029"	南方航空	5.23	3.62	0.18	3.61	3.62	1222943	125	          0.27	          1.74	3.45	3.63	3.40	3.44	    21.22	431920800	  0.82	空运	广东	 6.69	3.53	589495	633448	  0.93	4137	995	--  	     702265.00	
="601009"	南京银行	5.20	11.53	0.57	11.53	11.54	1004995	132	          0.26	          3.39	11.15	11.56	10.80	10.96	     6.17	1117364224	  1.00	银行	江苏	 6.93	11.12	516300	488695	  1.06	684	626	--  	     296893.31	
="601919"	中国远洋	4.98	5.06	0.24	5.05	5.06	1272350	1	          0.00	          1.67	4.83	5.18	4.74	4.82	--  	637694336	  0.76	水运	天津	 9.13	5.01	613671	658679	  0.93	120	4978	--  	     763567.44	
="002450"	康得新	4.91	32.68	1.53	32.67	32.68	220652	1636	         -0.30	          2.33	31.05	33.00	30.31	31.15	    33.06	693737408	  0.92	化工原料	江苏	 8.64	31.44	105385	115267	  0.91	6	149	--  	      94531.45	
="600020"	中原高速	4.89	3.22	0.15	3.21	3.22	297524	148	          0.31	          1.32	3.09	3.24	3.09	3.07	    10.20	94885512	  1.04	路桥	河南	 4.89	3.19	103110	194414	  0.53	2942	7544	--  	     224737.19	
="002093"	国脉科技	4.82	7.40	0.34	7.40	7.41	472827	12185	          0.13	          5.54	7.06	7.44	7.06	7.06	   131.68	346579840	  3.41	电信运营	福建	 5.38	7.33	224302	248525	  0.90	5829	1727	--  	      85291.22	
="600540"	新赛股份	4.79	8.54	0.39	8.54	8.55	97986	54	          0.23	          3.24	8.15	8.55	8.11	8.15	   642.62	82576312	  1.63	种植业	新疆	 5.40	8.43	42062	55924	  0.75	27	2200	--  	      30270.84	
="601788"	光大证券	4.67	13.01	0.58	13.00	13.01	1296088	106	          0.69	          3.79	12.80	13.07	12.03	12.43	    37.12	1635512320	  1.61	证券	上海	 8.37	12.62	592344	703744	  0.84	1255	400	--  	     341800.00	
="000776"	广发证券	4.65	13.05	0.58	13.05	13.06	1470399	21209	          0.38	          2.48	12.97	13.10	12.57	12.47	    19.05	1888056576	  1.35	证券	广东	 4.25	12.84	718519	751880	  0.96	4852	3231	--  	     591929.13	
="600269"	赣粤高速	4.52	3.93	0.17	3.92	3.93	548042	100	          0.00	          2.35	3.76	3.95	3.75	3.76	    11.26	213150896	  1.14	路桥	江西	 5.32	3.89	268667	279375	  0.96	2936	34	--  	     233540.70	
="000897"	津滨发展	4.43	6.83	0.29	6.83	6.84	1257903	7520	          0.00	          7.78	6.62	6.94	6.51	6.54	   364.90	851565120	  1.77	区域地产	天津	 6.57	6.77	572356	685547	  0.83	5726	4946	--  	     161708.06	
="600999"	招商证券	4.43	13.45	0.57	13.45	13.46	1033011	37	          0.14	          2.22	13.36	13.62	12.89	12.88	    23.13	1368548480	  1.42	证券	深圳	 5.67	13.25	516510	516501	  1.00	197	1534	--  	     466109.97	
="000025"	特  力Ａ	4.34	12.26	0.51	12.24	12.26	20427	761	          0.32	          1.14	11.88	12.28	11.80	11.75	   487.19	24802676	  1.81	汽车服务	深圳	 4.09	12.14	7265	13162	  0.55	12	113	--  	      17929.46	
="600676"	交运股份	4.24	8.11	0.33	8.10	8.11	295021	19	          0.37	          3.77	7.82	8.16	7.65	7.78	    21.99	236819248	  0.64	汽车配件	上海	 6.56	8.03	145243	149778	  0.97	247	129	--  	      78214.10	
="600004"	白云机场	4.22	9.64	0.39	9.63	9.64	199177	210	          0.10	          1.73	9.31	9.68	9.31	9.25	    11.16	190344048	  1.47	机场	广东	 4.00	9.56	99125	100052	  0.99	164	687	--  	     115000.00	
="601111"	中国国航	4.16	4.76	0.19	4.76	4.77	992189	462	         -0.20	          1.19	4.59	4.79	4.54	4.57	    14.80	464614368	  1.07	空运	北京	 5.47	4.68	462340	529849	  0.87	1460	2603	--  	     832927.13	
="000998"	隆平高科	4.11	17.72	0.70	17.71	17.72	225714	2739	          0.11	          2.72	16.98	17.78	16.95	17.02	   114.07	394976800	  1.36	种植业	湖南	 4.88	17.50	108465	117249	  0.93	1460	1786	--  	      83123.59	
="600221"	海南航空	4.03	2.58	0.10	2.57	2.58	4363845	429	          0.38	          3.69	2.50	2.59	2.46	2.48	    12.49	1103589760	  0.67	空运	海南	 5.24	2.53	1924882	2438963	  0.79	5771	31113	--  	    1181206.38	
="600897"	厦门空港	4.00	20.82	0.80	20.81	20.82	60900	12	          0.14	          2.04	20.16	20.83	20.03	20.02	    12.86	124941392	  0.71	机场	福建	 4.00	20.52	26295	34605	  0.76	25	1	--  	      29781.00	
="000528"	柳    工	3.97	8.38	0.32	8.37	8.38	713791	7652	          0.11	          6.34	8.19	8.45	8.07	8.06	    39.41	593122304	  0.76	工程机械	广西	 4.71	8.31	320170	393621	  0.81	1389	34	--  	     112508.84	
="600567"	山鹰纸业	3.92	2.65	0.10	2.64	2.65	588539	1438	          0.37	          3.71	2.55	2.65	2.55	2.55	    43.28	153426208	  0.71	造纸	安徽	 3.92	2.61	215122	373417	  0.58	5897	17762	--  	     158601.70	
="601179"	中国西电	3.91	5.31	0.20	5.30	5.31	611317	30	          0.37	          1.40	5.16	5.32	5.10	5.11	    31.66	320620576	  0.83	电气设备	陕西	 4.31	5.24	272428	338889	  0.80	6312	143	--  	     435700.00	
="002563"	森马服饰	3.85	37.50	1.39	37.49	37.50	16903	246	          0.00	          2.41	35.89	37.53	35.89	36.11	    28.07	62610724	  1.68	服饰	浙江	 4.54	37.04	4918	11985	  0.41	39	50	--  	       7000.00	
="600795"	国电电力	3.85	2.97	0.11	2.96	2.97	4168230	833	          0.00	          2.71	2.86	3.00	2.86	2.86	     7.50	1223063168	  0.90	火力发电	辽宁	 4.90	2.93	1685607	2482623	  0.68	24251	14062	--  	    1539514.88	
="002220"	天宝股份	3.55	8.47	0.29	8.47	8.48	110252	2720	          0.23	          2.83	8.22	8.55	8.13	8.18	    22.86	92180080	  1.18	食品	辽宁	 5.13	8.36	45040	65212	  0.69	1199	971	--  	      38948.12	
="600153"	建发股份	3.50	7.39	0.25	7.39	7.40	573367	134	          0.13	          2.02	7.22	7.44	7.14	7.14	     9.98	419179712	  0.59	商贸代理	福建	 4.20	7.31	275524	297843	  0.93	5025	2311	--  	     283520.06	
="002673"	西部证券	3.49	17.50	0.59	17.49	17.50	415896	3636	          0.40	          6.05	17.30	17.75	16.43	16.91	    37.43	716384704	  1.03	证券	陕西	 7.81	17.23	215192	200704	  1.07	1634	1031	--  	      68761.11	
="601369"	陕鼓动力	3.44	7.52	0.25	7.52	7.53	324544	153	          0.26	          1.98	7.28	7.55	7.21	7.27	    31.40	240405504	  1.17	机械基件	陕西	 4.68	7.41	158042	166502	  0.95	169	1907	--  	     163877.02	
="002703"	浙江世宝	3.40	27.99	0.92	27.99	28.00	23931	374	          0.07	         15.95	27.30	28.88	27.11	27.07	   158.10	67127784	  1.58	汽车配件	浙江	 6.54	28.05	11576	12355	  0.94	3	246	--  	       1500.00	
="600663"	陆家嘴	3.39	22.58	0.74	22.59	22.60	155952	9	          0.35	          1.15	21.85	22.87	21.58	21.84	    32.06	348660384	  0.98	园区开发	上海	 5.91	22.36	70469	85483	  0.82	31	56	--  	     135808.41	
="600617"	国新能源	3.38	25.71	0.84	25.70	25.72	55451	2	         -0.07	          5.40	25.00	26.60	24.60	24.87	    36.56	142834608	  1.31	供气供热	山西	 8.04	25.76	26227	29224	  0.90	116	190	--  	      10263.63	
="002075"	沙钢股份	3.36	4.61	0.15	4.60	4.61	228934	3151	          0.43	          1.45	4.43	4.61	4.34	4.46	   104.14	103585696	  0.95	特钢	江苏	 6.05	4.52	92656	136278	  0.68	3174	1385	--  	     157626.48	
="002524"	光正集团	3.32	7.46	0.24	7.46	7.47	415625	2402	          0.13	          8.46	7.45	7.75	7.34	7.22	--  	313093504	  1.51	钢加工	新疆	 5.68	7.53	193207	222418	  0.87	2046	2153	--  	      49120.46	
="600532"	宏达矿业	3.32	10.26	0.33	10.25	10.26	41944	1	          0.09	          2.54	9.95	10.27	9.93	9.93	    26.06	42492496	  0.56	普钢	山东	 3.42	10.13	15246	26698	  0.57	84	202	--  	      16510.25	
="002202"	金风科技	3.31	12.80	0.41	12.79	12.80	492405	7216	          0.15	          2.30	12.39	12.98	12.39	12.39	    21.65	628905984	  1.13	电气设备	新疆	 4.76	12.77	251505	240900	  1.04	1735	1051	--  	     213853.45	
="000016"	深康佳Ａ	3.28	6.30	0.20	6.29	6.30	221845	1873	          0.15	          3.70	6.08	6.35	6.08	6.10	   119.56	139361088	  1.07	家用电器	深圳	 4.43	6.28	96438	125407	  0.77	1568	1336	--  	      59991.50	
="600439"	瑞贝卡	3.25	4.77	0.15	4.76	4.77	299416	75	          0.00	          3.17	4.58	4.81	4.57	4.62	    25.97	141001104	  1.38	服饰	河南	 5.19	4.71	135719	163697	  0.83	931	223	--  	      94332.11	
="600622"	嘉宝集团	3.24	7.96	0.25	7.96	7.97	201990	33	          0.12	          3.93	7.79	8.06	7.71	7.71	    10.64	158994720	  1.27	综合类	上海	 4.54	7.87	89968	112022	  0.80	211	875	--  	      51430.37	
="600867"	通化东宝	3.18	17.54	0.54	17.55	17.58	129150	66	          0.63	          1.26	16.95	17.58	16.91	17.00	    61.78	223774688	  0.84	生物制药	吉林	 3.94	17.33	64086	65064	  0.98	25	915	--  	     102460.04	
="600068"	葛洲坝	3.16	5.23	0.16	5.22	5.23	1009178	5	          0.19	          2.89	5.10	5.25	5.03	5.07	    10.36	524064288	  0.64	建筑施工	湖北	 4.34	5.19	521208	487970	  1.07	531	5368	--  	     348745.91	
="002162"	斯米克	3.15	8.51	0.26	8.50	8.51	95454	1276	          0.35	          2.28	8.31	8.57	8.22	8.25	   366.94	80683768	  0.46	陶瓷	上海	 4.24	8.45	46729	48725	  0.96	967	1330	--  	      41800.00	
="600798"	宁波海运	3.14	5.26	0.16	5.25	5.26	214328	100	          0.57	          2.46	5.13	5.34	5.03	5.10	--  	111546176	  0.63	水运	浙江	 6.08	5.20	98142	116186	  0.84	870	812	--  	      87117.45	
="000100"	TCL 集团	3.13	3.29	0.10	3.28	3.29	2722635	39304	          0.00	          3.35	3.22	3.29	3.19	3.19	    10.51	880726976	  0.78	家用电器	广东	 3.13	3.23	1167092	1555543	  0.75	36189	45470	--  	     813618.25	
="000725"	京东方Ａ	3.10	2.66	0.08	2.65	2.66	3023822	78133	          0.37	          2.63	2.59	2.68	2.58	2.58	    37.96	796231552	  0.85	元器件	北京	 3.88	2.63	1205692	1818130	  0.66	67630	16328	--  	    1150574.38	
="601107"	四川成渝	3.03	3.74	0.11	3.73	3.74	230367	5	          0.00	          1.07	3.64	3.78	3.62	3.63	    10.07	85502032	  1.03	路桥	四川	 4.41	3.71	127075	103292	  1.23	1416	1862	--  	     216274.00	
="600033"	福建高速	2.88	3.22	0.09	3.21	3.22	628349	2413	          0.31	          2.29	3.13	3.22	3.13	3.13	    13.28	200112560	  0.66	路桥	福建	 2.88	3.18	297115	331234	  0.90	2828	1222	--  	     274440.00	
="600710"	常林股份	2.81	4.75	0.13	4.74	4.75	252201	21	         -0.41	          3.94	4.64	4.83	4.54	4.62	--  	118310992	  0.59	工程机械	江苏	 6.28	4.69	117669	134532	  0.87	647	648	--  	      64028.39	
="600469"	风神股份	2.81	13.16	0.36	13.15	13.16	59759	4	          0.30	          1.59	12.98	13.27	12.94	12.80	    12.08	78184760	  0.87	汽车配件	河南	 2.58	13.08	27894	31865	  0.88	1319	168	--  	      37494.21	
="000089"	深圳机场	2.78	5.18	0.14	5.17	5.18	166608	2799	          0.00	          0.98	5.09	5.19	5.01	5.04	    34.26	85721920	  0.74	机场	深圳	 3.57	5.15	87003	79605	  1.09	1148	683	--  	     169169.27	
="000605"	渤海股份	2.71	18.18	0.48	18.18	18.19	21346	689	          0.49	          2.41	17.72	18.18	17.50	17.70	    90.39	38079316	  1.13	水务	北京	 3.84	17.84	8441	12905	  0.65	54	73	--  	       8842.98	
="600354"	敦煌种业	2.71	7.96	0.21	7.95	7.97	168179	345	          0.12	          3.76	7.83	8.00	7.79	7.75	--  	133141168	  1.16	种植业	甘肃	 2.71	7.92	77278	90901	  0.85	141	1315	--  	      44780.21	
="600671"	天目药业	2.63	17.53	0.45	17.53	17.55	19793	69	          0.17	          1.63	17.09	17.58	17.09	17.08	   728.59	34324728	  0.82	中成药	浙江	 2.87	17.34	7738	12055	  0.64	607	30	--  	      12172.04	
="601666"	平煤股份	2.41	5.10	0.12	5.08	5.09	415789	2	          0.19	          1.76	4.96	5.11	4.93	4.98	   104.48	209593856	  0.92	煤炭开采	河南	 3.61	5.04	188609	227180	  0.83	6325	8	--  	     236116.50	
="000993"	闽东电力	2.35	10.00	0.23	9.99	10.00	62618	520	          0.10	          1.68	9.75	10.02	9.55	9.77	    31.73	61199724	  0.83	水力发电	福建	 4.81	9.77	31345	31273	  1.00	76	983	--  	      37300.00	
="600012"	皖通高速	2.32	5.29	0.12	5.28	5.29	70117	20	          0.00	          0.60	5.20	5.29	5.16	5.17	     9.82	36756324	  0.54	路桥	安徽	 2.51	5.24	37092	33025	  1.12	1423	1434	--  	     116560.00	
="000966"	长源电力	2.30	9.79	0.22	9.78	9.79	105048	570	          0.20	          1.90	9.61	9.81	9.42	9.57	     6.54	101463232	  0.65	火力发电	湖北	 4.08	9.66	52440	52608	  1.00	317	206	--  	      55414.19	
="002003"	伟星股份	2.29	10.29	0.23	10.28	10.29	85716	599	          0.19	          2.92	10.10	10.33	10.04	10.06	    13.56	87314288	  1.43	服饰	浙江	 2.88	10.19	40184	45532	  0.88	203	345	--  	      29320.38	
="002478"	常宝股份	2.26	13.14	0.29	13.14	13.15	90764	1176	         -0.07	          3.47	12.85	13.44	12.71	12.85	    21.02	119064720	  1.54	普钢	江苏	 5.68	13.12	33563	57201	  0.59	43	135	--  	      26154.86	
="300302"	同有科技	2.25	25.88	0.57	25.88	25.90	17710	145	          0.00	          4.31	25.29	26.10	25.02	25.31	   236.24	45419276	  1.27	软件服务	北京	 4.27	25.65	7708	10002	  0.77	64	66	--  	       4113.33	
="002318"	久立特材	2.23	26.61	0.58	26.61	26.62	83229	479	          0.03	          2.79	26.20	26.85	26.06	26.03	    38.02	220842240	  1.02	特钢	浙江	 3.03	26.53	41877	41352	  1.01	175	323	--  	      29783.93	
="000667"	美好集团	2.20	2.79	0.06	2.79	2.80	448586	8844	          0.00	          1.75	2.74	2.80	2.73	2.73	   190.48	124187392	  0.59	全国地产	云南	 2.56	2.77	184952	263634	  0.70	1700	26423	--  	     255959.23	
="600635"	大众公用	2.20	6.05	0.13	6.04	6.05	276448	20	          0.16	          1.68	5.95	6.07	5.91	5.92	    37.00	165633536	  0.92	供气供热	上海	 2.70	5.99	130172	146276	  0.89	1389	647	--  	     164486.98	
="002042"	华孚色纺	2.20	5.12	0.11	5.11	5.12	112037	460	          0.19	          1.35	5.02	5.12	5.01	5.01	    16.10	56953000	  0.91	纺织	安徽	 2.20	5.08	43866	68171	  0.64	1420	7331	--  	      82998.72	
="600336"	澳柯玛	2.14	6.20	0.13	6.18	6.20	173394	101	          0.00	          2.55	6.07	6.25	6.06	6.07	    34.53	106960856	  0.89	家用电器	山东	 3.13	6.17	80542	92852	  0.87	295	216	--  	      68007.20	
="000652"	泰达股份	2.06	5.95	0.12	5.94	5.95	337221	4724	          0.16	          2.30	5.83	5.98	5.78	5.83	--  	199438416	  1.19	综合类	天津	 3.43	5.91	166743	170478	  0.98	2866	5512	--  	     146567.00	
="000056"	深国商	1.99	16.94	0.33	16.94	16.95	59141	2736	          0.53	          4.13	16.62	16.98	16.50	16.61	--  	99254392	  0.96	房产服务	深圳	 2.89	16.78	20479	38662	  0.53	155	547	--  	      14305.55	
="600125"	铁龙物流	1.95	7.86	0.15	7.85	7.86	436831	10	          0.12	          3.35	7.85	8.04	7.69	7.71	    28.99	344652032	  1.17	铁路	辽宁	 4.54	7.89	200165	236666	  0.85	126	851	--  	     130552.18	
="600287"	江苏舜天	1.93	8.97	0.17	8.96	8.98	77150	56	          0.11	          1.77	8.75	9.03	8.62	8.80	    50.12	68268032	  0.76	商贸代理	江苏	 4.66	8.85	38776	38374	  1.01	430	12	--  	      43679.60	
="002497"	雅化集团	1.93	13.74	0.26	13.73	13.74	64003	1180	          0.51	          1.91	13.68	13.84	13.48	13.48	    29.83	87310952	  1.12	化工原料	四川	 2.67	13.64	35748	28255	  1.27	5	49	--  	      33596.80	
="600593"	大连圣亚	1.91	21.82	0.41	21.81	21.82	34490	10	          0.46	          3.75	21.10	21.97	20.80	21.41	    25.19	74424000	  1.11	旅游景点	辽宁	 5.46	21.58	16365	18125	  0.90	4	84	--  	       9200.00	
="600512"	腾达建设	1.89	3.77	0.07	3.77	3.78	169153	1	          0.00	          2.30	3.71	3.81	3.70	3.70	    75.09	63622168	  0.49	建筑施工	浙江	 2.97	3.76	85215	83938	  1.02	352	1301	--  	      73694.06	
="002483"	润邦股份	1.86	13.12	0.24	13.12	13.13	37867	445	          0.07	          1.05	13.01	13.19	12.75	12.88	    39.56	49189912	  0.47	工程机械	江苏	 3.42	12.99	19420	18447	  1.05	1048	39	--  	      36000.00	
="600098"	广州发展	1.86	6.02	0.11	6.02	6.03	171441	90	          0.33	          0.70	5.96	6.08	5.91	5.91	    12.20	102832896	  0.63	火力发电	广东	 2.88	6.00	91953	79488	  1.16	1707	1051	--  	     243737.45	
="600328"	兰太实业	1.85	10.47	0.19	10.47	10.48	66383	101	          0.00	          1.85	10.28	10.53	10.21	10.28	   231.84	69129136	  0.73	化工原料	内蒙	 3.11	10.41	29768	36615	  0.81	28	1953	--  	      35911.80	
="000928"	中钢国际	1.84	12.16	0.22	12.15	12.16	69726	1504	          0.24	          2.46	12.00	12.32	11.81	11.94	    81.25	84439464	  0.54	建筑施工	吉林	 4.27	12.11	35802	33924	  1.06	76	651	--  	      28289.90	
="600359"	新农开发	1.84	10.52	0.19	10.52	10.53	75671	132	          0.09	          2.36	10.32	10.57	10.12	10.33	--  	78891560	  0.52	农业综合	新疆	 4.36	10.43	37807	37864	  1.00	26	298	--  	      32100.00	
="600062"	华润双鹤	1.74	21.65	0.37	21.64	21.65	84195	3	          0.09	          1.47	21.31	21.80	21.20	21.28	    21.61	181271760	  0.60	化学制药	北京	 2.82	21.53	46726	37469	  1.25	313	85	--  	      57169.58	
="002269"	美邦服饰	1.71	11.88	0.20	11.88	11.89	217635	2487	          0.08	          2.17	11.70	12.08	11.70	11.68	    39.87	258653216	  0.95	服饰	上海	 3.25	11.88	113884	103751	  1.10	3403	500	--  	     100500.00	
="600896"	中海海盛	1.71	5.36	0.09	5.35	5.37	287357	1	         -0.18	          4.94	5.30	5.50	5.20	5.27	--  	154202144	  0.64	水运	海南	 5.69	5.37	142382	144975	  0.98	801	1236	--  	      58131.57	
="600565"	迪马股份	1.71	4.77	0.08	4.76	4.77	125200	102	          0.21	          1.74	4.69	4.80	4.66	4.69	    53.47	59238544	  0.63	全国地产	重庆	 2.99	4.73	65206	59994	  1.09	539	733	--  	      72000.00	
="002243"	通产丽星	1.59	8.97	0.14	8.95	8.97	32665	1963	          1.24	          1.05	8.78	8.97	8.72	8.83	--  	28827032	  0.66	塑料	深圳	 2.83	8.82	17506	15159	  1.15	331	572	--  	      30990.90	
="002361"	神剑股份	1.58	9.00	0.14	8.99	9.00	53815	2608	          0.00	          3.04	8.90	9.04	8.82	8.86	    33.89	48049032	  1.06	化工原料	安徽	 2.48	8.93	26986	26829	  1.01	364	718	--  	      17698.19	
="002508"	老板电器	1.55	35.40	0.54	35.40	35.41	24086	545	          0.14	          0.77	34.69	35.44	34.01	34.86	    24.56	83687536	  0.88	家用电器	浙江	 4.10	34.74	12243	11843	  1.03	8	76	--  	      31175.00	
="600806"	昆明机床	1.53	5.97	0.09	5.97	5.98	54258	20	          0.16	          1.39	5.89	5.98	5.83	5.88	--  	32081352	  0.55	机床制造	云南	 2.55	5.91	23981	30277	  0.79	325	746	--  	      39018.62	
="600308"	华泰股份	1.53	3.99	0.06	3.98	3.99	204797	603	          0.50	          1.75	3.93	4.00	3.89	3.93	    52.05	80988256	  0.68	造纸	山东	 2.80	3.95	107458	97339	  1.10	2020	3514	--  	     116756.14	
="600502"	安徽水利	1.51	9.40	0.14	9.39	9.40	183131	9	          0.21	          3.65	9.30	9.47	9.20	9.26	    19.19	170883552	  1.08	建筑施工	安徽	 2.92	9.33	81336	101795	  0.80	158	467	--  	      50193.00	
="600361"	华联综超	1.51	6.05	0.09	6.05	6.06	109210	8	          0.33	          1.64	5.96	6.06	5.84	5.96	    26.60	64981576	  0.81	超市连锁	北京	 3.69	5.95	61543	47667	  1.29	143	499	--  	      66580.78	
="600120"	浙江东方	1.50	16.92	0.25	16.92	16.93	194004	1	          0.05	          3.84	16.73	17.18	16.56	16.67	    15.80	327121344	  0.51	商贸代理	浙江	 3.72	16.86	104165	89839	  1.16	9	210	--  	      50547.33	
="600665"	天地源	1.49	4.10	0.06	4.09	4.10	58879	1	          0.49	          0.68	4.03	4.11	4.01	4.04	    23.78	24032594	  0.57	全国地产	上海	 2.48	4.08	30284	28595	  1.06	500	773	--  	      86412.25	
="000729"	燕京啤酒	1.48	6.86	0.10	6.86	6.87	182054	1558	          0.00	          0.73	6.78	6.87	6.72	6.76	    15.78	123956184	  0.98	啤酒	北京	 2.22	6.81	82769	99285	  0.83	2546	3693	--  	     249943.92	
="600491"	龙元建设	1.42	4.30	0.06	4.29	4.30	162949	5	          0.46	          1.72	4.25	4.33	4.21	4.24	    19.54	69757120	  0.66	建筑施工	浙江	 2.83	4.28	89236	73713	  1.21	2476	1142	--  	      94760.00	
="600811"	东方集团	1.41	7.17	0.10	7.17	7.18	393985	150	          0.13	          2.36	7.20	7.25	7.08	7.07	     7.95	281636224	  1.01	综合类	黑龙江	 2.40	7.15	190381	203604	  0.94	91	3473	--  	     166680.53	
="000623"	吉林敖东	1.40	22.51	0.31	22.51	22.52	305297	1138	         -0.04	          3.87	22.60	22.72	21.94	22.20	    16.52	683786432	  1.14	中成药	吉林	 3.51	22.40	153612	151685	  1.01	1315	212	--  	      78904.07	
="601588"	北辰实业	1.39	3.64	0.05	3.64	3.65	337979	90	         -0.27	          1.27	3.59	3.66	3.56	3.59	    28.64	122436760	  0.59	区域地产	北京	 2.79	3.62	158915	179064	  0.89	2036	8201	--  	     266000.00	
="600615"	丰华股份	1.39	13.12	0.18	13.12	13.13	36921	55	          0.22	          1.97	12.95	13.15	12.93	12.94	   169.21	48241260	  0.81	区域地产	上海	 1.70	13.07	16950	19971	  0.85	119	149	--  	      18762.44	
="002082"	栋梁新材	1.36	10.44	0.14	10.43	10.44	59134	728	          0.00	          3.18	10.38	10.45	10.28	10.30	    24.23	61256524	  0.47	铝	浙江	 1.65	10.36	30654	28480	  1.08	119	190	--  	      18605.09	
="000926"	福星股份	1.35	8.28	0.11	8.27	8.28	181338	2792	         -0.12	          3.43	8.23	8.32	8.10	8.17	     7.63	149227600	  0.53	区域地产	湖北	 2.69	8.23	88811	92527	  0.96	465	292	--  	      52853.94	
="000543"	皖能电力	1.31	8.48	0.11	8.47	8.48	175997	1173	          0.11	          1.72	8.41	8.48	8.30	8.37	     9.44	147967232	  0.72	火力发电	安徽	 2.15	8.41	92505	83492	  1.11	2500	2383	--  	     102515.75	
="600415"	小商品城	1.30	7.02	0.09	7.02	7.03	173170	7	          0.14	          0.64	6.93	7.05	6.86	6.93	    44.64	120323968	  0.68	商品城	浙江	 2.74	6.95	93563	79607	  1.18	609	1331	--  	     272160.72	
="000863"	三湘股份	1.27	7.17	0.09	7.16	7.17	58156	534	          0.13	          3.33	7.10	7.34	7.09	7.08	   121.48	41818520	  0.97	区域地产	上海	 3.53	7.19	31544	26612	  1.19	773	2679	--  	      17462.02	
="002560"	通达股份	1.25	20.22	0.25	20.22	20.24	16935	337	         -0.09	          3.71	19.96	20.37	19.67	19.97	    79.91	34085116	  0.64	电气设备	河南	 3.51	20.13	7385	9550	  0.77	48	35	--  	       4567.37	
="601177"	杭齿前进	1.25	8.92	0.11	8.91	8.92	43304	110	          0.11	          1.08	8.80	8.94	8.72	8.81	   116.82	38261728	  0.77	机械基件	浙江	 2.50	8.84	22111	21193	  1.04	100	139	--  	      40006.00	
="600609"	金杯汽车	1.24	4.07	0.05	4.06	4.07	157792	80	          0.49	          1.44	4.04	4.08	3.97	4.02	--  	63798640	  0.77	汽车整车	辽宁	 2.74	4.04	72459	85333	  0.85	161	2477	--  	     109266.71	
="600082"	海泰发展	1.24	6.54	0.08	6.54	6.55	229203	20	          0.30	          3.64	6.51	6.59	6.33	6.46	    57.85	148907712	  0.81	园区开发	天津	 4.02	6.50	108618	120585	  0.90	165	499	--  	      62998.89	
="600708"	海博股份	1.24	9.00	0.11	8.98	8.99	75351	10	          0.22	          1.48	8.87	9.05	8.87	8.89	    32.37	67554768	  0.69	公共交通	上海	 2.02	8.97	33901	41450	  0.82	133	52	--  	      50838.26	
="600114"	东睦股份	1.22	15.79	0.19	15.75	15.79	26017	10	         -0.06	          1.57	15.81	15.81	15.50	15.60	    45.12	40712004	  0.67	机械基件	浙江	 1.99	15.65	12505	13512	  0.93	29	36	--  	      16601.69	
="600812"	华北制药	1.20	6.73	0.08	6.72	6.73	117222	20	          0.14	          1.14	6.71	6.75	6.65	6.65	   365.70	78515600	  0.88	化学制药	河北	 1.50	6.70	74716	42506	  1.76	538	1021	--  	     102857.75	
="600496"	精工钢构	1.20	10.13	0.12	10.14	10.15	48149	33	          0.09	          0.82	10.03	10.15	9.90	10.01	    24.53	48092840	  0.66	钢加工	安徽	 2.50	9.99	21732	26417	  0.82	232	1783	--  	      58656.60	
="600481"	双良节能	1.19	11.04	0.13	11.03	11.04	166311	50	         -0.09	          2.05	10.96	11.13	10.84	10.91	    28.10	183155456	  1.30	化工原料	江苏	 2.66	11.01	91486	74825	  1.22	662	160	--  	      81010.45	
="000902"	新洋丰	1.19	14.44	0.17	14.44	14.45	50781	1169	         -0.06	          1.97	14.16	14.56	14.16	14.27	    15.15	73214824	  0.73	农药化肥	湖北	 2.80	14.42	28501	22280	  1.28	80	284	--  	      25800.00	
="600097"	开创国际	1.17	13.82	0.16	13.81	13.83	15614	74	          0.29	          1.35	13.63	13.99	13.57	13.66	    27.38	21502014	  0.59	渔业	上海	 3.07	13.77	7049	8565	  0.82	168	209	--  	      11544.99	
="002398"	建研集团	1.17	17.32	0.20	17.30	17.32	35432	290	          0.34	          1.85	17.17	17.56	17.08	17.12	    20.32	61131384	  0.75	建筑施工	福建	 2.80	17.25	18064	17368	  1.04	576	129	--  	      19113.78	
="601137"	博威合金	1.15	19.37	0.22	19.36	19.37	15448	10	         -0.10	          0.72	19.10	19.59	18.81	19.15	    61.56	29531222	  1.29	铜	浙江	 4.07	19.12	7780	7668	  1.01	26	20	--  	      21500.00	
="002264"	新 华 都	1.14	8.89	0.10	8.88	8.89	90650	1634	          0.22	          1.79	8.81	8.89	8.71	8.79	    75.65	79764184	  0.51	超市连锁	福建	 2.05	8.80	44604	46046	  0.97	369	1741	--  	      50638.42	
="002572"	索菲亚	1.13	23.24	0.26	23.23	23.24	21692	1774	          0.08	          0.86	23.00	23.25	22.39	22.98	    38.80	49557136	  1.16	家居用品	广东	 3.74	22.84	9239	12453	  0.74	49	280	--  	      25138.69	
="600165"	新日恒力	1.12	9.91	0.11	9.90	9.91	60257	50	          0.00	          3.11	9.82	10.09	9.70	9.80	--  	59750152	  1.43	钢加工	宁夏	 3.98	9.92	32751	27506	  1.19	428	126	--  	      19395.34	
="000514"	渝 开 发	1.08	6.57	0.07	6.56	6.57	145563	1601	          0.30	          1.73	6.43	6.70	6.34	6.50	    34.32	94490872	  0.84	区域地产	重庆	 5.54	6.49	66688	78875	  0.85	198	555	--  	      84377.09	
="002293"	罗莱家纺	1.07	25.61	0.27	25.61	25.63	20716	185	          0.19	          0.74	25.21	25.61	25.18	25.34	    19.49	52542764	  0.62	服饰	江苏	 1.70	25.36	12844	7872	  1.63	21	101	--  	      28072.61	
="601113"	华鼎股份	1.06	5.74	0.06	5.73	5.74	33905	1	          0.17	          0.53	5.68	5.78	5.68	5.68	  1471.79	19397298	  0.45	化纤	浙江	 1.76	5.72	18858	15047	  1.25	513	139	--  	      64000.00	
="600419"	天润乳业	1.06	22.97	0.24	22.97	22.98	23775	10	         -0.04	          2.97	22.65	23.50	22.65	22.73	   108.05	55248452	  1.98	乳制品	新疆	 3.74	23.24	9452	14323	  0.66	128	150	--  	       8016.00	
="600843"	上工申贝	1.05	13.44	0.14	13.44	13.45	50857	36	         -0.07	          2.48	13.32	13.54	12.98	13.30	    89.51	67404744	  0.82	纺织机械	上海	 4.21	13.25	27382	23475	  1.17	97	207	--  	      20494.30	
="600985"	雷鸣科化	1.05	16.33	0.17	16.32	16.33	15694	6	          0.06	          1.21	16.25	16.40	16.03	16.16	    23.56	25330454	  1.04	化工原料	安徽	 2.29	16.14	8325	7369	  1.13	14	56	--  	      12960.00	
="002691"	石中装备	1.05	15.39	0.16	15.38	15.39	28443	429	         -0.06	          4.31	15.24	15.41	14.96	15.23	    88.99	43076800	  0.71	专用机械	河北	 2.95	15.14	15763	12680	  1.24	97	169	--  	       6596.93	
="000563"	陕国投Ａ	1.01	8.99	0.09	8.99	9.00	346203	3869	          0.22	          4.60	8.97	9.08	8.71	8.90	    33.54	307260672	  0.88	多元金融	陕西	 4.16	8.88	185339	160864	  1.15	831	5630	--  	      75266.72	
="002470"	金正大	1.00	26.24	0.26	26.21	26.24	38433	600	          0.11	          0.65	25.98	26.26	25.46	25.98	    16.90	99368848	  0.93	农药化肥	山东	 3.08	25.86	17509	20924	  0.84	2	25	--  	      59254.00	
="600533"	栖霞建设	1.00	4.04	0.04	4.03	4.04	77176	120	          0.00	          0.74	4.00	4.04	3.98	4.00	    41.10	31029200	  0.53	区域地产	江苏	 1.50	4.02	39799	37377	  1.06	2527	1250	--  	     105000.00	
="000837"	秦川机床	1.00	11.13	0.11	11.13	11.14	83308	900	          0.08	          3.26	11.02	11.18	10.90	11.02	  2370.06	91836032	  0.61	机床制造	陕西	 2.54	11.02	44602	38706	  1.15	595	99	--  	      25558.96	
="600223"	鲁商置业	0.98	5.17	0.05	5.17	5.18	168884	40	          0.19	          1.69	5.12	5.25	5.00	5.12	    31.34	86964456	  1.00	区域地产	山东	 4.88	5.15	76573	92311	  0.83	245	1253	--  	     100096.79	
="002598"	山东章鼓	0.97	10.37	0.10	10.37	10.38	57601	888	          0.09	          2.19	10.19	10.37	10.19	10.27	    40.98	59128164	  0.41	机械基件	山东	 1.75	10.27	31911	25690	  1.24	175	398	--  	      26322.46	
="002007"	华兰生物	0.96	33.82	0.32	33.82	33.83	100383	1897	          0.50	          1.74	33.50	33.82	32.81	33.50	    34.89	335408896	  0.84	生物制药	河南	 3.01	33.41	56152	44231	  1.27	34	41	--  	      57686.69	
="600728"	佳都科技	0.95	15.91	0.15	15.92	15.93	62908	2	          0.25	          1.73	15.76	16.18	15.75	15.76	   511.84	100346896	  0.70	软件服务	广东	 2.73	15.95	24044	38864	  0.62	1	37	--  	      36280.03	
="600657"	信达地产	0.95	4.25	0.04	4.24	4.25	148278	92	          0.00	          0.97	4.21	4.28	4.16	4.21	    19.37	62623616	  1.05	全国地产	北京	 2.85	4.22	91539	56739	  1.61	1380	2830	--  	     152426.05	
="600881"	亚泰集团	0.93	5.43	0.05	5.42	5.43	324052	50	          0.55	          1.71	5.39	5.49	5.31	5.38	    48.09	174440448	  0.80	水泥	吉林	 3.35	5.38	184179	139873	  1.32	1384	1198	--  	     189473.20	
="000632"	三木集团	0.91	6.62	0.06	6.62	6.63	97454	1969	          0.15	          2.10	6.55	6.65	6.52	6.56	   407.48	64345192	  0.43	综合类	福建	 1.98	6.60	47941	49513	  0.97	211	1129	--  	      46505.91	
="000752"	西藏发展	0.86	14.09	0.12	14.08	14.09	59804	1300	          0.14	          2.27	14.04	14.14	13.75	13.97	   205.44	83754128	  0.43	啤酒	西藏	 2.79	14.00	29816	29988	  0.99	110	97	--  	      26375.01	
="601700"	风范股份	0.85	16.52	0.14	16.53	16.54	36167	10	          0.60	          1.53	16.48	16.58	16.24	16.38	    33.45	59396664	  0.90	电气设备	江苏	 2.08	16.42	17734	18433	  0.96	30	50	--  	      23576.84	
="600400"	红豆股份	0.85	5.92	0.05	5.92	5.93	147207	240	          0.00	          2.63	5.87	5.95	5.78	5.87	   107.38	86620880	  0.53	服饰	江苏	 2.90	5.88	66098	81109	  0.81	20	821	--  	      56039.96	
="600802"	福建水泥	0.84	8.41	0.07	8.42	8.43	145557	454	          0.00	          3.81	8.35	8.48	8.22	8.34	--  	122050232	  0.66	水泥	福建	 3.12	8.39	70768	74789	  0.95	293	766	--  	      38187.37	
="002557"	洽洽食品	0.81	21.03	0.17	21.01	21.03	79409	1878	          0.23	          2.35	20.86	21.17	20.56	20.86	    25.81	166125280	  1.34	食品	安徽	 2.92	20.92	26936	52473	  0.51	10	1413	--  	      33800.00	
="002041"	登海种业	0.78	34.95	0.27	34.94	34.95	20714	216	          0.08	          0.63	34.99	35.32	34.28	34.68	    57.47	71988208	  0.74	种植业	山东	 3.00	34.75	11926	8788	  1.36	392	62	--  	      32943.82	
="600713"	南京医药	0.76	7.94	0.06	7.94	7.95	98543	3	          0.25	          1.42	7.85	7.94	7.81	7.88	    80.95	77536784	  0.67	医药连锁	江苏	 1.65	7.87	44174	54369	  0.81	305	1402	--  	      69358.07	
="002496"	辉丰股份	0.76	18.64	0.14	18.63	18.64	27161	641	          0.43	          1.47	18.31	18.68	18.08	18.50	    28.46	49979724	  0.63	农药化肥	江苏	 3.24	18.40	13925	13236	  1.05	248	11	--  	      18456.77	
="000701"	厦门信达	0.74	12.20	0.09	12.19	12.20	50900	743	          0.08	          2.12	12.17	12.28	12.10	12.11	    42.97	61971616	  0.54	综合类	福建	 1.49	12.18	26644	24256	  1.10	212	111	--  	      24024.32	
="300259"	新天科技	0.74	16.29	0.12	16.25	16.29	52360	595	          0.55	          3.68	16.50	16.98	15.92	16.17	    48.14	85721912	  1.42	电器仪表	河南	 6.56	16.37	27647	24713	  1.12	16	135	--  	      14223.29	
="600380"	健康元	0.73	6.89	0.05	6.88	6.89	74953	83	          0.14	          0.48	6.84	6.92	6.83	6.84	    26.35	51519660	  0.63	化学制药	深圳	 1.32	6.87	42214	32739	  1.29	640	412	--  	     154583.59	
="002161"	远 望 谷	0.70	8.66	0.06	8.66	8.67	154660	992	          0.23	          2.23	8.59	8.77	8.55	8.60	   457.24	134005616	  0.62	通信设备	深圳	 2.56	8.66	81736	72924	  1.12	525	1345	--  	      69472.39	
="300346"	南大光电	0.67	40.72	0.27	40.60	40.72	12866	279	          0.02	          3.59	40.40	40.99	40.01	40.45	    86.09	52023828	  0.55	半导体	江苏	 2.42	40.43	6975	5891	  1.18	4	29	--  	       3584.05	
="002026"	山东威达	0.67	10.57	0.07	10.56	10.57	22823	86	          0.00	          1.00	10.51	10.66	10.45	10.50	    33.75	24073446	  0.58	机械基件	山东	 2.00	10.55	12821	10002	  1.28	101	367	--  	      22815.00	
="600864"	哈投股份	0.64	9.40	0.06	9.40	9.41	120681	61	          0.10	          2.21	9.40	9.49	9.21	9.34	   118.27	112611512	  1.11	火力发电	黑龙江	 3.00	9.33	67392	53289	  1.26	130	138	--  	      54637.82	
="600375"	华菱星马	0.62	13.02	0.08	13.01	13.03	126172	150	         -0.22	          2.53	12.95	13.10	12.78	12.94	    51.56	163257104	  0.68	汽车整车	安徽	 2.47	12.94	62061	64111	  0.97	337	10	--  	      49788.89	
="000507"	珠海港	0.58	6.95	0.04	6.95	6.96	495795	4455	          0.00	          6.42	6.90	7.04	6.77	6.91	--  	342435136	  0.64	港口	广东	 3.91	6.91	264909	230886	  1.15	2289	3952	--  	      77214.38	
="002259"	升达林业	0.58	6.98	0.04	6.97	6.98	167131	1537	          0.28	          2.75	6.93	6.98	6.78	6.94	   352.48	115260320	  0.86	家居用品	四川	 2.88	6.90	99223	67908	  1.46	597	888	--  	      60716.10	
="600078"	澄星股份	0.55	9.12	0.05	9.12	9.13	160179	15	         -0.10	          2.42	9.02	9.25	8.94	9.07	   168.30	145674064	  1.22	化工原料	江苏	 3.42	9.09	68970	91209	  0.76	408	312	--  	      66257.28	
="600800"	天津磁卡	0.53	7.58	0.04	7.56	7.58	147252	10	          0.53	          2.41	7.50	7.63	7.48	7.54	--  	111148088	  0.87	综合类	天津	 1.99	7.55	79154	68098	  1.16	389	30	--  	      61031.10	
="300090"	盛运股份	0.52	17.37	0.09	17.37	17.39	167085	987	          0.05	          4.45	17.28	17.95	17.08	17.28	    52.08	293163136	  0.95	专用机械	安徽	 5.03	17.55	85188	81897	  1.04	492	69	--  	      37541.26	
="300203"	聚光科技	0.52	21.25	0.11	21.25	21.28	48256	268	          0.18	          1.08	21.13	21.70	20.99	21.14	    64.49	102675352	  0.83	电器仪表	浙江	 3.36	21.28	25463	22793	  1.12	172	6	--  	      44500.00	
="300091"	金通灵	0.51	23.78	0.12	23.77	23.78	4728	246	          0.29	          0.37	23.70	23.81	23.31	23.66	   413.94	11144003	  0.49	机械基件	江苏	 2.11	23.57	2283	2445	  0.93	121	131	--  	      12639.70	
="300022"	吉峰农机	0.49	8.23	0.04	8.23	8.24	58105	252	          0.12	          1.84	8.21	8.34	8.17	8.19	--  	47843104	  0.47	其他连锁	四川	 2.08	8.23	34573	23532	  1.47	240	228	--  	      31565.72	
="002294"	信立泰	0.49	37.07	0.18	37.07	37.08	64256	508	          0.18	          2.24	37.10	37.98	36.45	36.89	    24.19	237876976	  1.42	化学制药	深圳	 4.15	37.02	36914	27342	  1.35	221	31	--  	      28698.46	
="601100"	恒立油缸	0.49	12.39	0.06	12.40	12.42	26385	5	          0.32	          1.07	12.24	12.59	12.23	12.33	    77.91	32828712	  0.45	工程机械	江苏	 2.92	12.44	12637	13748	  0.92	56	15	--  	      24727.50	
="300038"	梅泰诺	0.47	23.66	0.11	23.65	23.66	42001	341	          0.42	          3.92	23.60	23.83	23.01	23.55	    85.37	98344048	  1.22	通信设备	北京	 3.48	23.41	27117	14884	  1.82	67	107	--  	      10707.78	
="600466"	迪康药业	0.46	6.53	0.03	6.52	6.53	91081	20	          0.30	          2.07	6.50	6.56	6.44	6.50	   161.24	59264408	  0.87	中成药	四川	 1.85	6.51	51804	39277	  1.32	444	34	--  	      43900.58	
="601199"	江南水务	0.45	17.80	0.08	17.79	17.80	13146	1	         -0.11	          0.56	17.76	17.83	17.60	17.72	    26.57	23307742	  0.77	水务	江苏	 1.30	17.73	6813	6333	  1.08	47	0	--  	      23380.00	
="600731"	湖南海利	0.45	8.95	0.04	8.94	8.95	38542	4	          0.00	          1.51	8.90	8.99	8.80	8.91	   558.02	34213756	  0.94	农药化肥	湖南	 2.13	8.88	20370	18172	  1.12	98	50	--  	      25557.66	
="002676"	顺威股份	0.45	18.05	0.08	18.03	18.05	18436	151	          0.11	          4.31	18.00	18.41	17.90	17.97	    54.99	33364338	  0.81	塑料	广东	 2.84	18.10	10513	7923	  1.33	20	24	--  	       4275.22	
="002521"	齐峰新材	0.42	11.87	0.05	11.87	11.88	64242	321	          0.00	          2.09	11.85	11.91	11.76	11.82	    18.85	76063520	  0.83	造纸	山东	 1.27	11.84	39210	25032	  1.57	158	192	--  	      30760.26	
="002172"	澳洋科技	0.42	7.13	0.03	7.13	7.14	57596	1074	          0.00	          1.07	7.10	7.18	6.97	7.10	--  	40747004	  0.63	化纤	江苏	 2.96	7.07	29934	27662	  1.08	569	163	--  	      53754.96	
="300094"	国联水产	0.42	9.57	0.04	9.56	9.57	30570	809	          0.10	          0.87	9.53	9.68	9.50	9.53	    85.15	29219442	  0.44	渔业	广东	 1.89	9.56	15698	14872	  1.06	328	131	--  	      35072.21	
="600736"	苏州高新	0.39	5.14	0.02	5.15	5.16	222138	6	         -0.19	          2.10	5.13	5.16	5.08	5.12	    39.68	113610368	  0.43	园区开发	江苏	 1.56	5.11	121519	100619	  1.21	185	2114	--  	     105788.15	
="300019"	硅宝科技	0.39	18.07	0.07	18.06	18.07	12843	214	          0.11	          1.20	18.09	18.27	17.73	18.00	    37.47	23011322	  0.54	化工原料	四川	 3.00	17.92	7901	4942	  1.60	5	77	--  	      10745.41	
="600201"	金宇集团	0.37	35.56	0.13	35.58	35.64	12235	3	         -0.02	          0.44	35.40	35.85	35.17	35.43	    24.62	43387564	  0.70	生物制药	内蒙	 1.92	35.46	4953	7282	  0.68	22	36	--  	      28081.49	
="002536"	西泵股份	0.36	30.31	0.11	30.30	30.31	26056	140	          0.00	          5.87	29.93	30.87	29.60	30.20	    63.23	78662400	  0.73	汽车配件	河南	 4.21	30.19	14785	11271	  1.31	66	84	--  	       4438.20	
="002275"	桂林三金	0.35	20.23	0.07	20.22	20.23	55177	347	          0.09	          1.05	20.20	20.48	19.96	20.16	    27.43	111632072	  1.05	中成药	广西	 2.58	20.23	12406	42771	  0.29	145	15	--  	      52434.82	
="600727"	鲁北化工	0.33	6.01	0.02	6.00	6.01	49720	7	          0.33	          1.42	6.01	6.02	5.94	5.99	   193.81	29722544	  0.65	农药化肥	山东	 1.34	5.98	28778	20942	  1.37	168	372	--  	      35092.66	
="000816"	江淮动力	0.31	6.37	0.02	6.36	6.37	144606	4198	          0.31	          1.33	6.34	6.48	6.29	6.35	   160.90	91982488	  0.63	机械基件	江苏	 2.99	6.36	86567	58039	  1.49	574	986	--  	     108877.75	
="002073"	软控股份	0.30	13.31	0.04	13.31	13.32	203934	1723	          0.15	          3.30	13.31	13.48	13.09	13.27	    61.37	270624352	  0.61	软件服务	山东	 2.94	13.27	105682	98252	  1.08	1420	1078	--  	      61879.48	
="002457"	青龙管业	0.29	10.25	0.03	10.25	10.26	99814	2346	         -0.09	          3.94	10.20	10.34	10.12	10.22	    41.13	102222432	  0.76	塑料	宁夏	 2.15	10.24	53030	46784	  1.13	577	699	--  	      25365.41	
="002253"	川大智胜	0.29	35.00	0.10	35.00	35.02	53181	1194	          1.59	          4.23	35.24	35.24	32.70	34.90	   198.62	177779728	  1.53	软件服务	四川	 7.28	33.43	32674	20507	  1.59	451	3	--  	      12585.73	
="002620"	瑞和股份	0.27	18.25	0.05	18.25	18.27	12053	134	          0.49	          1.32	18.16	18.30	18.11	18.20	    36.48	21954416	  0.81	装修装饰	深圳	 1.04	18.21	6743	5310	  1.27	15	106	--  	       9100.98	
="000088"	盐 田 港	0.25	8.10	0.02	8.09	8.10	516969	7683	          0.00	          2.66	8.11	8.27	7.98	8.08	    34.20	419391296	  0.76	港口	深圳	 3.59	8.11	268965	248004	  1.08	883	3014	--  	     194212.78	
="600478"	科力远	0.24	24.73	0.06	24.68	24.73	31954	16	          0.20	          0.68	24.80	24.90	24.40	24.67	--  	78677536	  0.65	元器件	湖南	 2.03	24.62	17040	14914	  1.14	18	38	--  	      47223.51	
="002695"	煌上煌	0.24	33.58	0.08	33.58	33.61	22268	209	         -0.05	          5.19	33.30	33.63	33.00	33.50	    37.58	74134400	  1.08	食品	江西	 1.88	33.29	11872	10396	  1.14	68	30	--  	       4293.64	
="002168"	深圳惠程	0.21	9.41	0.02	9.41	9.42	146828	1847	          0.00	          2.58	9.40	9.56	9.32	9.39	--  	138688944	  0.56	电气设备	深圳	 2.56	9.45	82105	64723	  1.27	117	356	--  	      56803.58	
="002036"	宜科科技	0.21	9.68	0.02	9.68	9.69	60040	326	          0.00	          2.35	9.61	9.73	9.47	9.66	   172.85	57705216	  1.21	服饰	浙江	 2.69	9.61	27793	32247	  0.86	258	243	--  	      25515.15	
="300231"	银信科技	0.20	15.02	0.03	15.02	15.03	45293	176	          0.13	          2.91	14.88	15.12	14.77	14.99	    59.08	67828352	  0.46	软件服务	北京	 2.33	14.98	19906	25387	  0.78	9	133	--  	      15562.79	
="600781"	辅仁药业	0.19	20.83	0.04	20.81	20.82	27681	1	          0.48	          1.56	20.71	21.05	20.56	20.79	   168.79	57340316	  1.21	中成药	河南	 2.36	20.71	16047	11634	  1.38	21	122	--  	      17759.28	
="000936"	华西股份	0.19	5.40	0.01	5.39	5.40	131212	935	          0.18	          1.75	5.42	5.43	5.24	5.39	   102.85	70224048	  0.65	化纤	江苏	 3.53	5.35	73522	57690	  1.27	1506	2302	--  	      74768.59	
="002501"	利源精制	0.17	18.05	0.03	18.05	18.06	92337	770	          0.11	          2.75	18.00	18.19	17.80	18.02	    21.69	166017424	  0.69	铝	吉林	 2.16	17.98	50164	42173	  1.19	343	135	--  	      33565.53	
="002537"	海立美达	0.17	18.09	0.03	18.08	18.09	10190	37	         -0.05	          0.68	18.01	18.17	17.85	18.06	    83.92	18355636	  0.80	机械基件	山东	 1.77	18.01	5987	4203	  1.42	12	62	--  	      15000.00	
="002350"	北京科锐	0.14	14.30	0.02	14.30	14.31	31167	699	          0.56	          1.43	14.20	14.38	13.91	14.28	    56.40	44099640	  0.77	电气设备	北京	 3.29	14.15	16565	14602	  1.13	45	3	--  	      21821.63	
="300099"	尤洛卡	0.14	14.72	0.02	14.71	14.72	28895	116	         -0.13	          2.67	14.70	14.92	14.56	14.70	   185.45	42690312	  0.71	电器仪表	山东	 2.45	14.77	15072	13823	  1.09	347	5	--  	      10838.75	
="600693"	东百集团	0.12	8.55	0.01	8.55	8.56	58622	6	          0.23	          1.71	8.57	8.63	8.44	8.54	    12.85	49889020	  0.74	百货	福建	 2.22	8.51	37940	20682	  1.83	141	221	--  	      34216.55	
="001896"	豫能控股	0.11	9.19	0.01	9.18	9.19	47069	784	          0.32	          1.09	9.18	9.29	9.05	9.18	    14.13	43226100	  0.80	火力发电	河南	 2.61	9.18	29860	17209	  1.74	504	134	--  	      42999.25	
="300196"	长海股份	0.10	19.90	0.02	19.90	19.91	15356	308	          0.50	          1.41	20.00	20.00	19.30	19.88	    26.85	29968556	  0.62	玻璃	江苏	 3.52	19.51	9443	5913	  1.60	164	5	--  	      10918.94	
="002511"	中顺洁柔	0.09	10.94	0.01	10.79	10.94	71138	3555	          2.05	          1.76	10.87	11.00	10.63	10.93	    65.31	76711912	  0.83	造纸	广东	 3.39	10.78	50238	20900	  2.40	200	167	--  	      40451.92	
="002086"	东方海洋	0.09	11.09	0.01	11.09	11.10	43140	466	         -0.09	          1.81	10.98	11.14	10.91	11.08	    54.19	47554652	  0.51	渔业	山东	 2.08	11.02	24896	18244	  1.36	271	260	--  	      23780.85	
="000981"	银亿股份	0.08	11.81	0.01	11.78	11.81	22997	279	          0.68	          0.27	11.86	11.95	11.54	11.80	    21.64	26930436	  0.58	区域地产	甘肃	 3.47	11.71	11914	11083	  1.07	64	7	--  	      85810.52	
="002687"	乔治白	0.08	11.96	0.01	11.95	11.96	25574	394	          0.00	          3.67	11.92	12.00	11.80	11.95	    42.56	30486054	  0.93	服饰	浙江	 1.67	11.92	13551	12023	  1.13	110	1332	--  	       6961.27	
="600291"	西水股份	0.07	14.00	0.01	13.99	14.00	82611	20	          0.14	          2.15	14.05	14.19	13.80	13.99	    17.56	115260912	  0.89	水泥	内蒙	 2.79	13.95	44847	37764	  1.19	22	295	--  	      38400.00	
="002615"	哈尔斯	0.03	30.60	0.01	30.60	30.61	16165	200	          0.00	          3.17	30.64	30.84	30.10	30.59	    36.93	49277972	  0.69	家居用品	浙江	 2.42	30.48	8370	7795	  1.07	144	58	--  	       5106.25	
="601928"	凤凰传媒	0.00	10.71	0.00	--  	--  	0	0	          0.00	          0.00	--  	--  	--  	10.71	    27.84	0	  0.00	出版业	江苏	 0.00	10.71	0	0	--  	0	0	--  	      65788.35	
="601007"	金陵饭店	0.00	11.92	0.00	11.91	11.93	24631	10	         -0.08	          0.82	11.86	12.05	11.73	11.92	   136.37	29293982	  0.48	酒店餐饮	江苏	 2.68	11.89	11927	12704	  0.94	44	139	--  	      30000.00	
="600986"	科达股份	0.00	7.05	0.00	--  	--  	0	0	          0.00	          0.00	--  	--  	--  	7.05	    36.88	0	  0.00	建筑施工	山东	 0.00	7.05	0	0	--  	0	0	--  	      33526.96	
="600981"	汇鸿股份	0.00	4.21	0.00	--  	--  	0	0	          0.00	          0.00	--  	--  	--  	4.21	    92.48	0	  0.00	商贸代理	江苏	 0.00	4.21	0	0	--  	0	0	--  	      51610.64	
="600876"	洛阳玻璃	0.00	7.24	0.00	--  	--  	0	0	          0.00	          0.00	--  	--  	--  	7.24	   374.48	0	  0.00	玻璃	河南	 0.00	7.24	0	0	--  	0	0	--  	      25001.82	
="600792"	云煤能源	0.00	6.26	0.00	--  	--  	0	0	          0.00	          0.00	--  	--  	--  	6.26	   868.05	0	  0.00	焦炭加工	云南	 0.00	6.26	0	0	--  	0	0	--  	      80045.00	
="600749"	西藏旅游	0.00	12.18	0.00	--  	--  	0	0	          0.00	          0.00	--  	--  	--  	12.18	  1161.76	0	  0.00	旅游景点	西藏	 0.00	12.18	0	0	--  	0	0	--  	      18913.78	
="600575"	皖江物流	0.00	4.11	0.00	--  	--  	0	0	          0.00	          0.00	--  	--  	--  	4.11	--  	0	  0.00	港口	安徽	 0.00	4.11	0	0	--  	0	0	--  	     142320.00	
="600569"	安阳钢铁	0.00	2.32	0.00	--  	--  	0	0	          0.00	          0.00	--  	--  	--  	2.32	    78.40	0	  0.00	普钢	河南	 0.00	2.32	0	0	--  	0	0	--  	     239368.45	
="600517"	置信电气	0.00	12.45	0.00	--  	--  	0	0	          0.00	          0.00	--  	--  	--  	12.45	    84.39	0	  0.00	电气设备	上海	 0.00	12.45	0	0	--  	0	0	--  	     111366.89	
="600497"	驰宏锌锗	0.00	10.39	0.00	--  	--  	0	0	          0.00	          0.00	--  	--  	--  	10.39	    84.98	0	  0.00	铅锌	云南	 0.00	10.39	0	0	--  	0	0	--  	     166756.09	
="600369"	西南证券	0.00	10.54	0.00	--  	--  	0	0	          0.00	          0.00	--  	--  	--  	10.54	    25.05	0	  0.00	证券	重庆	 0.00	10.54	0	0	--  	0	0	--  	     232255.45	
="600365"	通葡股份	0.00	11.38	0.00	--  	--  	0	0	          0.00	          0.00	--  	--  	--  	11.38	  5686.21	0	  0.00	红黄药酒	吉林	 0.00	11.38	0	0	--  	0	0	--  	      14000.00	
="600318"	巢东股份	0.00	11.20	0.00	--  	--  	0	0	          0.00	          0.00	--  	--  	--  	11.20	    17.93	0	  0.00	水泥	安徽	 0.00	11.20	0	0	--  	0	0	--  	      24200.00	
="600300"	维维股份	0.00	5.65	0.00	--  	--  	0	0	          0.00	          0.00	--  	--  	--  	5.65	    83.78	0	  0.00	软饮料	江苏	 0.00	5.65	0	0	--  	0	0	--  	     167200.00	
="600241"	时代万恒	0.00	8.28	0.00	--  	--  	0	0	          0.00	          0.00	--  	--  	--  	8.28	--  	0	  0.00	商贸代理	辽宁	 0.00	8.28	0	0	--  	0	0	--  	      18020.00	
="600105"	永鼎股份	0.00	9.86	0.00	--  	--  	0	0	          0.00	          0.00	--  	--  	--  	9.86	    22.23	0	  0.00	通信设备	江苏	 0.00	9.86	0	0	--  	0	0	--  	      38095.46	
="600103"	青山纸业	0.00	3.66	0.00	--  	--  	0	0	          0.00	          0.00	--  	--  	--  	3.66	   601.14	0	  0.00	造纸	福建	 0.00	3.66	0	0	--  	0	0	--  	     106184.15	
="600091"	ST明科	0.00	7.02	0.00	--  	--  	0	0	          0.00	          0.00	--  	--  	--  	7.02	--  	0	  0.00	化工原料	内蒙	 0.00	7.02	0	0	--  	0	0	--  	      33652.60	
="600090"	啤酒花	0.00	8.13	0.00	--  	--  	0	0	          0.00	          0.00	--  	--  	--  	8.13	    36.46	0	  0.00	啤酒	新疆	 0.00	8.13	0	0	--  	0	0	--  	      36791.66	
="300332"	天壕节能	--  	0.00	--  	--  	--  	0	0	--  	          0.00	--  	--  	--  	14.06	    40.57	0	  0.00	环境保护	北京	 0.00	14.06	0	0	--  	0	0	--  	      22666.75	
="300313"	天山生物	--  	0.00	--  	--  	--  	0	0	--  	          0.00	--  	--  	--  	23.69	   258.62	0	  0.00	农业综合	新疆	 0.00	23.69	0	0	--  	0	0	--  	       4177.81	
="300230"	永利带业	--  	0.00	--  	--  	--  	0	0	--  	          0.00	--  	--  	--  	9.63	    29.42	0	  0.00	塑料	上海	 0.00	9.63	0	0	--  	0	0	--  	      10127.07	
="300189"	神农大丰	--  	0.00	--  	--  	--  	0	0	--  	          0.00	--  	--  	--  	7.86	--  	0	  0.00	种植业	海南	 0.00	7.86	0	0	--  	0	0	--  	      33498.87	
="300072"	三聚环保	--  	0.00	--  	--  	--  	0	0	--  	          0.00	--  	--  	--  	27.13	    36.92	0	  0.00	化工原料	北京	 0.00	27.13	0	0	--  	0	0	--  	      45855.16	
="300013"	新宁物流	--  	0.00	--  	--  	--  	0	0	--  	          0.00	--  	--  	--  	9.26	   131.57	0	  0.00	仓储物流	江苏	 0.00	9.26	0	0	--  	0	0	--  	      18000.00	
="002658"	雪迪龙	0.00	27.11	0.00	27.10	27.11	31509	206	          0.00	          4.20	27.10	27.23	26.61	27.11	    45.70	84797712	  0.92	电器仪表	北京	 2.29	26.91	17973	13536	  1.33	83	150	--  	       7494.56	
="002608"	舜天船舶	--  	0.00	--  	--  	--  	0	0	--  	          0.00	--  	--  	--  	12.79	    86.27	0	  0.00	船舶	江苏	 0.00	12.79	0	0	--  	0	0	--  	      32855.16	
="002558"	世纪游轮	--  	0.00	--  	--  	--  	0	0	--  	          0.00	--  	--  	--  	31.65	   271.60	0	  0.00	旅游服务	重庆	 0.00	31.65	0	0	--  	0	0	--  	       3244.39	
="002547"	春兴精工	0.00	18.16	0.00	18.15	18.16	56392	1321	         -0.05	          3.92	18.10	18.35	17.90	18.16	    50.53	101853280	  0.49	通信设备	江苏	 2.48	18.06	33633	22759	  1.48	319	467	--  	      14378.58	
="002534"	杭锅股份	--  	0.00	--  	--  	--  	0	0	--  	          0.00	--  	--  	--  	19.00	    58.39	0	  0.00	专用机械	浙江	 0.00	19.00	0	0	--  	0	0	--  	      39168.26	
="002529"	海源机械	--  	0.00	--  	--  	--  	0	0	--  	          0.00	--  	--  	--  	15.03	--  	0	  0.00	专用机械	福建	 0.00	15.03	0	0	--  	0	0	--  	      15608.25	
="002509"	天广消防	--  	0.00	--  	--  	--  	0	0	--  	          0.00	--  	--  	--  	12.27	    51.77	0	  0.00	专用机械	福建	 0.00	12.27	0	0	--  	0	0	--  	      23109.89	
="002485"	希努尔	--  	0.00	--  	--  	--  	0	0	--  	          0.00	--  	--  	--  	10.13	--  	0	  0.00	服饰	山东	 0.00	10.13	0	0	--  	0	0	--  	      32000.00	
="002426"	胜利精密	--  	0.00	--  	--  	--  	0	0	--  	          0.00	--  	--  	--  	11.26	    68.41	0	  0.00	元器件	江苏	 0.00	11.26	0	0	--  	0	0	--  	      35306.58	
="002370"	亚太药业	0.00	17.43	0.00	17.41	17.43	26656	49	          0.05	          1.85	17.42	17.86	17.25	17.43	    95.31	46775772	  0.83	化学制药	浙江	 3.50	17.55	15337	11319	  1.35	100	407	--  	      14417.91	
="002324"	普利特	--  	0.00	--  	--  	--  	0	0	--  	          0.00	--  	--  	--  	19.90	    26.33	0	  0.00	塑料	上海	 0.00	19.90	0	0	--  	0	0	--  	      15582.66	
="002323"	中联电气	--  	0.00	--  	--  	--  	0	0	--  	          0.00	--  	--  	--  	21.95	   130.92	0	  0.00	电气设备	江苏	 0.00	21.95	0	0	--  	0	0	--  	       8350.16	
="002103"	广博股份	--  	0.00	--  	--  	--  	0	0	--  	          0.00	--  	--  	--  	10.18	   172.72	0	  0.00	文教休闲	浙江	 0.00	10.18	0	0	--  	0	0	--  	      17095.44	
="002084"	海鸥卫浴	--  	0.00	--  	--  	--  	0	0	--  	          0.00	--  	--  	--  	7.60	    89.04	0	  0.00	家居用品	广东	 0.00	7.60	0	0	--  	0	0	--  	      40605.57	
="002044"	江苏三友	--  	0.00	--  	--  	--  	0	0	--  	          0.00	--  	--  	--  	10.04	    43.13	0	  0.00	服饰	江苏	 0.00	10.04	0	0	--  	0	0	--  	      22410.00	
="002013"	中航机电	--  	0.00	--  	--  	--  	0	0	--  	          0.00	--  	--  	--  	22.15	    51.08	0	  0.00	汽车配件	湖北	 0.00	22.15	0	0	--  	0	0	--  	      29285.81	
="002009"	天奇股份	--  	0.00	--  	--  	--  	0	0	--  	          0.00	--  	--  	--  	16.30	    47.89	0	  0.00	工程机械	江苏	 0.00	16.30	0	0	--  	0	0	--  	      25991.22	
="002006"	*ST精功	--  	0.00	--  	--  	--  	0	0	--  	          0.00	--  	--  	--  	8.75	--  	0	  0.00	工程机械	浙江	 0.00	8.75	0	0	--  	0	0	--  	      43677.89	
="000920"	南方汇通	--  	0.00	--  	--  	--  	0	0	--  	          0.00	--  	--  	--  	13.23	    31.50	0	  0.00	运输设备	贵州	 0.00	13.23	0	0	--  	0	0	--  	      42200.00	
="000796"	易食股份	--  	0.00	--  	--  	--  	0	0	--  	          0.00	--  	--  	--  	7.23	    95.94	0	  0.00	食品	陕西	 0.00	7.23	0	0	--  	0	0	--  	      24652.30	
="000795"	太原刚玉	--  	0.00	--  	--  	--  	0	0	--  	          0.00	--  	--  	--  	10.92	--  	0	  0.00	矿物制品	山西	 0.00	10.92	0	0	--  	0	0	--  	      27679.44	
="000710"	天兴仪表	--  	0.00	--  	--  	--  	0	0	--  	          0.00	--  	--  	--  	13.60	--  	0	  0.00	汽车配件	四川	 0.00	13.60	0	0	--  	0	0	--  	      15120.00	
="000627"	天茂集团	--  	0.00	--  	--  	--  	0	0	--  	          0.00	--  	--  	--  	4.10	    28.37	0	  0.00	化工原料	湖北	 0.00	4.10	0	0	--  	0	0	--  	     135358.98	
="000533"	万 家 乐	--  	0.00	--  	--  	--  	0	0	--  	          0.00	--  	--  	--  	5.97	    35.25	0	  0.00	家用电器	广东	 0.00	5.97	0	0	--  	0	0	--  	      68487.71	
="000525"	红 太 阳	--  	0.00	--  	--  	--  	0	0	--  	          0.00	--  	--  	--  	15.92	    15.22	0	  0.00	农药化肥	江苏	 0.00	15.92	0	0	--  	0	0	--  	      50698.30	
="000498"	山东路桥	--  	0.00	--  	--  	--  	0	0	--  	          0.00	--  	--  	--  	4.64	    27.67	0	  0.00	建筑施工	山东	 0.00	4.64	0	0	--  	0	0	--  	      35417.01	
="000415"	渤海租赁	--  	0.00	--  	--  	--  	0	0	--  	          0.00	--  	--  	--  	10.28	    19.57	0	  0.00	多元金融	新疆	 0.00	10.28	0	0	--  	0	0	--  	     126917.42	
="600086"	东方金钰	-0.04	25.15	-0.01	25.16	25.17	46330	10	          0.19	          1.32	25.18	25.38	24.81	25.16	    77.78	116282440	  1.47	服饰	湖北	 2.27	25.10	24797	21533	  1.15	62	7	--  	      35228.17	
="600138"	中青旅	-0.06	17.72	-0.01	17.72	17.73	250158	15	          0.05	          4.02	18.10	18.57	17.62	17.73	    31.95	450671616	  1.24	旅游服务	北京	 5.36	18.02	132209	117949	  1.12	58	362	--  	      62302.50	
="000545"	金浦钛业	-0.07	14.17	-0.01	14.17	14.18	51516	536	          0.00	          3.29	14.25	14.34	13.86	14.18	    95.19	72459680	  0.64	化工原料	吉林	 3.39	14.07	25571	25945	  0.99	48	274	--  	      15637.36	
="600337"	美克家居	-0.11	8.78	-0.01	8.77	8.79	38431	67	          0.00	          0.60	8.74	8.86	8.71	8.79	    28.59	33672304	  0.60	家居用品	新疆	 1.71	8.76	21620	16811	  1.29	558	50	--  	      63833.23	
="000650"	仁和药业	-0.14	7.38	-0.01	7.38	7.39	125638	1608	          0.00	          1.27	7.39	7.45	7.27	7.39	    27.39	92190720	  0.77	中成药	江西	 2.44	7.34	80417	45221	  1.78	1185	1247	--  	      99040.99	
="000601"	韶能股份	-0.16	6.08	-0.01	6.07	6.08	301933	2126	          0.33	          3.04	6.12	6.20	5.95	6.09	    18.55	182026224	  0.72	火力发电	广东	 4.11	6.03	175575	126358	  1.39	487	1387	--  	      99398.67	
="600215"	长春经开	-0.17	5.84	-0.01	5.83	5.84	73299	40	          0.34	          1.58	5.85	5.89	5.77	5.85	--  	42647812	  0.41	园区开发	吉林	 2.05	5.82	45056	28243	  1.60	712	330	--  	      46503.28	
="300055"	万邦达	-0.19	37.55	-0.07	37.55	37.59	14539	222	          0.13	          0.85	38.00	38.19	37.20	37.62	    61.98	54621476	  0.61	环境保护	北京	 2.63	37.57	7946	6593	  1.21	103	22	--  	      17184.46	
="002661"	克明面业	-0.19	41.22	-0.08	41.22	41.23	10682	222	          0.12	          5.00	41.10	41.25	40.11	41.30	    41.48	43633404	  0.73	食品	湖南	 2.76	40.85	5647	5035	  1.12	3	34	--  	       2135.75	
="002479"	富春环保	-0.20	9.99	-0.02	9.98	9.99	115806	370	          0.00	          1.58	10.01	10.10	9.77	10.01	    40.41	114726600	  0.95	火力发电	浙江	 3.30	9.91	72299	43507	  1.66	298	422	--  	      73141.99	
="002448"	中原内配	-0.23	17.13	-0.04	17.13	17.14	33477	349	          0.00	          1.87	17.05	17.39	16.93	17.17	    20.72	57241756	  0.30	运输设备	河南	 2.68	17.10	19481	13996	  1.39	327	368	--  	      17946.90	
="002187"	广百股份	-0.26	11.52	-0.03	11.51	11.52	30840	327	         -0.08	          0.92	11.50	11.66	11.36	11.55	    17.99	35432688	  0.93	百货	广东	 2.60	11.49	18219	12621	  1.44	10	232	--  	      33572.48	
="002027"	七喜控股	-0.32	9.32	-0.03	9.32	9.33	52606	1450	          0.53	          2.59	9.35	9.55	9.25	9.35	  2058.96	49252180	  0.81	电脑设备	广东	 3.21	9.36	30535	22071	  1.38	103	10	--  	      20348.88	
="600993"	马应龙	-0.32	21.53	-0.07	21.52	21.53	60260	10	          0.09	          1.82	21.66	21.80	21.17	21.60	    29.76	129105016	  0.77	中成药	湖北	 2.92	21.42	35301	24959	  1.41	287	25	--  	      33087.71	
="600161"	天坛生物	-0.37	26.97	-0.10	26.96	26.97	61254	110	          0.48	          1.19	27.14	27.44	26.65	27.07	    40.61	164883632	  1.05	生物制药	北京	 2.92	26.92	31098	30156	  1.03	114	405	--  	      51546.69	
="300138"	晨光生物	-0.40	12.43	-0.05	12.43	12.44	28973	216	          0.08	          2.30	12.51	12.62	12.38	12.48	   130.75	36122488	  0.63	食品	河北	 1.92	12.47	18178	10795	  1.68	755	3	--  	      12608.41	
="002680"	黄海机械	-0.41	34.01	-0.14	34.01	34.04	3233	8	         -0.08	          1.35	33.92	34.50	33.80	34.15	   147.47	10998152	  0.54	工程机械	江苏	 2.05	34.02	2184	1049	  2.08	14	107	--  	       2399.22	
="002622"	永大集团	-0.51	17.61	-0.09	17.61	17.62	17487	227	          0.17	          1.81	17.80	18.00	17.44	17.70	    75.84	30782514	  0.92	电气设备	吉林	 3.16	17.60	11334	6153	  1.84	23	55	--  	       9653.75	
="002650"	加加食品	-0.51	13.53	-0.07	13.52	13.53	85747	595	          0.14	          3.82	13.55	13.98	13.15	13.60	    41.16	114403728	  0.80	食品	湖南	 6.10	13.34	53688	32059	  1.67	222	158	--  	      22439.23	
="601313"	江南嘉捷	-0.53	11.19	-0.06	11.18	11.19	50708	2	          0.08	          1.89	11.45	11.45	10.92	11.25	    20.61	56095908	  0.66	运输设备	江苏	 4.71	11.06	30052	20656	  1.45	18	8	--  	      26852.53	
="600483"	福能股份	-0.68	10.20	-0.07	10.19	10.20	123675	20	          0.29	          4.29	10.32	10.50	9.93	10.27	    17.89	124998088	  0.50	火力发电	福建	 5.55	10.11	77378	46297	  1.67	97	75	--  	      28848.36	
="002606"	大连电瓷	-0.88	15.76	-0.14	15.75	15.76	34306	363	          0.00	          2.85	15.89	16.09	15.55	15.90	   142.96	54011740	  0.48	电气设备	辽宁	 3.40	15.74	19381	14925	  1.30	78	367	--  	      12050.00	
="000551"	创元科技	-0.94	10.53	-0.10	10.52	10.53	126281	1648	          0.00	          3.16	10.65	10.70	10.48	10.63	    89.81	133222984	  0.98	专用机械	江苏	 2.07	10.55	74828	51453	  1.45	1591	6	--  	      40008.03	
="300118"	东方日升	-0.98	10.15	-0.10	10.14	10.15	135704	1736	          0.00	          3.57	10.21	10.32	10.04	10.25	   149.81	137445712	  0.95	半导体	浙江	 2.73	10.13	75818	59886	  1.27	276	221	--  	      37982.94	
="300289"	利德曼	-1.00	34.65	-0.35	34.60	34.65	14227	143	          0.14	          2.55	35.30	35.66	34.27	35.00	    62.10	49533248	  0.56	生物制药	北京	 3.97	34.82	8912	5315	  1.68	4	2	--  	       5572.68	
="600160"	巨化股份	-1.02	6.78	-0.07	6.78	6.79	564023	20	          0.00	          3.11	6.83	6.97	6.50	6.85	    79.12	378896704	  0.78	化工原料	浙江	 6.86	6.72	320541	243482	  1.32	697	879	--  	     181091.59	
="002110"	三钢闽光	-1.23	6.44	-0.08	6.43	6.44	158696	3075	         -0.15	          2.97	6.49	6.62	6.25	6.52	--  	101696560	  1.51	普钢	福建	 5.67	6.41	89508	69188	  1.29	898	1060	--  	      53470.00	
="600162"	香江控股	-1.41	6.31	-0.09	6.30	6.31	408554	41	          0.15	          5.32	6.33	6.45	6.25	6.40	    14.78	257794944	  0.84	全国地产	深圳	 3.12	6.31	238766	169788	  1.41	1645	499	--  	      76781.27	
="300211"	亿通科技	-1.56	22.69	-0.36	22.69	22.70	10309	96	         -0.04	          2.18	23.08	23.16	22.54	23.05	    95.24	23536652	  0.98	通信设备	江苏	 2.69	22.83	5959	4350	  1.37	20	40	--  	       4739.52	
="002528"	英飞拓	-1.60	13.53	-0.22	13.53	13.54	67875	584	          0.00	          2.01	13.74	13.79	13.37	13.75	   434.30	91614768	  0.84	电脑设备	深圳	 3.05	13.50	39385	28490	  1.38	679	95	--  	      33766.19	
="300204"	舒泰神	-1.71	29.85	-0.52	29.82	29.85	15502	236	          0.00	          0.66	30.32	30.66	29.35	30.37	    43.50	46240700	  1.11	生物制药	北京	 4.31	29.83	8799	6703	  1.31	29	227	--  	      23575.42	
="002035"	华帝股份	-1.84	13.31	-0.25	13.31	13.34	63231	330	         -0.22	          2.13	13.48	13.70	13.24	13.56	    17.74	85099976	  1.07	家用电器	广东	 3.39	13.46	46432	16799	  2.76	128	328	--  	      29677.21	
="002588"	史丹利	-1.86	31.15	-0.59	31.15	31.16	18864	128	          0.19	          1.15	31.59	31.89	31.00	31.74	    16.15	59078796	  0.84	农药化肥	山东	 2.80	31.32	11149	7715	  1.45	75	2	--  	      16462.27	
="000785"	武汉中商	-1.89	8.83	-0.17	8.82	8.83	41698	648	         -0.33	          1.66	9.00	9.07	8.78	9.00	    66.41	36969072	  0.89	百货	湖北	 3.22	8.87	27825	13873	  2.01	141	1101	--  	      25109.36	
="300133"	华策影视	-1.93	31.98	-0.63	31.98	31.99	52757	249	         -0.03	          1.23	32.47	33.14	31.88	32.61	    53.12	170001792	  0.77	影视音像	浙江	 3.86	32.22	33563	19194	  1.75	147	5	--  	      42790.21	
="600238"	海南椰岛	-2.15	9.54	-0.21	9.56	9.57	184440	9	         -0.41	          4.17	9.79	9.92	9.33	9.75	    76.46	176103616	  1.39	红黄药酒	海南	 6.05	9.55	105531	78909	  1.34	9	143	--  	      44203.16	
="002690"	美亚光电	-2.28	45.02	-1.05	45.02	45.20	11641	147	         -0.39	          1.05	46.01	46.10	44.66	46.07	    58.98	52780408	  1.05	专用机械	安徽	 3.13	45.34	7901	3740	  2.11	16	3	--  	      11095.95	
="600077"	宋都股份	-2.74	5.68	-0.16	5.68	5.69	218928	300	          0.35	          2.01	5.77	5.84	5.60	5.84	   757.65	124319440	  0.89	全国地产	浙江	 4.11	5.68	127270	91658	  1.39	915	570	--  	     109096.45	
="600083"	博信股份	-3.51	11.28	-0.41	11.28	11.30	30794	2	         -0.08	          1.36	11.51	11.61	11.26	11.69	   613.80	35010016	  0.79	元器件	广东	 2.99	11.37	21946	8848	  2.48	5	161	--  	      22598.08	
数据来源:通达信
