代码	名称	涨幅%%	现价	涨跌	买价	卖价	总量	现量	涨速%%	换手%%	今开	最高	最低	昨收	市盈(动)	总金额	量比	细分行业	地区	振幅%%	均价	内盘	外盘	内外比	买量	卖量	未匹配量	流通股本	
="002685"	华东重机	10.02	14.27	1.30	14.27	--  	154056	1	          0.00	         15.48	13.80	14.27	13.50	12.97	   455.81	216653376	  3.15	工程机械	江苏	 5.94	14.06	113010	41046	  2.75	54227	0	--  	       9950.00	
="002496"	辉丰股份	9.98	20.27	1.84	20.27	--  	150563	98	          0.00	          8.16	18.75	20.27	18.75	18.43	    30.95	299833696	  3.15	农药化肥	江苏	 8.25	19.91	71273	79290	  0.90	1286	0	--  	      18456.77	
="000514"	渝 开 发	9.94	7.08	0.64	7.08	--  	273615	1269	          0.00	          3.24	6.43	7.08	6.35	6.44	    36.98	184597104	  2.53	区域地产	重庆	11.34	6.75	155122	118493	  1.31	59394	0	--  	      84377.09	
="300308"	中际装备	8.06	11.40	0.85	11.40	11.41	269619	4191	         -0.08	         23.94	11.05	11.61	11.05	10.55	   538.36	308191648	  5.85	工程机械	山东	 5.31	11.43	149962	119657	  1.25	214	912	--  	      11263.04	
="002168"	深圳惠程	6.87	9.96	0.64	9.96	9.97	399419	5936	         -0.20	          7.03	9.32	10.08	9.32	9.32	--  	388389280	  3.21	电气设备	深圳	 8.15	9.72	149830	249589	  0.60	545	1022	--  	      56803.58	
="601058"	赛轮股份	6.64	18.95	1.18	18.95	18.96	71719	4	          0.26	          1.90	17.84	19.02	17.78	17.77	    21.35	132397336	  2.53	汽车配件	山东	 6.98	18.46	24666	47053	  0.52	30	5	--  	      37800.00	
="002557"	洽洽食品	6.59	23.77	1.47	23.76	23.77	144180	329	         -0.04	          4.27	22.06	24.29	21.98	22.30	    29.18	335132576	  2.24	食品	安徽	10.36	23.24	33125	111055	  0.30	14	556	--  	      33800.00	
="000776"	广发证券	6.37	16.69	1.00	16.68	16.69	2184204	16705	          0.18	          3.69	15.86	16.87	15.74	15.69	    24.37	3575060480	  1.92	证券	广东	 7.20	16.37	1029985	1154219	  0.89	1688	2844	--  	     591929.13	
="300083"	劲胜精密	6.35	26.48	1.58	26.48	26.49	82297	501	         -0.26	          9.37	25.20	26.80	24.92	24.90	   128.93	211684656	  2.40	元器件	广东	 7.55	25.72	32588	49709	  0.66	158	69	--  	       8787.37	
="600068"	葛洲坝	6.23	5.80	0.34	5.79	5.80	1783094	10	          0.17	          5.11	5.60	6.00	5.60	5.46	    11.49	1032471616	  2.04	建筑施工	湖北	 7.33	5.79	783147	999947	  0.78	1692	4999	--  	     348745.91	
="002302"	西部建设	5.48	15.77	0.82	15.77	15.78	227474	2191	          0.50	          8.40	15.05	15.77	14.77	14.95	    35.79	348383872	  2.38	水泥	新疆	 6.69	15.32	110575	116899	  0.95	1365	367	--  	      27091.33	
="601901"	方正证券	5.36	8.85	0.45	8.85	8.86	4574804	26	          0.45	          7.50	8.38	9.12	8.33	8.40	    36.86	4003144192	  1.37	证券	湖南	 9.40	8.75	2039369	2535435	  0.80	3360	2184	--  	     610000.00	
="002688"	金河生物	5.05	18.09	0.87	18.08	18.09	110077	984	          0.11	         10.15	17.53	18.80	17.50	17.22	    47.59	199825328	  2.35	化学制药	内蒙	 7.55	18.15	53736	56341	  0.95	474	189	--  	      10849.66	
="601009"	南京银行	4.90	12.00	0.56	11.99	12.00	1615498	152	          0.25	          5.44	11.43	12.22	11.26	11.44	     6.42	1900924928	  1.50	银行	江苏	 8.39	11.77	780058	835440	  0.93	671	533	--  	     296893.31	
="000966"	长源电力	4.57	10.29	0.45	10.29	10.30	192128	1622	          0.39	          3.47	9.89	10.49	9.86	9.84	     6.88	197104160	  1.95	火力发电	湖北	 6.40	10.26	78688	113440	  0.69	153	1855	--  	      55414.19	
="600837"	海通证券	4.50	14.17	0.61	14.17	14.18	4129893	40	          0.28	          5.10	13.75	14.45	13.75	13.56	    20.58	5801497600	  1.29	证券	上海	 5.16	14.05	1833368	2296525	  0.80	13	4257	--  	     809213.13	
="300145"	南方泵业	4.31	27.60	1.14	27.59	27.60	30910	35	         -0.36	          1.77	26.56	27.98	26.16	26.46	    39.82	83895000	  1.65	专用机械	浙江	 6.88	27.14	15572	15338	  1.02	6	213	--  	      17417.00	
="002142"	宁波银行	4.27	12.20	0.50	12.19	12.20	1039410	8903	          0.24	          3.62	11.73	12.47	11.60	11.70	     6.49	1251017728	  2.21	银行	浙江	 7.44	12.04	491008	548402	  0.90	707	1547	--  	     287241.59	
="300345"	红宇新材	4.19	22.88	0.92	22.81	22.88	47783	344	         -0.17	          7.73	21.75	23.08	21.75	21.96	   933.82	108589728	  1.61	钢加工	湖南	 6.06	22.73	21435	26348	  0.81	7	81	--  	       6180.70	
="002035"	华帝股份	4.09	13.74	0.54	13.74	13.75	141167	424	         -0.29	          4.76	13.18	13.87	13.10	13.20	    18.31	191690608	  3.21	家用电器	广东	 5.83	13.58	79451	61716	  1.29	210	58	--  	      29677.21	
="600300"	维维股份	4.07	5.88	0.23	5.87	5.88	1035617	98	         -0.16	          6.19	5.79	6.20	5.68	5.65	    87.19	617293312	  3.57	软饮料	江苏	 9.20	5.96	455615	580002	  0.79	2535	1059	--  	     167200.00	
="000564"	西安民生	3.87	6.17	0.23	6.16	6.17	267115	3043	          0.00	          7.96	5.95	6.46	5.80	5.94	    40.32	162692608	  2.49	百货	陕西	11.11	6.09	137981	129134	  1.07	1176	979	--  	      33562.01	
="600845"	宝信软件	3.86	37.38	1.39	37.39	37.40	18724	53	          0.16	          0.83	35.95	37.45	35.80	35.99	    49.61	69269744	  2.11	软件服务	上海	 4.58	36.99	6952	11772	  0.59	4	571	--  	      22651.73	
="002500"	山西证券	3.79	10.69	0.39	10.69	10.70	1100445	7499	         -0.27	          4.42	10.48	11.18	10.44	10.30	    54.39	1179491328	  1.43	证券	山西	 7.18	10.72	556393	544052	  1.02	3841	1719	--  	     248846.95	
="000750"	国海证券	3.54	12.30	0.42	12.30	12.31	1432972	6799	         -0.08	          7.10	12.06	12.68	12.00	11.88	    45.79	1767061504	  1.48	证券	广西	 5.72	12.33	670536	762436	  0.88	4267	3722	--  	     201821.09	
="000900"	现代投资	3.36	6.76	0.22	6.76	6.77	368363	7397	         -0.29	          3.64	6.65	6.90	6.57	6.54	    17.59	247665312	  2.54	路桥	湖南	 5.05	6.72	176678	191685	  0.92	525	529	--  	     101128.75	
="601998"	中信银行	3.30	5.32	0.17	5.31	5.32	1988205	20	          0.75	          0.62	5.15	5.36	5.11	5.15	     5.78	1043308352	  2.11	银行	北京	 4.85	5.25	909962	1078243	  0.84	192	334	--  	    3190516.50	
="002231"	奥维通信	3.23	11.50	0.36	11.50	11.51	182129	721	         -0.08	          8.94	11.15	11.65	11.06	11.14	--  	206964352	  2.02	通信设备	辽宁	 5.30	11.36	71276	110853	  0.64	519	13	--  	      20369.00	
="000916"	华北高速	3.11	5.63	0.17	5.63	5.64	142959	818	          0.00	          1.31	5.46	5.64	5.40	5.46	    20.95	78886168	  1.47	路桥	北京	 4.40	5.52	52732	90227	  0.58	975	686	--  	     108997.39	
="601988"	中国银行	2.69	3.05	0.08	3.05	3.06	3814832	1	          0.00	          0.19	2.96	3.08	2.95	2.97	     5.57	1152062080	  1.53	银行	北京	 4.38	3.02	1582495	2232337	  0.71	8949	51415	--  	   19591296.00	
="601313"	江南嘉捷	2.53	11.73	0.29	11.73	11.75	50569	10	          0.17	          1.88	11.43	11.90	11.31	11.44	    21.60	59026644	  1.08	运输设备	江苏	 5.16	11.67	21893	28676	  0.76	24	686	--  	      26852.53	
="000652"	泰达股份	2.30	6.22	0.14	6.21	6.22	414859	4650	          0.16	          2.83	6.08	6.28	6.06	6.08	--  	256415168	  1.35	综合类	天津	 3.62	6.18	175268	239591	  0.73	2424	338	--  	     146567.00	
="600378"	天科股份	2.27	15.31	0.34	15.31	15.33	40414	40	          0.19	          1.36	14.95	15.33	14.88	14.97	    67.60	61404108	  1.68	化工原料	四川	 3.01	15.19	18336	22078	  0.83	34	404	--  	      29719.33	
="000993"	闽东电力	2.24	10.52	0.23	10.52	10.53	77240	770	          0.19	          2.07	10.37	10.85	10.30	10.29	    33.38	81723216	  2.02	水力发电	福建	 5.34	10.58	36031	41209	  0.87	936	55	--  	      37300.00	
="600336"	澳柯玛	2.20	6.49	0.14	6.48	6.49	314969	38	         -0.15	          4.63	6.36	6.59	6.32	6.35	    36.14	204207904	  1.44	家用电器	山东	 4.25	6.48	141895	173074	  0.82	441	29	--  	      68007.20	
="600000"	浦发银行	2.17	11.32	0.24	11.32	11.33	4522633	351	          0.26	          3.03	11.25	11.43	11.10	11.08	     4.55	5092828672	  1.76	银行	上海	 2.98	11.26	2093954	2428679	  0.86	5524	9444	--  	    1492277.75	
="600419"	天润乳业	2.16	23.19	0.49	23.19	23.20	12852	3	         -0.04	          1.60	22.75	23.22	22.63	22.70	   109.09	29653534	  1.62	乳制品	新疆	 2.60	23.07	3291	9561	  0.34	53	56	--  	       8021.08	
="000001"	平安银行	2.09	11.21	0.23	11.20	11.21	2184918	11779	          0.00	          2.22	10.99	11.37	10.92	10.98	     6.12	2437181184	  1.76	银行	深圳	 4.10	11.15	1064371	1120547	  0.95	6171	5777	--  	     983671.19	
="000816"	江淮动力	2.08	7.35	0.15	7.35	7.36	496886	1763	         -0.13	          4.56	7.26	7.53	7.20	7.20	   185.65	367512224	  1.64	机械基件	江苏	 4.58	7.40	219574	277312	  0.79	719	1920	--  	     108877.75	
="600750"	江中药业	2.06	21.83	0.44	21.82	21.83	67605	4	          0.13	          2.25	21.40	22.13	21.28	21.39	    31.64	146791392	  1.72	中成药	江西	 3.97	21.71	32914	34691	  0.95	54	59	--  	      30000.00	
="600483"	福能股份	2.04	10.98	0.22	10.98	10.99	114773	100	          0.09	          3.98	10.76	11.28	10.65	10.76	    19.25	126434464	  1.48	火力发电	福建	 5.86	11.02	50393	64380	  0.78	25	173	--  	      28848.36	
="600016"	民生银行	1.98	6.70	0.13	6.69	6.70	5486044	19	          0.00	          2.02	6.57	6.75	6.54	6.57	     4.65	3648671488	  1.88	银行	北京	 3.20	6.65	2380709	3105335	  0.77	4860	10416	--  	    2710607.50	
="000915"	山大华特	1.82	31.41	0.56	31.41	31.42	26573	111	         -0.12	          1.48	30.84	31.52	30.72	30.85	    30.67	82637360	  0.73	生物制药	山东	 2.59	31.10	11964	14609	  0.82	6	130	--  	      17930.16	
="600532"	宏达矿业	1.75	11.03	0.19	11.02	11.03	62859	5	          0.27	          3.81	10.84	11.23	10.84	10.84	    28.01	69643360	  0.96	普钢	山东	 3.60	11.08	30200	32659	  0.92	30	295	--  	      16510.25	
="300091"	金通灵	1.68	25.40	0.42	25.40	25.42	9943	744	          1.03	          0.79	24.65	25.40	24.42	24.98	   442.14	24884994	  0.69	机械基件	江苏	 3.92	25.03	3512	6431	  0.55	58	12	--  	      12639.70	
="300349"	金卡股份	1.61	33.99	0.54	33.99	34.00	17244	229	          0.08	          3.83	33.39	34.31	33.11	33.45	    43.37	58346684	  1.20	电器仪表	浙江	 3.59	33.83	8625	8619	  1.00	3	89	--  	       4500.00	
="000877"	天山股份	1.59	8.32	0.13	8.31	8.32	382439	2368	          0.24	          4.35	8.23	8.39	8.13	8.19	    17.88	315820800	  1.38	水泥	新疆	 3.17	8.26	185598	196841	  0.94	749	2141	--  	      88001.99	
="000752"	西藏发展	1.58	14.81	0.23	14.81	14.82	97350	326	          0.00	          3.69	14.54	15.08	14.44	14.58	   215.94	142969056	  1.28	啤酒	西藏	 4.39	14.69	51742	45608	  1.13	351	131	--  	      26375.01	
="002162"	斯米克	1.49	9.55	0.14	9.54	9.55	155377	2587	          0.10	          3.72	9.45	9.61	9.27	9.41	   411.78	146844736	  0.98	陶瓷	上海	 3.61	9.45	75056	80321	  0.93	358	575	--  	      41800.00	
="601398"	工商银行	1.33	3.82	0.05	3.80	3.82	2489964	1151	          0.52	          0.09	3.77	3.82	3.75	3.77	     4.57	944879744	  1.92	银行	北京	 1.86	3.79	1053918	1436046	  0.73	51785	9928	--  	   26471778.00	
="300019"	硅宝科技	1.28	18.20	0.23	18.20	18.21	24752	262	          0.16	          2.30	17.87	18.25	17.87	17.97	    37.74	44725088	  0.81	化工原料	四川	 2.11	18.07	12464	12288	  1.01	29	17	--  	      10745.41	
="002612"	朗姿股份	1.28	24.60	0.31	24.55	24.60	23952	690	          1.65	          2.29	24.27	24.67	24.00	24.29	    41.90	58586544	  1.02	服饰	北京	 2.76	24.46	10299	13653	  0.75	1	58	--  	      10446.15	
="000623"	吉林敖东	1.27	27.18	0.34	27.18	27.19	430477	4559	          0.36	          5.46	27.01	27.85	26.80	26.84	    19.95	1175632896	  1.23	中成药	吉林	 3.91	27.31	192810	237667	  0.81	76	371	--  	      78904.07	
="000563"	陕国投Ａ	1.24	9.82	0.12	9.81	9.82	543642	4663	          0.10	          7.22	9.75	10.10	9.69	9.70	    36.64	536913536	  1.25	多元金融	陕西	 4.23	9.88	260990	282652	  0.92	1328	481	--  	      75266.72	
="000516"	开元投资	1.13	9.85	0.11	9.84	9.85	250886	6283	          0.71	          3.56	9.75	9.88	9.55	9.74	    26.71	243286704	  1.15	百货	陕西	 3.39	9.70	128433	122453	  1.05	740	719	--  	      70442.67	
="002470"	金正大	1.08	29.82	0.32	29.80	29.82	47390	160	          0.03	          0.80	29.47	30.12	28.86	29.50	    21.45	140253152	  0.70	农药化肥	山东	 4.27	29.59	21772	25618	  0.85	109	295	--  	      59254.00	
="600269"	赣粤高速	1.00	4.03	0.04	4.02	4.03	324197	46	          0.00	          1.39	4.00	4.05	3.97	3.99	    11.55	129967944	  1.39	路桥	江西	 2.01	4.01	155241	168956	  0.92	3336	1496	--  	     233540.70	
="601669"	中国电建	0.95	4.23	0.04	4.22	4.23	2292080	10	          0.23	          6.95	4.25	4.34	4.16	4.19	     9.16	972183936	  1.62	建筑施工	北京	 4.30	4.24	1041360	1250720	  0.83	11538	13090	--  	     330000.00	
="002567"	唐人神	0.90	10.13	0.09	10.13	10.16	100061	960	         -0.09	          2.38	10.04	10.19	9.94	10.04	    55.57	100588944	  0.70	饲料	湖南	 2.49	10.05	54992	45069	  1.22	172	69	--  	      41979.60	
="600064"	南京高科	0.89	16.95	0.15	16.94	16.95	132865	49	         -0.11	          2.57	16.90	17.27	16.70	16.80	    22.15	226148032	  1.35	园区开发	江苏	 3.39	17.02	58919	73946	  0.80	23	624	--  	      51621.87	
="002013"	中航机电	0.86	22.34	0.19	22.33	22.34	357339	1801	         -0.17	         12.20	23.40	23.40	21.90	22.15	    51.52	808768192	  2.43	汽车配件	湖北	 6.77	22.63	179631	177708	  1.01	1007	164	--  	      29285.81	
="600162"	香江控股	0.73	6.91	0.05	6.92	6.93	266613	80	          0.14	          3.47	6.83	7.00	6.71	6.86	    16.19	182897408	  0.68	全国地产	深圳	 4.23	6.86	132308	134305	  0.99	1240	1128	--  	      76781.27	
="000632"	三木集团	0.60	6.69	0.04	6.69	6.70	103359	2086	          0.00	          2.22	6.69	6.71	6.60	6.65	   411.79	68715680	  0.83	综合类	福建	 1.65	6.65	54033	49326	  1.10	665	3400	--  	      46505.91	
="300196"	长海股份	0.59	20.32	0.12	20.32	20.38	13196	250	          0.00	          1.21	20.30	20.59	20.03	20.20	    27.42	26825014	  1.15	玻璃	江苏	 2.77	20.33	5703	7493	  0.76	314	99	--  	      10918.94	
="300282"	汇冠股份	0.52	33.15	0.17	33.07	33.15	18301	167	         -0.30	          7.75	32.74	33.80	32.30	32.98	   370.00	60375348	  0.99	电脑设备	北京	 4.55	32.99	9092	9209	  0.99	20	28	--  	       2361.06	
="600153"	建发股份	0.37	8.04	0.03	8.04	8.05	720083	338	          0.37	          2.54	7.99	8.10	7.88	8.01	    10.86	574167168	  0.92	商贸代理	福建	 2.75	7.97	342202	377881	  0.91	1623	2218	--  	     283520.06	
="600795"	国电电力	0.34	2.95	0.01	2.94	2.95	2894634	121	          0.00	          1.88	2.95	2.99	2.91	2.94	     7.45	853016256	  1.52	火力发电	辽宁	 2.72	2.95	1277292	1617342	  0.79	11139	71354	--  	    1539514.88	
="000016"	深康佳Ａ	0.32	6.23	0.02	6.22	6.23	237800	1814	          0.00	          3.96	6.18	6.25	6.10	6.21	   118.24	146575264	  1.16	家用电器	深圳	 2.42	6.16	135912	101888	  1.33	1709	1472	--  	      59991.50	
="600033"	福建高速	0.32	3.18	0.01	3.17	3.18	415219	1	          0.00	          1.51	3.17	3.20	3.15	3.17	    13.11	131616088	  1.06	路桥	福建	 1.58	3.17	196121	219098	  0.90	7918	13048	--  	     274440.00	
="600082"	海泰发展	0.30	6.77	0.02	6.77	6.78	179269	5	          0.14	          2.85	6.75	6.78	6.63	6.75	    59.88	120093688	  0.84	园区开发	天津	 2.22	6.70	95518	83751	  1.14	236	558	--  	      62998.89	
="600673"	东阳光科	0.30	16.95	0.05	16.93	16.94	102173	101	          0.11	          1.24	16.90	17.05	16.71	16.90	   107.73	172069456	  0.99	铝	广东	 2.01	16.84	54621	47552	  1.15	392	87	--  	      82261.22	
="600375"	华菱星马	0.23	13.11	0.03	13.12	13.13	154000	7	          0.00	          3.09	13.08	13.50	13.00	13.08	    51.92	203178672	  1.24	汽车整车	安徽	 3.82	13.19	86147	67853	  1.27	93	178	--  	      49788.89	
="600078"	澄星股份	0.22	9.20	0.02	9.19	9.20	95581	3	          0.21	          1.44	9.18	9.29	9.12	9.18	   169.78	87985656	  0.79	化工原料	江苏	 1.85	9.21	44949	50632	  0.89	240	209	--  	      66257.28	
="300094"	国联水产	0.19	10.66	0.02	10.65	10.66	44713	589	          0.00	          1.27	10.54	10.71	10.46	10.64	    94.85	47358668	  0.63	渔业	广东	 2.35	10.59	21473	23240	  0.92	242	464	--  	      35072.21	
="600275"	武昌鱼	0.18	5.63	0.01	5.63	5.64	162741	34	         -0.53	          3.20	5.70	5.80	5.61	5.62	--  	92539648	  1.35	农业综合	湖北	 3.38	5.69	88301	74440	  1.19	189	674	--  	      50883.71	
="600125"	铁龙物流	0.13	7.54	0.01	7.53	7.54	277859	16	          0.13	          2.13	7.55	7.70	7.44	7.53	    27.81	210622336	  1.28	铁路	辽宁	 3.45	7.58	150932	126927	  1.19	5067	1591	--  	     130552.18	
="600801"	华新水泥	0.12	8.34	0.01	8.34	8.35	190505	30	          0.00	          1.96	8.34	8.39	8.21	8.33	    11.49	158456400	  1.18	水泥	湖北	 2.16	8.32	100399	90106	  1.11	168	1146	--  	      97167.99	
="000926"	福星股份	0.11	8.99	0.01	8.98	8.99	260263	3651	          0.11	          4.92	8.99	9.01	8.88	8.98	     8.28	232669328	  0.77	区域地产	湖北	 1.45	8.94	136503	123760	  1.10	474	695	--  	      52853.94	
="300255"	常山药业	0.10	28.94	0.03	28.93	28.94	18194	145	         -0.20	          1.48	28.85	29.67	28.59	28.91	    56.37	52858792	  1.05	生物制药	河北	 3.74	29.05	10860	7334	  1.48	26	8	--  	      12293.78	
="002479"	富春环保	0.10	9.71	0.01	9.70	9.71	80766	449	          0.00	          1.10	9.66	9.74	9.57	9.70	    39.28	78024136	  1.31	火力发电	浙江	 1.75	9.66	45480	35286	  1.29	1091	557	--  	      73141.99	
="002511"	中顺洁柔	0.09	11.15	0.01	11.15	11.16	52237	835	          0.90	          1.29	11.10	11.28	10.98	11.14	    66.56	57987940	  0.99	造纸	广东	 2.69	11.10	33478	18759	  1.78	14	47	--  	      40451.92	
="600655"	豫园商城	0.08	12.54	0.01	12.55	12.56	260395	126	          0.40	          1.81	12.47	12.56	12.25	12.53	    23.16	322569792	  0.95	百货	上海	 2.47	12.39	133336	127059	  1.05	278	1877	--  	     143732.20	
="600897"	厦门空港	0.05	21.70	0.01	21.70	21.71	49826	1	         -0.09	          1.67	21.65	21.86	21.31	21.69	    13.41	107457088	  0.81	机场	福建	 2.54	21.57	25242	24584	  1.03	2605	329	--  	      29781.00	
="002294"	信立泰	0.03	36.19	0.01	36.18	36.19	37360	379	          0.00	          1.30	36.22	36.23	35.80	36.18	    23.62	134546144	  0.88	化学制药	深圳	 1.19	36.01	20306	17054	  1.19	21	278	--  	      28698.46	
="601928"	凤凰传媒	0.00	10.61	0.00	--  	--  	0	0	          0.00	          0.00	--  	--  	--  	10.61	    27.58	0	  0.00	出版业	江苏	 0.00	10.61	0	0	--  	0	0	--  	      65788.35	
="601700"	风范股份	0.00	17.58	0.00	--  	--  	0	0	          0.00	          0.00	--  	--  	--  	17.58	    35.59	0	  0.00	电气设备	江苏	 0.00	17.58	0	0	--  	0	0	--  	      23576.84	
="600986"	科达股份	0.00	7.05	0.00	--  	--  	0	0	          0.00	          0.00	--  	--  	--  	7.05	    36.88	0	  0.00	建筑施工	山东	 0.00	7.05	0	0	--  	0	0	--  	      33526.96	
="600981"	汇鸿股份	0.00	4.21	0.00	--  	--  	0	0	          0.00	          0.00	--  	--  	--  	4.21	    92.48	0	  0.00	商贸代理	江苏	 0.00	4.21	0	0	--  	0	0	--  	      51610.64	
="600876"	洛阳玻璃	0.00	7.24	0.00	--  	--  	0	0	          0.00	          0.00	--  	--  	--  	7.24	   374.48	0	  0.00	玻璃	河南	 0.00	7.24	0	0	--  	0	0	--  	      25001.82	
="600792"	云煤能源	0.00	6.26	0.00	--  	--  	0	0	          0.00	          0.00	--  	--  	--  	6.26	   868.05	0	  0.00	焦炭加工	云南	 0.00	6.26	0	0	--  	0	0	--  	      95202.89	
="600749"	西藏旅游	0.00	12.18	0.00	--  	--  	0	0	          0.00	          0.00	--  	--  	--  	12.18	  1161.76	0	  0.00	旅游景点	西藏	 0.00	12.18	0	0	--  	0	0	--  	      18913.78	
="600617"	国新能源	0.00	30.09	0.00	--  	--  	0	0	          0.00	          0.00	--  	--  	--  	30.09	    42.79	0	  0.00	供气供热	山西	 0.00	30.09	0	0	--  	0	0	--  	      10263.63	
="600575"	皖江物流	0.00	4.11	0.00	--  	--  	0	0	          0.00	          0.00	--  	--  	--  	4.11	--  	0	  0.00	港口	安徽	 0.00	4.11	0	0	--  	0	0	--  	     142320.00	
="600569"	安阳钢铁	0.00	2.32	0.00	--  	--  	0	0	          0.00	          0.00	--  	--  	--  	2.32	    78.40	0	  0.00	普钢	河南	 0.00	2.32	0	0	--  	0	0	--  	     239368.45	
="600517"	置信电气	0.00	12.45	0.00	--  	--  	0	0	          0.00	          0.00	--  	--  	--  	12.45	    84.39	0	  0.00	电气设备	上海	 0.00	12.45	0	0	--  	0	0	--  	     111366.89	
="600369"	西南证券	0.00	10.54	0.00	--  	--  	0	0	          0.00	          0.00	--  	--  	--  	10.54	    25.05	0	  0.00	证券	重庆	 0.00	10.54	0	0	--  	0	0	--  	     232255.45	
="600365"	通葡股份	0.00	11.38	0.00	--  	--  	0	0	          0.00	          0.00	--  	--  	--  	11.38	  5686.21	0	  0.00	红黄药酒	吉林	 0.00	11.38	0	0	--  	0	0	--  	      14000.00	
="600318"	巢东股份	0.00	11.20	0.00	--  	--  	0	0	          0.00	          0.00	--  	--  	--  	11.20	    17.93	0	  0.00	水泥	安徽	 0.00	11.20	0	0	--  	0	0	--  	      24200.00	
="600241"	时代万恒	0.00	8.28	0.00	--  	--  	0	0	          0.00	          0.00	--  	--  	--  	8.28	--  	0	  0.00	商贸代理	辽宁	 0.00	8.28	0	0	--  	0	0	--  	      18020.00	
="600105"	永鼎股份	0.00	9.86	0.00	--  	--  	0	0	          0.00	          0.00	--  	--  	--  	9.86	    22.23	0	  0.00	通信设备	江苏	 0.00	9.86	0	0	--  	0	0	--  	      38095.46	
="600103"	青山纸业	0.00	3.66	0.00	--  	--  	0	0	          0.00	          0.00	--  	--  	--  	3.66	   601.14	0	  0.00	造纸	福建	 0.00	3.66	0	0	--  	0	0	--  	     106184.15	
="600091"	ST明科	0.00	7.02	0.00	--  	--  	0	0	          0.00	          0.00	--  	--  	--  	7.02	--  	0	  0.00	化工原料	内蒙	 0.00	7.02	0	0	--  	0	0	--  	      33652.60	
="600090"	啤酒花	0.00	8.13	0.00	--  	--  	0	0	          0.00	          0.00	--  	--  	--  	8.13	    36.46	0	  0.00	啤酒	新疆	 0.00	8.13	0	0	--  	0	0	--  	      36791.66	
="600005"	武钢股份	0.00	2.73	0.00	2.73	2.74	996196	190	         -0.36	          0.99	2.73	2.75	2.71	2.73	    26.83	272049568	  1.62	普钢	湖北	 1.47	2.73	542822	453374	  1.20	26260	47945	--  	    1009378.00	
="300332"	天壕节能	--  	0.00	--  	--  	--  	0	0	--  	          0.00	--  	--  	--  	14.06	    40.57	0	  0.00	环境保护	北京	 0.00	14.06	0	0	--  	0	0	--  	      22666.75	
="300313"	天山生物	--  	0.00	--  	--  	--  	0	0	--  	          0.00	--  	--  	--  	23.69	   258.62	0	  0.00	农业综合	新疆	 0.00	23.69	0	0	--  	0	0	--  	       4177.81	
="300189"	神农大丰	--  	0.00	--  	--  	--  	0	0	--  	          0.00	--  	--  	--  	7.86	--  	0	  0.00	种植业	海南	 0.00	7.86	0	0	--  	0	0	--  	      33498.87	
="300072"	三聚环保	--  	0.00	--  	--  	--  	0	0	--  	          0.00	--  	--  	--  	27.13	    36.92	0	  0.00	化工原料	北京	 0.00	27.13	0	0	--  	0	0	--  	      45855.16	
="300013"	新宁物流	--  	0.00	--  	--  	--  	0	0	--  	          0.00	--  	--  	--  	9.26	   131.57	0	  0.00	仓储物流	江苏	 0.00	9.26	0	0	--  	0	0	--  	      18000.00	
="002700"	新疆浩源	--  	0.00	--  	--  	--  	0	0	--  	          0.00	--  	--  	--  	25.29	    56.88	0	  0.00	供气供热	新疆	 0.00	25.29	0	0	--  	0	0	--  	       9564.16	
="002608"	舜天船舶	--  	0.00	--  	--  	--  	0	0	--  	          0.00	--  	--  	--  	12.79	    86.27	0	  0.00	船舶	江苏	 0.00	12.79	0	0	--  	0	0	--  	      32855.16	
="002558"	世纪游轮	--  	0.00	--  	--  	--  	0	0	--  	          0.00	--  	--  	--  	31.65	   271.60	0	  0.00	旅游服务	重庆	 0.00	31.65	0	0	--  	0	0	--  	       3244.39	
="002534"	杭锅股份	--  	0.00	--  	--  	--  	0	0	--  	          0.00	--  	--  	--  	19.00	    58.39	0	  0.00	专用机械	浙江	 0.00	19.00	0	0	--  	0	0	--  	      39168.26	
="002529"	海源机械	--  	0.00	--  	--  	--  	0	0	--  	          0.00	--  	--  	--  	15.03	--  	0	  0.00	专用机械	福建	 0.00	15.03	0	0	--  	0	0	--  	      15608.25	
="002509"	天广消防	--  	0.00	--  	--  	--  	0	0	--  	          0.00	--  	--  	--  	12.27	    51.77	0	  0.00	专用机械	福建	 0.00	12.27	0	0	--  	0	0	--  	      23109.89	
="002426"	胜利精密	--  	0.00	--  	--  	--  	0	0	--  	          0.00	--  	--  	--  	11.26	    68.41	0	  0.00	元器件	江苏	 0.00	11.26	0	0	--  	0	0	--  	      35306.58	
="002333"	罗普斯金	--  	0.00	--  	--  	--  	0	0	--  	          0.00	--  	--  	--  	14.36	    59.02	0	  0.00	铝	江苏	 0.00	14.36	0	0	--  	0	0	--  	      24248.49	
="002324"	普利特	--  	0.00	--  	--  	--  	0	0	--  	          0.00	--  	--  	--  	19.90	    26.33	0	  0.00	塑料	上海	 0.00	19.90	0	0	--  	0	0	--  	      15582.66	
="002323"	中联电气	--  	0.00	--  	--  	--  	0	0	--  	          0.00	--  	--  	--  	21.95	   130.92	0	  0.00	电气设备	江苏	 0.00	21.95	0	0	--  	0	0	--  	       8350.16	
="002103"	广博股份	--  	0.00	--  	--  	--  	0	0	--  	          0.00	--  	--  	--  	10.18	   172.72	0	  0.00	文教休闲	浙江	 0.00	10.18	0	0	--  	0	0	--  	      17095.44	
="002044"	江苏三友	--  	0.00	--  	--  	--  	0	0	--  	          0.00	--  	--  	--  	10.04	    43.13	0	  0.00	服饰	江苏	 0.00	10.04	0	0	--  	0	0	--  	      22410.00	
="002009"	天奇股份	--  	0.00	--  	--  	--  	0	0	--  	          0.00	--  	--  	--  	16.30	    47.89	0	  0.00	工程机械	江苏	 0.00	16.30	0	0	--  	0	0	--  	      25991.22	
="002006"	*ST精功	--  	0.00	--  	--  	--  	0	0	--  	          0.00	--  	--  	--  	8.75	--  	0	  0.00	工程机械	浙江	 0.00	8.75	0	0	--  	0	0	--  	      43677.89	
="000920"	南方汇通	--  	0.00	--  	--  	--  	0	0	--  	          0.00	--  	--  	--  	13.23	    31.50	0	  0.00	运输设备	贵州	 0.00	13.23	0	0	--  	0	0	--  	      42200.00	
="000796"	易食股份	--  	0.00	--  	--  	--  	0	0	--  	          0.00	--  	--  	--  	7.23	    95.94	0	  0.00	食品	陕西	 0.00	7.23	0	0	--  	0	0	--  	      24652.30	
="000795"	太原刚玉	--  	0.00	--  	--  	--  	0	0	--  	          0.00	--  	--  	--  	10.92	--  	0	  0.00	矿物制品	山西	 0.00	10.92	0	0	--  	0	0	--  	      27679.44	
="000710"	天兴仪表	--  	0.00	--  	--  	--  	0	0	--  	          0.00	--  	--  	--  	13.60	--  	0	  0.00	汽车配件	四川	 0.00	13.60	0	0	--  	0	0	--  	      15120.00	
="000627"	天茂集团	--  	0.00	--  	--  	--  	0	0	--  	          0.00	--  	--  	--  	4.10	    28.37	0	  0.00	化工原料	湖北	 0.00	4.10	0	0	--  	0	0	--  	     135358.98	
="000533"	万 家 乐	--  	0.00	--  	--  	--  	0	0	--  	          0.00	--  	--  	--  	5.97	    35.25	0	  0.00	家用电器	广东	 0.00	5.97	0	0	--  	0	0	--  	      68487.71	
="000525"	红 太 阳	--  	0.00	--  	--  	--  	0	0	--  	          0.00	--  	--  	--  	15.92	    15.22	0	  0.00	农药化肥	江苏	 0.00	15.92	0	0	--  	0	0	--  	      50698.30	
="000498"	山东路桥	--  	0.00	--  	--  	--  	0	0	--  	          0.00	--  	--  	--  	4.64	    27.67	0	  0.00	建筑施工	山东	 0.00	4.64	0	0	--  	0	0	--  	      35417.01	
="000089"	深圳机场	0.00	5.30	0.00	5.30	5.31	117840	3542	          0.00	          0.70	5.32	5.39	5.24	5.30	    35.05	62517024	  0.79	机场	深圳	 2.83	5.31	65367	52473	  1.25	1027	1489	--  	     169169.27	
="002007"	华兰生物	-0.08	37.03	-0.03	37.03	37.04	119063	957	          0.08	          2.06	37.00	37.12	36.54	37.06	    38.20	438697792	  1.11	生物制药	河南	 1.57	36.85	54511	64552	  0.84	283	260	--  	      57686.69	
="600635"	大众公用	-0.13	7.69	-0.01	7.67	7.68	1339926	129	          0.26	          8.15	7.56	7.73	7.46	7.70	    47.03	1018837312	  1.07	供气供热	上海	 3.51	7.60	660219	679707	  0.97	1329	24	--  	     164486.98	
="600361"	华联综超	-0.16	6.23	-0.01	6.22	6.23	83737	46	          0.32	          1.26	6.25	6.27	6.14	6.24	    27.39	51870176	  1.00	超市连锁	北京	 2.08	6.19	43386	40351	  1.08	151	507	--  	      66580.78	
="600720"	祁连山	-0.23	8.78	-0.02	8.76	8.77	361026	97	          0.22	          4.65	8.78	8.86	8.66	8.80	     8.05	315656288	  1.35	水泥	甘肃	 2.27	8.74	181740	179286	  1.01	570	47	--  	      77616.27	
="002185"	华天科技	-0.27	15.05	-0.04	15.04	15.05	179528	1310	          0.13	          2.71	15.15	15.29	14.81	15.09	    33.33	270547968	  1.17	半导体	甘肃	 3.18	15.07	91007	88521	  1.03	245	280	--  	      66276.22	
="002563"	森马服饰	-0.29	37.30	-0.11	37.28	37.30	8772	90	         -0.29	          1.25	37.38	37.56	36.77	37.41	    27.92	32605588	  0.69	服饰	浙江	 2.11	37.17	5002	3770	  1.33	6	22	--  	       7000.00	
="600170"	上海建工	-0.31	6.39	-0.02	6.38	6.39	1450069	319	          0.00	         13.19	6.30	6.46	6.22	6.41	    16.38	917093376	  1.56	建筑施工	上海	 3.74	6.32	689595	760474	  0.91	1917	524	--  	     109966.28	
="000539"	粤电力Ａ	-0.33	6.00	-0.02	6.00	6.01	291219	1184	         -0.33	          1.37	6.03	6.15	5.93	6.02	     7.80	176117200	  1.39	火力发电	广东	 3.65	6.05	147062	144157	  1.02	502	95	--  	     212769.03	
="000528"	柳    工	-0.35	8.49	-0.03	8.48	8.49	464746	2241	         -0.11	          4.13	8.51	8.80	8.35	8.52	    39.93	399107648	  1.48	工程机械	广西	 5.28	8.59	234357	230389	  1.02	159	1120	--  	     112508.84	
="600736"	苏州高新	-0.37	5.34	-0.02	5.34	5.35	411334	237	          0.00	          3.89	5.36	5.46	5.24	5.36	    41.23	219348928	  1.08	园区开发	江苏	 4.10	5.33	204181	207153	  0.99	856	576	--  	     105788.15	
="002220"	天宝股份	-0.48	8.35	-0.04	8.35	8.36	67892	757	          0.00	          1.74	8.39	8.46	8.28	8.39	    22.53	56742892	  0.74	食品	辽宁	 2.15	8.36	41949	25943	  1.62	298	85	--  	      38948.12	
="000605"	渤海股份	-0.53	18.68	-0.10	18.67	18.68	15751	117	          0.10	          1.78	18.77	18.97	18.55	18.78	    92.88	29516800	  1.08	水务	北京	 2.24	18.74	9060	6691	  1.35	7	135	--  	       8842.98	
="600970"	中材国际	-0.56	10.65	-0.06	10.63	10.64	541222	22	          0.09	          4.95	10.65	11.01	10.44	10.71	    17.69	581734720	  1.24	建筑施工	江苏	 5.32	10.75	283285	257937	  1.10	269	13	--  	     109329.72	
="600098"	广州发展	-0.58	6.88	-0.04	6.87	6.88	288336	50	          0.00	          1.18	6.96	7.05	6.78	6.92	    13.95	198944576	  1.04	火力发电	广东	 3.90	6.90	150636	137700	  1.09	1032	2	--  	     243737.45	
="601111"	中国国航	-0.60	4.96	-0.03	4.96	4.97	666143	50	          0.20	          0.80	5.02	5.04	4.88	4.99	    15.42	330518880	  1.18	空运	北京	 3.21	4.96	435008	231135	  1.88	444	2115	--  	     832927.13	
="300289"	利德曼	-0.60	34.70	-0.21	34.70	34.72	16170	113	          0.05	          2.90	35.00	35.29	34.40	34.91	    62.19	56103344	  0.80	生物制药	北京	 2.55	34.69	8161	8009	  1.02	3	97	--  	       5572.68	
="002160"	*ST常铝	-0.62	6.42	-0.04	6.41	6.42	97720	595	          0.31	          3.01	6.46	6.50	6.34	6.46	   109.01	62510784	  1.10	铝	江苏	 2.48	6.40	64744	32976	  1.96	865	524	--  	      32469.63	
="300117"	嘉寓股份	-0.64	7.77	-0.05	7.76	7.77	85372	907	         -0.12	          2.62	7.85	8.15	7.70	7.82	    43.31	67928320	  1.24	装修装饰	北京	 5.75	7.96	43032	42340	  1.02	125	264	--  	      32580.00	
="002588"	史丹利	-0.67	32.77	-0.22	32.76	32.77	15535	134	          0.06	          0.94	32.95	33.28	32.65	32.99	    16.99	51087812	  0.70	农药化肥	山东	 1.91	32.89	9134	6401	  1.43	16	241	--  	      16462.27	
="600728"	佳都科技	-0.70	15.71	-0.11	15.70	15.71	52733	2	          0.06	          1.45	15.82	15.97	15.60	15.82	   505.41	83018856	  1.02	软件服务	广东	 2.34	15.74	32195	20538	  1.57	331	549	--  	      36280.03	
="601007"	金陵饭店	-0.71	12.60	-0.09	12.60	12.61	29021	40	         -0.15	          0.97	12.79	12.79	12.53	12.69	   144.15	36657384	  0.83	酒店餐饮	江苏	 2.05	12.63	15358	13663	  1.12	98	154	--  	      30000.00	
="000672"	上峰水泥	-0.74	8.07	-0.06	8.07	8.08	63485	498	          0.00	          3.01	8.15	8.19	7.96	8.13	    16.33	51037068	  1.13	水泥	甘肃	 2.83	8.04	40876	22609	  1.81	419	278	--  	      21069.01	
="600029"	南方航空	-0.81	3.69	-0.03	3.69	3.70	1078881	22	          0.54	          1.54	3.75	3.81	3.62	3.72	    21.63	399193792	  1.33	空运	广东	 5.11	3.70	528278	550603	  0.96	1370	7335	--  	     702265.00	
="300138"	晨光生物	-0.82	12.10	-0.10	12.09	12.10	24829	133	          0.16	          1.97	12.25	12.28	11.97	12.20	   127.28	30097484	  1.03	食品	河北	 2.54	12.12	15667	9162	  1.71	205	149	--  	      12608.41	
="600764"	中电广通	-0.85	11.68	-0.10	11.67	11.68	109436	2	          0.08	          3.32	11.66	11.74	11.44	11.78	   625.44	126579328	  0.86	通信设备	北京	 2.55	11.57	60705	48731	  1.25	256	89	--  	      32972.69	
="002408"	齐翔腾达	-0.89	17.78	-0.16	17.78	17.79	46260	499	         -0.05	          0.84	17.89	18.00	17.67	17.94	    25.58	82452968	  1.05	化工原料	山东	 1.84	17.82	30334	15926	  1.90	808	34	--  	      54861.69	
="300346"	南大光电	-0.90	38.75	-0.35	38.75	38.76	10574	184	         -0.12	          2.95	39.30	39.50	38.40	39.10	    81.92	41110576	  1.00	半导体	江苏	 2.81	38.88	5830	4744	  1.23	45	234	--  	       3584.05	
="000100"	TCL 集团	-0.91	3.25	-0.03	3.25	3.26	1875563	7044	          0.00	          2.31	3.29	3.30	3.23	3.28	    10.38	611821312	  0.96	家用电器	广东	 2.13	3.26	995176	880387	  1.13	29591	47884	--  	     813618.25	
="600802"	福建水泥	-0.93	8.49	-0.08	8.49	8.50	114909	201	          0.23	          3.01	8.59	8.63	8.42	8.57	--  	97719936	  0.92	水泥	福建	 2.45	8.50	67979	46930	  1.45	99	894	--  	      38187.37	
="000625"	长安汽车	-0.95	14.56	-0.14	14.56	14.57	320936	1260	          0.06	          0.95	14.70	14.78	14.30	14.70	     9.34	465775904	  1.46	汽车整车	重庆	 3.27	14.51	167953	152983	  1.10	804	1569	--  	     338752.00	
="002461"	珠江啤酒	-0.97	16.39	-0.16	16.39	16.40	45890	380	         -0.12	          0.67	16.50	16.66	16.10	16.55	   139.34	74786536	  1.34	啤酒	广东	 3.38	16.30	26650	19240	  1.39	142	50	--  	      68016.17	
="600497"	驰宏锌锗	-1.02	11.63	-0.12	11.63	11.64	503705	87	          0.17	          3.02	11.80	11.95	11.50	11.75	    95.13	589206784	  1.05	铅锌	云南	 3.83	11.70	251199	252506	  0.99	271	423	--  	     166756.09	
="600731"	湖南海利	-1.04	9.47	-0.10	9.47	9.48	57206	20	          0.21	          2.24	9.60	9.64	9.44	9.57	   590.44	54397136	  1.55	农药化肥	湖南	 2.09	9.51	35475	21731	  1.63	68	199	--  	      25557.66	
="601179"	中国西电	-1.08	5.48	-0.06	5.48	5.49	479643	30	          0.18	          1.10	5.55	5.65	5.40	5.54	    32.67	264112896	  1.02	电气设备	陕西	 4.51	5.51	241052	238591	  1.01	101	675	--  	     435700.00	
="600221"	海南航空	-1.16	2.56	-0.03	2.56	2.57	3164117	1459	          0.00	          2.68	2.61	2.62	2.51	2.59	    12.39	809396224	  1.28	空运	海南	 4.25	2.56	1633924	1530193	  1.07	11765	38413	--  	    1181206.38	
="000601"	韶能股份	-1.17	6.76	-0.08	6.75	6.76	188080	1143	          0.29	          1.89	6.86	6.92	6.70	6.84	    20.62	127565160	  0.95	火力发电	广东	 3.22	6.78	110249	77831	  1.42	493	6	--  	      99398.67	
="000898"	鞍钢股份	-1.17	4.21	-0.05	4.21	4.22	620173	3514	          0.00	          1.01	4.27	4.29	4.17	4.26	    24.75	261216928	  1.59	普钢	辽宁	 2.82	4.21	442613	177560	  2.49	16064	6012	--  	     614893.63	
="000088"	盐 田 港	-1.26	8.65	-0.11	8.64	8.65	449704	5924	          0.11	          2.32	8.65	8.79	8.48	8.76	    36.52	387829248	  0.86	港口	深圳	 3.54	8.62	249039	200665	  1.24	2093	709	--  	     194212.78	
="600400"	红豆股份	-1.27	6.20	-0.08	6.19	6.20	126115	2	          0.16	          2.25	6.29	6.33	6.14	6.28	   112.46	78104056	  1.25	服饰	江苏	 3.03	6.19	78789	47326	  1.66	798	1277	--  	      56039.96	
="600875"	东方电气	-1.48	16.61	-0.25	16.62	16.63	302187	72	          0.00	          1.82	16.81	17.13	16.50	16.86	    22.92	503700832	  1.16	电气设备	四川	 3.74	16.67	147490	154697	  0.95	674	619	--  	     166386.00	
="002508"	老板电器	-1.51	33.96	-0.52	33.95	33.96	21144	156	          0.20	          0.68	34.48	34.49	33.61	34.48	    23.56	71840984	  0.99	家用电器	浙江	 2.55	33.98	11773	9371	  1.26	26	84	--  	      31175.00	
="600223"	鲁商置业	-1.60	5.54	-0.09	5.54	5.55	126320	10	         -0.18	          1.26	5.59	5.63	5.52	5.63	    33.58	70334872	  0.31	区域地产	山东	 1.95	5.57	81428	44892	  1.81	956	1176	--  	     100096.79	
="601588"	北辰实业	-1.80	3.81	-0.07	3.80	3.81	933457	159	          0.26	          3.51	3.80	3.84	3.69	3.88	    29.98	351581632	  1.20	区域地产	北京	 3.87	3.77	533831	399626	  1.34	3844	7622	--  	     266000.00	
="002063"	远光软件	-1.87	23.09	-0.44	23.08	23.09	194247	575	         -0.04	          4.96	23.65	24.46	22.68	23.53	    56.17	456410048	  1.64	软件服务	广东	 7.56	23.50	102617	91630	  1.12	12	196	--  	      39144.10	
="600498"	烽火通信	-1.90	16.48	-0.32	16.47	16.49	152126	60	          0.67	          1.57	16.85	16.91	16.23	16.80	    32.76	250835344	  0.77	通信设备	湖北	 4.05	16.49	86554	65572	  1.32	123	36	--  	      96650.10	
="600058"	五矿发展	-1.93	14.72	-0.29	14.71	14.72	250975	10	          0.20	          2.34	14.95	14.99	14.57	15.01	    66.98	370685856	  1.19	商贸代理	北京	 2.80	14.77	131069	119906	  1.09	78	88	--  	     107191.07	
="600196"	复星医药	-1.95	20.58	-0.41	20.59	20.60	463261	48	          0.04	          2.43	21.00	21.05	20.35	20.99	    22.66	954341824	  0.89	化学制药	上海	 3.33	20.60	245588	217673	  1.13	173	128	--  	     190439.23	
="002315"	焦点科技	-2.10	60.50	-1.30	60.45	60.50	33517	378	          0.06	          5.57	61.80	61.80	59.70	61.80	    56.84	203142672	  0.82	互联网	江苏	 3.40	60.61	20762	12755	  1.63	1	20	--  	       6021.45	
="600676"	交运股份	-2.20	8.89	-0.20	8.88	8.89	241490	1	          0.11	          3.09	9.09	9.09	8.68	9.09	    24.10	213731872	  1.29	汽车配件	上海	 4.51	8.85	132352	109138	  1.21	493	6	--  	      78214.10	
="002449"	国星光电	-2.40	12.62	-0.31	12.62	12.63	121405	767	          0.15	          4.13	12.95	12.97	12.40	12.93	    40.52	153692976	  1.42	半导体	广东	 4.41	12.66	80679	40726	  1.98	266	143	--  	      29364.30	
="002572"	索菲亚	-2.40	22.74	-0.56	22.73	22.74	20311	85	          0.04	          0.81	23.19	23.25	22.65	23.30	    37.97	46557440	  1.36	家居用品	广东	 2.58	22.92	12669	7642	  1.66	21	401	--  	      25138.69	
="600834"	申通地铁	-2.44	10.78	-0.27	10.80	10.82	103751	29	         -0.27	          2.17	10.99	10.99	10.68	11.05	    46.37	111754336	  1.56	公共交通	上海	 2.81	10.77	60138	43613	  1.38	44	185	--  	      47738.19	
="000545"	金浦钛业	-2.66	14.65	-0.40	14.64	14.65	93633	939	         -0.20	          5.99	15.01	15.14	14.30	15.05	   121.81	137366624	  1.34	化工原料	吉林	 5.58	14.67	51637	41996	  1.23	3	677	--  	      15637.36	
="002011"	盾安环境	-3.54	10.64	-0.39	10.64	10.65	627629	5634	          0.00	          7.49	10.94	11.07	10.60	11.03	    58.83	675203392	  1.31	工程机械	浙江	 4.26	10.76	362389	265240	  1.37	3871	853	--  	      83800.65	
="601137"	博威合金	-4.84	22.61	-1.15	22.62	22.63	69661	23	         -0.08	          3.24	23.59	23.59	22.51	23.76	    71.85	158310848	  0.83	铜	浙江	 4.55	22.73	39675	29986	  1.32	150	362	--  	      21500.00	
数据来源:通达信
